0.000000000000000000e+00,-2.573399999999999993e-03,-1.550189999999999901e-02
6.400000000000000399e-08,-2.573399999999999993e-03,-7.750940000000000434e-03
1.280000000000000080e-07,-7.720219999999999860e-03,-1.808554000000000064e-02
1.920000000000000252e-07,-7.720219999999999860e-03,-1.291824000000000097e-02
2.560000000000000159e-07,-7.720219999999999860e-03,-7.750940000000000434e-03
3.200000000000000067e-07,-2.573399999999999993e-03,-1.033459999999999934e-02
3.840000000000000504e-07,-1.286701999999999985e-02,-1.033459999999999934e-02
4.480000000000000411e-07,-1.029361999999999985e-02,-1.291824000000000097e-02
5.120000000000000319e-07,-1.029361999999999985e-02,-7.750940000000000434e-03
5.760000000000000756e-07,-5.146819999999999867e-03,-1.808554000000000064e-02
6.400000000000000134e-07,-7.720219999999999860e-03,-1.550189999999999901e-02
7.040000000000000571e-07,0.000000000000000000e+00,-1.808554000000000064e-02
7.680000000000001008e-07,5.146819999999999867e-03,-1.033459999999999934e-02
8.320000000000000386e-07,-5.146819999999999867e-03,-1.808554000000000064e-02
8.960000000000000823e-07,-2.573399999999999993e-03,-1.550189999999999901e-02
9.600000000000001260e-07,-5.146819999999999867e-03,-1.550189999999999901e-02
1.024000000000000064e-06,-7.720219999999999860e-03,-1.550189999999999901e-02
1.088000000000000002e-06,-7.720219999999999860e-03,-1.808554000000000064e-02
1.152000000000000151e-06,0.000000000000000000e+00,-1.291824000000000097e-02
1.216000000000000089e-06,0.000000000000000000e+00,-1.808554000000000064e-02
1.280000000000000027e-06,-5.146819999999999867e-03,-1.550189999999999901e-02
1.344000000000000176e-06,-1.029361999999999985e-02,-1.550189999999999901e-02
1.408000000000000114e-06,-7.720219999999999860e-03,-7.750940000000000434e-03
1.472000000000000052e-06,-1.029361999999999985e-02,-2.066919999999999868e-02
1.536000000000000202e-06,-1.544043999999999972e-02,-1.550189999999999901e-02
1.600000000000000139e-06,-1.029361999999999985e-02,-1.033459999999999934e-02
1.664000000000000077e-06,-5.146819999999999867e-03,-1.033459999999999934e-02
1.728000000000000015e-06,-1.286701999999999985e-02,-7.750940000000000434e-03
1.792000000000000165e-06,-7.720219999999999860e-03,-1.291824000000000097e-02
1.856000000000000102e-06,0.000000000000000000e+00,-1.033459999999999934e-02
1.920000000000000252e-06,-1.286701999999999985e-02,-1.291824000000000097e-02
1.983999999999999978e-06,-2.573399999999999993e-03,-7.750940000000000434e-03
2.048000000000000128e-06,-5.146819999999999867e-03,-5.167299999999999671e-03
2.112000000000000277e-06,-7.720219999999999860e-03,-1.033459999999999934e-02
2.176000000000000003e-06,-7.720219999999999860e-03,-1.291824000000000097e-02
2.240000000000000153e-06,-5.146819999999999867e-03,-1.550189999999999901e-02
2.304000000000000302e-06,-5.146819999999999867e-03,-1.550189999999999901e-02
2.368000000000000028e-06,-7.720219999999999860e-03,-5.167299999999999671e-03
2.432000000000000178e-06,-2.573399999999999993e-03,-1.550189999999999901e-02
2.496000000000000328e-06,-2.573399999999999993e-03,-1.033459999999999934e-02
2.560000000000000054e-06,-5.146819999999999867e-03,-1.550189999999999901e-02
2.624000000000000203e-06,-1.029361999999999985e-02,-7.750940000000000434e-03
2.688000000000000353e-06,-1.029361999999999985e-02,-1.808554000000000064e-02
2.752000000000000079e-06,-7.720219999999999860e-03,-1.808554000000000064e-02
2.816000000000000228e-06,-7.720219999999999860e-03,-1.291824000000000097e-02
2.880000000000000378e-06,-1.029361999999999985e-02,-1.291824000000000097e-02
2.944000000000000104e-06,-5.146819999999999867e-03,-7.750940000000000434e-03
3.008000000000000254e-06,-7.720219999999999860e-03,-7.750940000000000434e-03
3.072000000000000403e-06,-1.286701999999999985e-02,-1.291824000000000097e-02
3.136000000000000129e-06,-2.573399999999999993e-03,-2.583640000000000329e-03
3.200000000000000279e-06,-1.029361999999999985e-02,-7.750940000000000434e-03
3.264000000000000005e-06,-2.058719999999999994e-02,-7.750940000000000434e-03
3.328000000000000154e-06,-1.029361999999999985e-02,-7.750940000000000434e-03
3.392000000000000304e-06,-1.286701999999999985e-02,-1.033459999999999934e-02
3.456000000000000030e-06,-1.286701999999999985e-02,-1.291824000000000097e-02
3.520000000000000180e-06,-7.720219999999999860e-03,-1.033459999999999934e-02
3.584000000000000329e-06,-5.146819999999999867e-03,-1.808554000000000064e-02
3.648000000000000055e-06,-2.573399999999999993e-03,-2.583640000000000329e-03
3.712000000000000205e-06,-1.029361999999999985e-02,-1.033459999999999934e-02
3.776000000000000354e-06,-7.720219999999999860e-03,-1.033459999999999934e-02
3.840000000000000504e-06,-5.146819999999999867e-03,-5.167299999999999671e-03
3.904000000000000230e-06,-7.720219999999999860e-03,-1.291824000000000097e-02
3.967999999999999956e-06,-1.029361999999999985e-02,-1.291824000000000097e-02
4.032000000000000529e-06,-1.029361999999999985e-02,-7.750940000000000434e-03
4.096000000000000255e-06,-7.720219999999999860e-03,-1.808554000000000064e-02
4.159999999999999981e-06,-1.029361999999999985e-02,-1.033459999999999934e-02
4.224000000000000554e-06,-7.720219999999999860e-03,-5.167299999999999671e-03
4.288000000000000280e-06,-2.573399999999999993e-03,-1.291824000000000097e-02
4.352000000000000006e-06,-5.146819999999999867e-03,-2.583640000000000329e-03
4.416000000000000579e-06,-7.720219999999999860e-03,-7.750940000000000434e-03
4.480000000000000305e-06,-1.544043999999999972e-02,-1.291824000000000097e-02
4.544000000000000032e-06,-7.720219999999999860e-03,-1.550189999999999901e-02
4.608000000000000605e-06,-1.801383999999999971e-02,-1.033459999999999934e-02
4.672000000000000331e-06,-1.801383999999999971e-02,-7.750940000000000434e-03
4.736000000000000057e-06,-1.801383999999999971e-02,-1.550189999999999901e-02
4.800000000000000630e-06,-1.801383999999999971e-02,-7.750940000000000434e-03
4.864000000000000356e-06,-1.286701999999999985e-02,-1.550189999999999901e-02
4.928000000000000082e-06,-1.544043999999999972e-02,-1.291824000000000097e-02
4.992000000000000655e-06,-1.286701999999999985e-02,-7.750940000000000434e-03
5.056000000000000381e-06,-1.029361999999999985e-02,-1.808554000000000064e-02
5.120000000000000107e-06,-1.029361999999999985e-02,-2.066919999999999868e-02
5.184000000000000680e-06,-1.286701999999999985e-02,-7.750940000000000434e-03
5.248000000000000406e-06,-1.801383999999999971e-02,-1.550189999999999901e-02
5.312000000000000132e-06,-7.720219999999999860e-03,-2.583640000000000329e-03
5.376000000000000705e-06,-1.286701999999999985e-02,-1.291824000000000097e-02
5.440000000000000431e-06,-1.801383999999999971e-02,-1.808554000000000064e-02
5.504000000000000158e-06,-1.029361999999999985e-02,-5.167299999999999671e-03
5.568000000000000731e-06,-1.029361999999999985e-02,-7.750940000000000434e-03
5.632000000000000457e-06,-1.544043999999999972e-02,-1.291824000000000097e-02
5.696000000000000183e-06,-1.286701999999999985e-02,-7.750940000000000434e-03
5.760000000000000756e-06,-1.029361999999999985e-02,-1.033459999999999934e-02
5.824000000000000482e-06,-2.316059999999999994e-02,-2.583640000000000329e-03
5.888000000000000208e-06,-1.029361999999999985e-02,-1.291824000000000097e-02
5.952000000000000781e-06,-1.544043999999999972e-02,-1.033459999999999934e-02
6.016000000000000507e-06,-1.286701999999999985e-02,-1.808554000000000064e-02
6.080000000000000233e-06,-1.029361999999999985e-02,-1.033459999999999934e-02
6.144000000000000806e-06,-1.286701999999999985e-02,-1.550189999999999901e-02
6.208000000000000532e-06,-1.029361999999999985e-02,-1.033459999999999934e-02
6.272000000000000258e-06,-7.720219999999999860e-03,-7.750940000000000434e-03
6.335999999999999984e-06,-1.029361999999999985e-02,-1.033459999999999934e-02
6.400000000000000557e-06,-2.058719999999999994e-02,-1.033459999999999934e-02
6.464000000000000283e-06,-1.286701999999999985e-02,-1.291824000000000097e-02
6.528000000000000010e-06,-1.286701999999999985e-02,-1.291824000000000097e-02
6.592000000000000583e-06,-1.801383999999999971e-02,-1.033459999999999934e-02
6.656000000000000309e-06,-1.029361999999999985e-02,-1.033459999999999934e-02
6.720000000000000035e-06,-1.801383999999999971e-02,-5.167299999999999671e-03
6.784000000000000608e-06,-1.286701999999999985e-02,-7.750940000000000434e-03
6.848000000000000334e-06,-7.720219999999999860e-03,-1.550189999999999901e-02
6.912000000000000060e-06,-1.544043999999999972e-02,-5.167299999999999671e-03
6.976000000000000633e-06,-2.058719999999999994e-02,-1.550189999999999901e-02
7.040000000000000359e-06,-2.316059999999999994e-02,-7.750940000000000434e-03
7.104000000000000085e-06,-1.286701999999999985e-02,-5.167299999999999671e-03
7.168000000000000658e-06,-1.544043999999999972e-02,-1.291824000000000097e-02
7.232000000000000384e-06,-1.544043999999999972e-02,-1.033459999999999934e-02
7.296000000000000110e-06,-1.029361999999999985e-02,-1.033459999999999934e-02
7.360000000000000683e-06,-7.720219999999999860e-03,-1.291824000000000097e-02
7.424000000000000409e-06,-1.801383999999999971e-02,-1.550189999999999901e-02
7.488000000000000135e-06,-7.720219999999999860e-03,-7.750940000000000434e-03
7.552000000000000709e-06,-2.316059999999999994e-02,-5.167299999999999671e-03
7.616000000000000435e-06,-1.801383999999999971e-02,-1.550189999999999901e-02
7.680000000000001008e-06,-7.720219999999999860e-03,-1.550189999999999901e-02
7.744000000000000734e-06,-1.544043999999999972e-02,-1.291824000000000097e-02
7.808000000000000460e-06,-1.801383999999999971e-02,-5.167299999999999671e-03
7.872000000000000186e-06,-1.286701999999999985e-02,-1.033459999999999934e-02
7.935999999999999912e-06,-1.801383999999999971e-02,-1.291824000000000097e-02
8.000000000000001332e-06,-1.801383999999999971e-02,-1.033459999999999934e-02
8.064000000000001058e-06,-1.544043999999999972e-02,-2.583640000000000329e-03
8.128000000000000784e-06,-2.058719999999999994e-02,-7.750940000000000434e-03
8.192000000000000510e-06,-7.720219999999999860e-03,-5.167299999999999671e-03
8.256000000000000236e-06,-1.801383999999999971e-02,-1.033459999999999934e-02
8.319999999999999962e-06,-2.058719999999999994e-02,-7.750940000000000434e-03
8.383999999999999688e-06,-1.286701999999999985e-02,-1.808554000000000064e-02
8.448000000000001108e-06,-1.801383999999999971e-02,-1.291824000000000097e-02
8.512000000000000835e-06,-2.316059999999999994e-02,-7.750940000000000434e-03
8.576000000000000561e-06,-1.544043999999999972e-02,-5.167299999999999671e-03
8.640000000000000287e-06,-2.058719999999999994e-02,-7.750940000000000434e-03
8.704000000000000013e-06,-1.801383999999999971e-02,-1.550189999999999901e-02
8.767999999999999739e-06,-2.573399999999999993e-03,-7.750940000000000434e-03
8.832000000000001159e-06,-1.544043999999999972e-02,-1.033459999999999934e-02
8.896000000000000885e-06,-1.029361999999999985e-02,-1.033459999999999934e-02
8.960000000000000611e-06,-1.029361999999999985e-02,-1.550189999999999901e-02
9.024000000000000337e-06,-1.029361999999999985e-02,-1.291824000000000097e-02
9.088000000000000063e-06,-2.316059999999999994e-02,-1.550189999999999901e-02
9.151999999999999789e-06,-1.286701999999999985e-02,-1.033459999999999934e-02
9.216000000000001209e-06,-1.544043999999999972e-02,-1.033459999999999934e-02
9.280000000000000935e-06,-2.316059999999999994e-02,-1.291824000000000097e-02
9.344000000000000661e-06,-1.801383999999999971e-02,-1.550189999999999901e-02
9.408000000000000387e-06,-1.801383999999999971e-02,-7.750940000000000434e-03
9.472000000000000113e-06,-1.029361999999999985e-02,0.000000000000000000e+00
9.535999999999999840e-06,-1.801383999999999971e-02,-1.550189999999999901e-02
9.600000000000001260e-06,-2.573399999999999993e-02,-1.033459999999999934e-02
9.664000000000000986e-06,-2.058719999999999994e-02,-7.750940000000000434e-03
9.728000000000000712e-06,-2.058719999999999994e-02,-7.750940000000000434e-03
9.792000000000000438e-06,-1.544043999999999972e-02,-1.291824000000000097e-02
9.856000000000000164e-06,-1.029361999999999985e-02,-2.583639999999999895e-02
9.919999999999999890e-06,-1.029361999999999985e-02,-1.291824000000000097e-02
9.984000000000001310e-06,-1.801383999999999971e-02,-7.750940000000000434e-03
1.004800000000000104e-05,-7.720219999999999860e-03,-1.550189999999999901e-02
1.011200000000000076e-05,-1.286701999999999985e-02,-2.066919999999999868e-02
1.017600000000000049e-05,-1.286701999999999985e-02,-1.033459999999999934e-02
1.024000000000000021e-05,-1.544043999999999972e-02,-1.550189999999999901e-02
1.030399999999999994e-05,-1.544043999999999972e-02,-1.291824000000000097e-02
1.036800000000000136e-05,-7.720219999999999860e-03,-1.808554000000000064e-02
1.043200000000000109e-05,-1.544043999999999972e-02,-1.550189999999999901e-02
1.049600000000000081e-05,-1.544043999999999972e-02,-1.291824000000000097e-02
1.056000000000000054e-05,-1.029361999999999985e-02,-1.291824000000000097e-02
1.062400000000000026e-05,-2.058719999999999994e-02,-1.291824000000000097e-02
1.068799999999999999e-05,-1.544043999999999972e-02,-1.808554000000000064e-02
1.075200000000000141e-05,-2.058719999999999994e-02,-2.066919999999999868e-02
1.081600000000000114e-05,-2.316059999999999994e-02,-1.291824000000000097e-02
1.088000000000000086e-05,-1.801383999999999971e-02,-1.291824000000000097e-02
1.094400000000000059e-05,-7.720219999999999860e-03,-1.033459999999999934e-02
1.100800000000000032e-05,-1.801383999999999971e-02,-1.550189999999999901e-02
1.107200000000000004e-05,-1.801383999999999971e-02,-1.291824000000000097e-02
1.113600000000000146e-05,-1.286701999999999985e-02,-1.033459999999999934e-02
1.120000000000000119e-05,-1.544043999999999972e-02,-1.808554000000000064e-02
1.126400000000000091e-05,-2.058719999999999994e-02,-1.550189999999999901e-02
1.132800000000000064e-05,-1.801383999999999971e-02,-2.066919999999999868e-02
1.139200000000000037e-05,-2.316059999999999994e-02,-1.033459999999999934e-02
1.145600000000000009e-05,-1.029361999999999985e-02,-1.808554000000000064e-02
1.152000000000000151e-05,-1.801383999999999971e-02,-1.550189999999999901e-02
1.158400000000000124e-05,-1.544043999999999972e-02,-1.291824000000000097e-02
1.164800000000000096e-05,-1.544043999999999972e-02,-1.291824000000000097e-02
1.171200000000000069e-05,-2.058719999999999994e-02,-1.291824000000000097e-02
1.177600000000000042e-05,-1.801383999999999971e-02,-1.291824000000000097e-02
1.184000000000000014e-05,-2.830739999999999992e-02,-1.550189999999999901e-02
1.190400000000000156e-05,-1.801383999999999971e-02,-1.550189999999999901e-02
1.196800000000000129e-05,-1.286701999999999985e-02,-1.550189999999999901e-02
1.203200000000000101e-05,-1.286701999999999985e-02,-7.750940000000000434e-03
1.209600000000000074e-05,-7.720219999999999860e-03,-1.550189999999999901e-02
1.216000000000000047e-05,-1.544043999999999972e-02,-1.550189999999999901e-02
1.222400000000000019e-05,-1.286701999999999985e-02,-1.291824000000000097e-02
1.228800000000000161e-05,-1.544043999999999972e-02,-1.033459999999999934e-02
1.235200000000000134e-05,-2.316059999999999994e-02,-1.550189999999999901e-02
1.241600000000000106e-05,-1.286701999999999985e-02,-1.291824000000000097e-02
1.248000000000000079e-05,-1.544043999999999972e-02,-1.291824000000000097e-02
1.254400000000000052e-05,-7.720219999999999860e-03,-1.033459999999999934e-02
1.260800000000000024e-05,-2.058719999999999994e-02,-1.291824000000000097e-02
1.267199999999999997e-05,-1.286701999999999985e-02,-1.033459999999999934e-02
1.273600000000000139e-05,-1.801383999999999971e-02,-1.808554000000000064e-02
1.280000000000000111e-05,-1.801383999999999971e-02,-2.325279999999999708e-02
1.286400000000000084e-05,-1.801383999999999971e-02,-2.325279999999999708e-02
1.292800000000000057e-05,-1.286701999999999985e-02,-7.750940000000000434e-03
1.299200000000000029e-05,-1.544043999999999972e-02,-7.750940000000000434e-03
1.305600000000000002e-05,-1.544043999999999972e-02,-1.550189999999999901e-02
1.312000000000000144e-05,-1.029361999999999985e-02,-1.550189999999999901e-02
1.318400000000000117e-05,-1.801383999999999971e-02,-1.550189999999999901e-02
1.324800000000000089e-05,-1.801383999999999971e-02,-1.550189999999999901e-02
1.331200000000000062e-05,-2.058719999999999994e-02,-1.550189999999999901e-02
1.337600000000000034e-05,-1.801383999999999971e-02,-1.033459999999999934e-02
1.344000000000000007e-05,-1.801383999999999971e-02,-1.291824000000000097e-02
1.350400000000000149e-05,-1.286701999999999985e-02,-5.167299999999999671e-03
1.356800000000000122e-05,-1.029361999999999985e-02,-1.291824000000000097e-02
1.363200000000000094e-05,-1.029361999999999985e-02,-2.066919999999999868e-02
1.369600000000000067e-05,-1.286701999999999985e-02,-1.291824000000000097e-02
1.376000000000000039e-05,-1.544043999999999972e-02,-1.033459999999999934e-02
1.382400000000000012e-05,-1.801383999999999971e-02,-7.750940000000000434e-03
1.388800000000000154e-05,-1.544043999999999972e-02,-1.033459999999999934e-02
1.395200000000000127e-05,-2.058719999999999994e-02,-7.750940000000000434e-03
1.401600000000000099e-05,-1.544043999999999972e-02,-2.325279999999999708e-02
1.408000000000000072e-05,-2.058719999999999994e-02,-1.550189999999999901e-02
1.414400000000000044e-05,-1.801383999999999971e-02,-1.808554000000000064e-02
1.420800000000000017e-05,-1.029361999999999985e-02,-5.167299999999999671e-03
1.427200000000000159e-05,-5.146819999999999867e-03,-1.291824000000000097e-02
1.433600000000000132e-05,-1.286701999999999985e-02,-1.808554000000000064e-02
1.440000000000000104e-05,-1.286701999999999985e-02,-1.550189999999999901e-02
1.446400000000000077e-05,-1.544043999999999972e-02,-1.550189999999999901e-02
1.452800000000000049e-05,-1.801383999999999971e-02,-1.033459999999999934e-02
1.459200000000000022e-05,-1.286701999999999985e-02,-7.750940000000000434e-03
1.465600000000000164e-05,-1.286701999999999985e-02,-2.066919999999999868e-02
1.472000000000000137e-05,-1.286701999999999985e-02,-1.808554000000000064e-02
1.478400000000000109e-05,-1.544043999999999972e-02,-1.550189999999999901e-02
1.484800000000000082e-05,-1.801383999999999971e-02,-1.550189999999999901e-02
1.491200000000000054e-05,-1.286701999999999985e-02,-1.808554000000000064e-02
1.497600000000000027e-05,-2.058719999999999994e-02,-1.808554000000000064e-02
1.504000000000000169e-05,-1.286701999999999985e-02,-1.550189999999999901e-02
1.510400000000000142e-05,-1.801383999999999971e-02,-1.033459999999999934e-02
1.516800000000000114e-05,-1.801383999999999971e-02,-1.033459999999999934e-02
1.523200000000000087e-05,-1.801383999999999971e-02,-1.291824000000000097e-02
1.529600000000000060e-05,-1.029361999999999985e-02,-1.808554000000000064e-02
1.536000000000000202e-05,-5.146819999999999867e-03,-1.808554000000000064e-02
1.542400000000000005e-05,-1.544043999999999972e-02,-7.750940000000000434e-03
1.548800000000000147e-05,-1.801383999999999971e-02,-1.550189999999999901e-02
1.555199999999999950e-05,-2.058719999999999994e-02,-7.750940000000000434e-03
1.561600000000000092e-05,-2.316059999999999994e-02,-2.066919999999999868e-02
1.568000000000000234e-05,-1.286701999999999985e-02,-1.291824000000000097e-02
1.574400000000000037e-05,-1.286701999999999985e-02,-1.033459999999999934e-02
1.580800000000000179e-05,-7.720219999999999860e-03,-1.291824000000000097e-02
1.587199999999999982e-05,-5.146819999999999867e-03,-1.550189999999999901e-02
1.593600000000000124e-05,-1.029361999999999985e-02,-2.066919999999999868e-02
1.600000000000000266e-05,-1.286701999999999985e-02,-1.550189999999999901e-02
1.606400000000000070e-05,-1.544043999999999972e-02,-1.808554000000000064e-02
1.612800000000000212e-05,-1.801383999999999971e-02,-1.033459999999999934e-02
1.619200000000000015e-05,-5.146819999999999867e-03,-1.550189999999999901e-02
1.625600000000000157e-05,-1.029361999999999985e-02,-7.750940000000000434e-03
1.631999999999999960e-05,-1.286701999999999985e-02,-2.066919999999999868e-02
1.638400000000000102e-05,0.000000000000000000e+00,-1.550189999999999901e-02
1.644800000000000244e-05,-2.573399999999999993e-03,-1.808554000000000064e-02
1.651200000000000047e-05,-7.720219999999999860e-03,-1.033459999999999934e-02
1.657600000000000189e-05,-7.720219999999999860e-03,-1.291824000000000097e-02
1.663999999999999992e-05,-2.573399999999999993e-03,-1.033459999999999934e-02
1.670400000000000134e-05,-1.544043999999999972e-02,-1.033459999999999934e-02
1.676799999999999938e-05,-1.286701999999999985e-02,-1.550189999999999901e-02
1.683200000000000080e-05,-1.286701999999999985e-02,-1.808554000000000064e-02
1.689600000000000222e-05,-1.029361999999999985e-02,-1.291824000000000097e-02
1.696000000000000025e-05,-2.573399999999999993e-03,-2.066919999999999868e-02
1.702400000000000167e-05,-1.286701999999999985e-02,-2.325279999999999708e-02
1.708799999999999970e-05,-1.286701999999999985e-02,-1.550189999999999901e-02
1.715200000000000112e-05,-5.146819999999999867e-03,-1.550189999999999901e-02
1.721600000000000254e-05,-2.573399999999999993e-03,-1.808554000000000064e-02
1.728000000000000057e-05,-7.720219999999999860e-03,-1.033459999999999934e-02
1.734400000000000199e-05,-2.573399999999999993e-03,-1.808554000000000064e-02
1.740800000000000003e-05,-2.573399999999999993e-03,-1.808554000000000064e-02
1.747200000000000145e-05,-5.146819999999999867e-03,-1.033459999999999934e-02
1.753599999999999948e-05,-7.720219999999999860e-03,-1.550189999999999901e-02
1.760000000000000090e-05,-1.029361999999999985e-02,-1.808554000000000064e-02
1.766400000000000232e-05,-1.029361999999999985e-02,-1.291824000000000097e-02
1.772800000000000035e-05,-1.286701999999999985e-02,-1.550189999999999901e-02
1.779200000000000177e-05,-1.286701999999999985e-02,-1.291824000000000097e-02
1.785599999999999980e-05,-2.573399999999999993e-03,-1.550189999999999901e-02
1.792000000000000122e-05,-5.146819999999999867e-03,-1.291824000000000097e-02
1.798400000000000264e-05,-7.720219999999999860e-03,-1.808554000000000064e-02
1.804800000000000067e-05,-7.720219999999999860e-03,-1.808554000000000064e-02
1.811200000000000209e-05,-1.029361999999999985e-02,-1.808554000000000064e-02
1.817600000000000013e-05,-2.573399999999999993e-03,-1.550189999999999901e-02
1.824000000000000155e-05,-1.286701999999999985e-02,-1.291824000000000097e-02
1.830399999999999958e-05,-7.720219999999999860e-03,-1.291824000000000097e-02
1.836800000000000100e-05,-7.720219999999999860e-03,-1.033459999999999934e-02
1.843200000000000242e-05,-1.029361999999999985e-02,-1.808554000000000064e-02
1.849600000000000045e-05,-2.573399999999999993e-03,-1.808554000000000064e-02
1.856000000000000187e-05,-1.029361999999999985e-02,-1.550189999999999901e-02
1.862399999999999990e-05,-1.286701999999999985e-02,-2.066919999999999868e-02
1.868800000000000132e-05,-1.544043999999999972e-02,-7.750940000000000434e-03
1.875200000000000274e-05,-1.286701999999999985e-02,-1.291824000000000097e-02
1.881600000000000077e-05,-5.146819999999999867e-03,-1.033459999999999934e-02
1.888000000000000219e-05,-7.720219999999999860e-03,-1.550189999999999901e-02
1.894400000000000023e-05,-7.720219999999999860e-03,-1.550189999999999901e-02
1.900800000000000165e-05,-1.286701999999999985e-02,-1.808554000000000064e-02
1.907199999999999968e-05,-1.029361999999999985e-02,-1.291824000000000097e-02
1.913600000000000110e-05,-1.801383999999999971e-02,-7.750940000000000434e-03
1.920000000000000252e-05,-1.544043999999999972e-02,-1.033459999999999934e-02
1.926400000000000055e-05,-1.286701999999999985e-02,-1.291824000000000097e-02
1.932800000000000197e-05,-7.720219999999999860e-03,-1.033459999999999934e-02
1.939200000000000000e-05,-7.720219999999999860e-03,-1.550189999999999901e-02
1.945600000000000142e-05,-1.029361999999999985e-02,-1.291824000000000097e-02
1.952000000000000284e-05,-1.286701999999999985e-02,-1.808554000000000064e-02
1.958400000000000088e-05,-7.720219999999999860e-03,-1.291824000000000097e-02
1.964800000000000230e-05,0.000000000000000000e+00,-7.750940000000000434e-03
1.971200000000000033e-05,-1.029361999999999985e-02,-1.291824000000000097e-02
1.977600000000000175e-05,-7.720219999999999860e-03,-1.033459999999999934e-02
1.983999999999999978e-05,-1.544043999999999972e-02,-1.033459999999999934e-02
1.990400000000000120e-05,-2.058719999999999994e-02,-1.033459999999999934e-02
1.996800000000000262e-05,-1.544043999999999972e-02,-1.291824000000000097e-02
2.003200000000000065e-05,-1.286701999999999985e-02,-5.167299999999999671e-03
2.009600000000000207e-05,-7.720219999999999860e-03,-2.066919999999999868e-02
2.016000000000000010e-05,-7.720219999999999860e-03,-7.750940000000000434e-03
2.022400000000000152e-05,0.000000000000000000e+00,-1.033459999999999934e-02
2.028800000000000294e-05,-7.720219999999999860e-03,-1.550189999999999901e-02
2.035200000000000098e-05,-7.720219999999999860e-03,-1.291824000000000097e-02
2.041600000000000240e-05,-1.029361999999999985e-02,-7.750940000000000434e-03
2.048000000000000043e-05,-5.146819999999999867e-03,-7.750940000000000434e-03
2.054400000000000185e-05,-1.029361999999999985e-02,-2.325279999999999708e-02
2.060799999999999988e-05,-1.029361999999999985e-02,-1.291824000000000097e-02
2.067200000000000130e-05,-1.286701999999999985e-02,-1.033459999999999934e-02
2.073600000000000272e-05,-5.146819999999999867e-03,-7.750940000000000434e-03
2.080000000000000075e-05,-5.146819999999999867e-03,-1.291824000000000097e-02
2.086400000000000217e-05,-5.146819999999999867e-03,-7.750940000000000434e-03
2.092800000000000020e-05,-7.720219999999999860e-03,-1.291824000000000097e-02
2.099200000000000163e-05,-1.286701999999999985e-02,-1.291824000000000097e-02
2.105599999999999966e-05,-7.720219999999999860e-03,-7.750940000000000434e-03
2.112000000000000108e-05,-1.029361999999999985e-02,-7.750940000000000434e-03
2.118400000000000250e-05,-1.029361999999999985e-02,-1.033459999999999934e-02
2.124800000000000053e-05,-7.720219999999999860e-03,-1.033459999999999934e-02
2.131200000000000195e-05,-7.720219999999999860e-03,-1.033459999999999934e-02
2.137599999999999998e-05,-1.286701999999999985e-02,-1.033459999999999934e-02
2.144000000000000140e-05,-7.720219999999999860e-03,-5.167299999999999671e-03
2.150400000000000282e-05,-1.801383999999999971e-02,-2.325279999999999708e-02
2.156800000000000085e-05,-7.720219999999999860e-03,-1.033459999999999934e-02
2.163200000000000227e-05,-1.544043999999999972e-02,-1.291824000000000097e-02
2.169600000000000031e-05,-2.573399999999999993e-03,-1.033459999999999934e-02
2.176000000000000173e-05,-1.029361999999999985e-02,-1.550189999999999901e-02
2.182399999999999976e-05,-2.573399999999999993e-03,-5.167299999999999671e-03
2.188800000000000118e-05,-7.720219999999999860e-03,-7.750940000000000434e-03
2.195200000000000260e-05,-7.720219999999999860e-03,-7.750940000000000434e-03
2.201600000000000063e-05,-7.720219999999999860e-03,-5.167299999999999671e-03
2.208000000000000205e-05,-1.029361999999999985e-02,-7.750940000000000434e-03
2.214400000000000008e-05,-7.720219999999999860e-03,0.000000000000000000e+00
2.220800000000000150e-05,-1.801383999999999971e-02,-1.033459999999999934e-02
2.227200000000000292e-05,-1.029361999999999985e-02,-1.808554000000000064e-02
2.233600000000000095e-05,-1.029361999999999985e-02,-1.033459999999999934e-02
2.240000000000000237e-05,-1.029361999999999985e-02,-1.291824000000000097e-02
2.246400000000000041e-05,-1.286701999999999985e-02,-1.550189999999999901e-02
2.252800000000000183e-05,-5.146819999999999867e-03,-7.750940000000000434e-03
2.259199999999999986e-05,-1.029361999999999985e-02,-7.750940000000000434e-03
2.265600000000000128e-05,-1.029361999999999985e-02,-7.750940000000000434e-03
2.272000000000000270e-05,-1.286701999999999985e-02,-1.291824000000000097e-02
2.278400000000000073e-05,-1.544043999999999972e-02,-1.808554000000000064e-02
2.284800000000000215e-05,-2.058719999999999994e-02,-7.750940000000000434e-03
2.291200000000000018e-05,-1.544043999999999972e-02,-7.750940000000000434e-03
2.297600000000000160e-05,-1.544043999999999972e-02,-1.291824000000000097e-02
2.304000000000000302e-05,-1.801383999999999971e-02,-1.033459999999999934e-02
2.310400000000000106e-05,-1.801383999999999971e-02,-1.550189999999999901e-02
2.316800000000000248e-05,-1.029361999999999985e-02,-5.167299999999999671e-03
2.323200000000000051e-05,-1.286701999999999985e-02,-1.033459999999999934e-02
2.329600000000000193e-05,-1.801383999999999971e-02,-1.291824000000000097e-02
2.335999999999999996e-05,-2.316059999999999994e-02,-1.033459999999999934e-02
2.342400000000000138e-05,-1.286701999999999985e-02,-1.033459999999999934e-02
2.348800000000000280e-05,-2.058719999999999994e-02,-7.750940000000000434e-03
2.355200000000000083e-05,-1.286701999999999985e-02,-2.583640000000000329e-03
2.361600000000000225e-05,-1.801383999999999971e-02,-1.291824000000000097e-02
2.368000000000000028e-05,-2.058719999999999994e-02,-2.325279999999999708e-02
2.374400000000000170e-05,-1.544043999999999972e-02,-2.583640000000000329e-03
2.380800000000000312e-05,-1.029361999999999985e-02,-1.033459999999999934e-02
2.387200000000000116e-05,-1.544043999999999972e-02,-5.167299999999999671e-03
2.393600000000000258e-05,-1.029361999999999985e-02,-5.167299999999999671e-03
2.400000000000000061e-05,-7.720219999999999860e-03,-7.750940000000000434e-03
2.406400000000000203e-05,-1.286701999999999985e-02,-7.750940000000000434e-03
2.412800000000000006e-05,-1.544043999999999972e-02,-2.066919999999999868e-02
2.419200000000000148e-05,-2.058719999999999994e-02,-7.750940000000000434e-03
2.425600000000000290e-05,-1.286701999999999985e-02,-1.808554000000000064e-02
2.432000000000000093e-05,-1.286701999999999985e-02,-1.291824000000000097e-02
2.438400000000000235e-05,-1.286701999999999985e-02,-1.550189999999999901e-02
2.444800000000000038e-05,-1.544043999999999972e-02,-7.750940000000000434e-03
2.451200000000000180e-05,-1.029361999999999985e-02,-5.167299999999999671e-03
2.457600000000000322e-05,-2.058719999999999994e-02,-1.550189999999999901e-02
2.464000000000000126e-05,-1.544043999999999972e-02,-5.167299999999999671e-03
2.470400000000000268e-05,-1.801383999999999971e-02,-7.750940000000000434e-03
2.476800000000000071e-05,-7.720219999999999860e-03,-1.291824000000000097e-02
2.483200000000000213e-05,-1.286701999999999985e-02,-1.550189999999999901e-02
2.489600000000000016e-05,-1.029361999999999985e-02,-2.583640000000000329e-03
2.496000000000000158e-05,-1.029361999999999985e-02,-7.750940000000000434e-03
2.502400000000000300e-05,-1.544043999999999972e-02,-7.750940000000000434e-03
2.508800000000000103e-05,-1.029361999999999985e-02,-7.750940000000000434e-03
2.515200000000000245e-05,-1.286701999999999985e-02,-7.750940000000000434e-03
2.521600000000000049e-05,-1.801383999999999971e-02,-7.750940000000000434e-03
2.528000000000000191e-05,-1.544043999999999972e-02,-7.750940000000000434e-03
2.534399999999999994e-05,-1.029361999999999985e-02,-7.750940000000000434e-03
2.540800000000000136e-05,-5.146819999999999867e-03,0.000000000000000000e+00
2.547200000000000278e-05,-1.801383999999999971e-02,-5.167299999999999671e-03
2.553600000000000081e-05,-1.801383999999999971e-02,-1.033459999999999934e-02
2.560000000000000223e-05,-1.029361999999999985e-02,-1.550189999999999901e-02
2.566400000000000026e-05,-7.720219999999999860e-03,-1.291824000000000097e-02
2.572800000000000168e-05,-1.029361999999999985e-02,-7.750940000000000434e-03
2.579200000000000310e-05,-1.286701999999999985e-02,-1.291824000000000097e-02
2.585600000000000113e-05,-1.286701999999999985e-02,-1.550189999999999901e-02
2.592000000000000255e-05,-1.286701999999999985e-02,-5.167299999999999671e-03
2.598400000000000059e-05,-1.801383999999999971e-02,-1.291824000000000097e-02
2.604800000000000201e-05,-1.286701999999999985e-02,-1.033459999999999934e-02
2.611200000000000004e-05,-1.544043999999999972e-02,-5.167299999999999671e-03
2.617600000000000146e-05,-1.544043999999999972e-02,-1.033459999999999934e-02
2.624000000000000288e-05,-1.029361999999999985e-02,-1.033459999999999934e-02
2.630400000000000091e-05,-1.544043999999999972e-02,-5.167299999999999671e-03
2.636800000000000233e-05,-1.029361999999999985e-02,-1.550189999999999901e-02
2.643200000000000036e-05,-2.573399999999999993e-03,-1.033459999999999934e-02
2.649600000000000178e-05,-1.286701999999999985e-02,-1.033459999999999934e-02
2.656000000000000320e-05,-1.029361999999999985e-02,-1.808554000000000064e-02
2.662400000000000123e-05,-1.286701999999999985e-02,-7.750940000000000434e-03
2.668800000000000265e-05,-1.801383999999999971e-02,-1.033459999999999934e-02
2.675200000000000069e-05,-7.720219999999999860e-03,-1.033459999999999934e-02
2.681600000000000211e-05,-1.544043999999999972e-02,-1.291824000000000097e-02
2.688000000000000014e-05,-1.544043999999999972e-02,-5.167299999999999671e-03
2.694400000000000156e-05,-1.286701999999999985e-02,-7.750940000000000434e-03
2.700800000000000298e-05,-1.029361999999999985e-02,-7.750940000000000434e-03
2.707200000000000101e-05,-1.029361999999999985e-02,-1.291824000000000097e-02
2.713600000000000243e-05,-1.544043999999999972e-02,-1.291824000000000097e-02
2.720000000000000046e-05,-1.801383999999999971e-02,-1.033459999999999934e-02
2.726400000000000188e-05,-7.720219999999999860e-03,-1.291824000000000097e-02
2.732800000000000330e-05,-7.720219999999999860e-03,-1.033459999999999934e-02
2.739200000000000134e-05,-2.058719999999999994e-02,-7.750940000000000434e-03
2.745600000000000276e-05,-1.286701999999999985e-02,-7.750940000000000434e-03
2.752000000000000079e-05,-1.544043999999999972e-02,-1.550189999999999901e-02
2.758400000000000221e-05,-7.720219999999999860e-03,-7.750940000000000434e-03
2.764800000000000024e-05,-1.286701999999999985e-02,-1.033459999999999934e-02
2.771200000000000166e-05,-1.286701999999999985e-02,-1.550189999999999901e-02
2.777600000000000308e-05,-1.544043999999999972e-02,-1.550189999999999901e-02
2.784000000000000111e-05,-1.286701999999999985e-02,-1.550189999999999901e-02
2.790400000000000253e-05,-1.801383999999999971e-02,-1.033459999999999934e-02
2.796800000000000056e-05,-1.286701999999999985e-02,-1.550189999999999901e-02
2.803200000000000198e-05,-1.286701999999999985e-02,-1.550189999999999901e-02
2.809600000000000340e-05,-1.801383999999999971e-02,-7.750940000000000434e-03
2.816000000000000144e-05,-1.544043999999999972e-02,-1.808554000000000064e-02
2.822400000000000286e-05,-1.544043999999999972e-02,-1.291824000000000097e-02
2.828800000000000089e-05,-7.720219999999999860e-03,-7.750940000000000434e-03
2.835200000000000231e-05,-1.544043999999999972e-02,-7.750940000000000434e-03
2.841600000000000034e-05,-2.316059999999999994e-02,-1.033459999999999934e-02
2.848000000000000176e-05,-1.544043999999999972e-02,-1.808554000000000064e-02
2.854400000000000318e-05,-1.801383999999999971e-02,-1.291824000000000097e-02
2.860800000000000121e-05,-1.029361999999999985e-02,-2.066919999999999868e-02
2.867200000000000263e-05,-1.029361999999999985e-02,-1.291824000000000097e-02
2.873600000000000066e-05,-1.029361999999999985e-02,-1.550189999999999901e-02
2.880000000000000208e-05,-2.058719999999999994e-02,-1.291824000000000097e-02
2.886400000000000012e-05,-1.029361999999999985e-02,-1.033459999999999934e-02
2.892800000000000154e-05,-7.720219999999999860e-03,-1.291824000000000097e-02
2.899200000000000296e-05,-1.801383999999999971e-02,-1.033459999999999934e-02
2.905600000000000099e-05,-5.146819999999999867e-03,-7.750940000000000434e-03
2.912000000000000241e-05,-1.286701999999999985e-02,-7.750940000000000434e-03
2.918400000000000044e-05,-1.544043999999999972e-02,-1.808554000000000064e-02
2.924800000000000186e-05,-1.286701999999999985e-02,-7.750940000000000434e-03
2.931200000000000328e-05,-7.720219999999999860e-03,-7.750940000000000434e-03
2.937600000000000131e-05,-2.316059999999999994e-02,-1.808554000000000064e-02
2.944000000000000273e-05,-1.029361999999999985e-02,-1.033459999999999934e-02
2.950400000000000077e-05,-1.029361999999999985e-02,-1.033459999999999934e-02
2.956800000000000219e-05,-7.720219999999999860e-03,-2.066919999999999868e-02
2.963200000000000022e-05,-1.801383999999999971e-02,-1.291824000000000097e-02
2.969600000000000164e-05,-5.146819999999999867e-03,-1.808554000000000064e-02
2.976000000000000306e-05,-1.286701999999999985e-02,-1.033459999999999934e-02
2.982400000000000109e-05,-2.316059999999999994e-02,-1.808554000000000064e-02
2.988800000000000251e-05,-1.286701999999999985e-02,-1.291824000000000097e-02
2.995200000000000054e-05,-1.029361999999999985e-02,-1.033459999999999934e-02
3.001600000000000196e-05,-1.801383999999999971e-02,-1.550189999999999901e-02
3.008000000000000338e-05,-1.286701999999999985e-02,-1.808554000000000064e-02
3.014400000000000141e-05,-1.286701999999999985e-02,-1.808554000000000064e-02
3.020800000000000283e-05,-1.029361999999999985e-02,-1.550189999999999901e-02
3.027200000000000087e-05,-1.544043999999999972e-02,-1.550189999999999901e-02
3.033600000000000229e-05,-1.029361999999999985e-02,-1.550189999999999901e-02
3.040000000000000032e-05,-1.801383999999999971e-02,-1.291824000000000097e-02
3.046400000000000174e-05,-2.058719999999999994e-02,-1.550189999999999901e-02
3.052800000000000316e-05,-1.286701999999999985e-02,-1.291824000000000097e-02
3.059200000000000119e-05,-1.029361999999999985e-02,-1.808554000000000064e-02
3.065599999999999922e-05,-1.801383999999999971e-02,-2.583639999999999895e-02
3.072000000000000403e-05,-5.146819999999999867e-03,-1.550189999999999901e-02
3.078400000000000206e-05,-7.720219999999999860e-03,-1.033459999999999934e-02
3.084800000000000009e-05,-1.286701999999999985e-02,-1.033459999999999934e-02
3.091200000000000490e-05,-1.029361999999999985e-02,-1.550189999999999901e-02
3.097600000000000294e-05,-1.029361999999999985e-02,-2.066919999999999868e-02
3.104000000000000097e-05,-2.058719999999999994e-02,-1.808554000000000064e-02
3.110399999999999900e-05,-5.146819999999999867e-03,-1.033459999999999934e-02
3.116800000000000381e-05,-7.720219999999999860e-03,-1.550189999999999901e-02
3.123200000000000184e-05,-1.029361999999999985e-02,-1.550189999999999901e-02
3.129599999999999987e-05,-5.146819999999999867e-03,-1.808554000000000064e-02
3.136000000000000468e-05,-5.146819999999999867e-03,-2.066919999999999868e-02
3.142400000000000271e-05,-1.544043999999999972e-02,-1.291824000000000097e-02
3.148800000000000074e-05,-1.544043999999999972e-02,-1.291824000000000097e-02
3.155199999999999878e-05,-2.573399999999999993e-03,-1.033459999999999934e-02
3.161600000000000358e-05,-5.146819999999999867e-03,-2.066919999999999868e-02
3.168000000000000162e-05,-1.286701999999999985e-02,-1.033459999999999934e-02
3.174399999999999965e-05,-2.316059999999999994e-02,-1.550189999999999901e-02
3.180800000000000446e-05,-1.286701999999999985e-02,-1.291824000000000097e-02
3.187200000000000249e-05,-1.029361999999999985e-02,-1.550189999999999901e-02
3.193600000000000052e-05,-1.286701999999999985e-02,-1.808554000000000064e-02
3.200000000000000533e-05,-1.029361999999999985e-02,-1.550189999999999901e-02
3.206400000000000336e-05,-7.720219999999999860e-03,-2.066919999999999868e-02
3.212800000000000139e-05,-5.146819999999999867e-03,-1.033459999999999934e-02
3.219199999999999942e-05,-1.544043999999999972e-02,-1.291824000000000097e-02
3.225600000000000423e-05,0.000000000000000000e+00,-1.291824000000000097e-02
3.232000000000000226e-05,-7.720219999999999860e-03,-1.550189999999999901e-02
3.238400000000000030e-05,-2.573399999999999993e-03,-1.808554000000000064e-02
3.244800000000000510e-05,-7.720219999999999860e-03,-1.550189999999999901e-02
3.251200000000000314e-05,-7.720219999999999860e-03,-5.167299999999999671e-03
3.257600000000000117e-05,-5.146819999999999867e-03,-1.808554000000000064e-02
3.263999999999999920e-05,-7.720219999999999860e-03,-1.550189999999999901e-02
3.270400000000000401e-05,-7.720219999999999860e-03,-1.550189999999999901e-02
3.276800000000000204e-05,-7.720219999999999860e-03,-2.325279999999999708e-02
3.283200000000000007e-05,-5.146819999999999867e-03,-1.808554000000000064e-02
3.289600000000000488e-05,-7.720219999999999860e-03,-7.750940000000000434e-03
3.296000000000000291e-05,-1.029361999999999985e-02,-2.325279999999999708e-02
3.302400000000000095e-05,-5.146819999999999867e-03,-1.550189999999999901e-02
3.308799999999999898e-05,-5.146819999999999867e-03,-1.550189999999999901e-02
3.315200000000000379e-05,-1.029361999999999985e-02,-2.583639999999999895e-02
3.321600000000000182e-05,-7.720219999999999860e-03,-1.808554000000000064e-02
3.327999999999999985e-05,-2.573399999999999993e-03,-1.550189999999999901e-02
3.334400000000000466e-05,-7.720219999999999860e-03,-1.550189999999999901e-02
3.340800000000000269e-05,-5.146819999999999867e-03,-1.808554000000000064e-02
3.347200000000000072e-05,-2.573399999999999993e-03,-1.550189999999999901e-02
3.353599999999999875e-05,-1.029361999999999985e-02,-2.066919999999999868e-02
3.360000000000000356e-05,-1.286701999999999985e-02,-1.808554000000000064e-02
3.366400000000000159e-05,-2.573399999999999993e-03,-2.325279999999999708e-02
3.372799999999999963e-05,-1.029361999999999985e-02,-2.325279999999999708e-02
3.379200000000000443e-05,-1.286701999999999985e-02,-1.033459999999999934e-02
3.385600000000000247e-05,-2.573399999999999993e-03,-1.291824000000000097e-02
3.392000000000000050e-05,-1.029361999999999985e-02,-1.550189999999999901e-02
3.398400000000000531e-05,-2.573399999999999993e-03,-1.033459999999999934e-02
3.404800000000000334e-05,-7.720219999999999860e-03,-2.066919999999999868e-02
3.411200000000000137e-05,-1.029361999999999985e-02,-1.808554000000000064e-02
3.417599999999999940e-05,-7.720219999999999860e-03,-2.583639999999999895e-02
3.424000000000000421e-05,2.573399999999999993e-03,-1.291824000000000097e-02
3.430400000000000224e-05,0.000000000000000000e+00,-1.550189999999999901e-02
3.436800000000000027e-05,-7.720219999999999860e-03,-1.291824000000000097e-02
3.443200000000000508e-05,-1.029361999999999985e-02,-1.808554000000000064e-02
3.449600000000000311e-05,-5.146819999999999867e-03,-2.325279999999999708e-02
3.456000000000000115e-05,-2.573399999999999993e-03,-1.808554000000000064e-02
3.462399999999999918e-05,-1.029361999999999985e-02,-1.808554000000000064e-02
3.468800000000000399e-05,-5.146819999999999867e-03,-2.066919999999999868e-02
3.475200000000000202e-05,-7.720219999999999860e-03,-2.325279999999999708e-02
3.481600000000000005e-05,-7.720219999999999860e-03,-2.325279999999999708e-02
3.488000000000000486e-05,-1.286701999999999985e-02,-1.808554000000000064e-02
3.494400000000000289e-05,-1.029361999999999985e-02,-1.808554000000000064e-02
3.500800000000000092e-05,-1.029361999999999985e-02,-1.550189999999999901e-02
3.507199999999999896e-05,-7.720219999999999860e-03,-2.583639999999999895e-02
3.513600000000000376e-05,0.000000000000000000e+00,-1.808554000000000064e-02
3.520000000000000180e-05,-1.286701999999999985e-02,-2.325279999999999708e-02
3.526399999999999983e-05,-1.286701999999999985e-02,-1.808554000000000064e-02
3.532800000000000464e-05,-1.801383999999999971e-02,-2.066919999999999868e-02
3.539200000000000267e-05,-7.720219999999999860e-03,-1.808554000000000064e-02
3.545600000000000070e-05,-1.286701999999999985e-02,-2.066919999999999868e-02
3.552000000000000551e-05,-7.720219999999999860e-03,-2.325279999999999708e-02
3.558400000000000354e-05,-5.146819999999999867e-03,-2.066919999999999868e-02
3.564800000000000157e-05,-1.801383999999999971e-02,-1.808554000000000064e-02
3.571199999999999960e-05,-2.573399999999999993e-03,-2.583639999999999895e-02
3.577600000000000441e-05,-7.720219999999999860e-03,-1.291824000000000097e-02
3.584000000000000244e-05,-1.029361999999999985e-02,-2.066919999999999868e-02
3.590400000000000048e-05,-1.029361999999999985e-02,-2.325279999999999708e-02
3.596800000000000528e-05,-7.720219999999999860e-03,-1.808554000000000064e-02
3.603200000000000332e-05,-1.029361999999999985e-02,-1.808554000000000064e-02
3.609600000000000135e-05,-1.029361999999999985e-02,-1.808554000000000064e-02
3.615999999999999938e-05,-5.146819999999999867e-03,-2.066919999999999868e-02
3.622400000000000419e-05,-1.801383999999999971e-02,-2.325279999999999708e-02
3.628800000000000222e-05,-7.720219999999999860e-03,-1.808554000000000064e-02
3.635200000000000025e-05,-5.146819999999999867e-03,-2.066919999999999868e-02
3.641600000000000506e-05,-1.029361999999999985e-02,-1.291824000000000097e-02
3.648000000000000309e-05,-2.058719999999999994e-02,-2.066919999999999868e-02
3.654400000000000112e-05,-7.720219999999999860e-03,-2.842019999999999963e-02
3.660799999999999916e-05,-1.801383999999999971e-02,-2.325279999999999708e-02
3.667200000000000396e-05,-1.544043999999999972e-02,-1.291824000000000097e-02
3.673600000000000200e-05,-1.029361999999999985e-02,-2.325279999999999708e-02
3.680000000000000003e-05,-1.544043999999999972e-02,-2.066919999999999868e-02
3.686400000000000484e-05,-7.720219999999999860e-03,-2.066919999999999868e-02
3.692800000000000287e-05,-1.286701999999999985e-02,-2.066919999999999868e-02
3.699200000000000090e-05,-1.544043999999999972e-02,-1.808554000000000064e-02
3.705599999999999893e-05,-1.544043999999999972e-02,-2.325279999999999708e-02
3.712000000000000374e-05,-1.029361999999999985e-02,-2.583639999999999895e-02
3.718400000000000177e-05,-1.286701999999999985e-02,-2.066919999999999868e-02
3.724799999999999981e-05,-1.286701999999999985e-02,-1.550189999999999901e-02
3.731200000000000461e-05,-1.286701999999999985e-02,-2.325279999999999708e-02
3.737600000000000265e-05,-1.029361999999999985e-02,-1.808554000000000064e-02
3.744000000000000068e-05,-1.029361999999999985e-02,-1.550189999999999901e-02
3.750400000000000549e-05,-1.801383999999999971e-02,-2.066919999999999868e-02
3.756800000000000352e-05,-1.029361999999999985e-02,-2.325279999999999708e-02
3.763200000000000155e-05,-1.029361999999999985e-02,-1.808554000000000064e-02
3.769599999999999958e-05,-2.316059999999999994e-02,-2.325279999999999708e-02
3.776000000000000439e-05,-7.720219999999999860e-03,-1.808554000000000064e-02
3.782400000000000242e-05,-2.316059999999999994e-02,-2.325279999999999708e-02
3.788800000000000045e-05,-5.146819999999999867e-03,-1.808554000000000064e-02
3.795200000000000526e-05,-1.544043999999999972e-02,-2.583639999999999895e-02
3.801600000000000329e-05,-1.544043999999999972e-02,-1.550189999999999901e-02
3.808000000000000133e-05,-1.544043999999999972e-02,-2.842019999999999963e-02
3.814399999999999936e-05,-2.316059999999999994e-02,-1.808554000000000064e-02
3.820800000000000417e-05,-2.573399999999999993e-03,-2.583639999999999895e-02
3.827200000000000220e-05,-1.801383999999999971e-02,-2.066919999999999868e-02
3.833600000000000023e-05,-1.801383999999999971e-02,-2.325279999999999708e-02
3.840000000000000504e-05,-1.544043999999999972e-02,-2.066919999999999868e-02
3.846400000000000307e-05,-1.029361999999999985e-02,-1.550189999999999901e-02
3.852800000000000110e-05,-1.286701999999999985e-02,-2.066919999999999868e-02
3.859199999999999913e-05,-1.029361999999999985e-02,-1.550189999999999901e-02
3.865600000000000394e-05,-1.286701999999999985e-02,-2.066919999999999868e-02
3.872000000000000197e-05,-1.286701999999999985e-02,-2.066919999999999868e-02
3.878400000000000001e-05,-1.544043999999999972e-02,-2.842019999999999963e-02
3.884800000000000482e-05,-1.286701999999999985e-02,-1.550189999999999901e-02
3.891200000000000285e-05,-1.801383999999999971e-02,-1.550189999999999901e-02
3.897600000000000088e-05,-7.720219999999999860e-03,-1.550189999999999901e-02
3.904000000000000569e-05,-1.029361999999999985e-02,-1.550189999999999901e-02
3.910400000000000372e-05,-1.029361999999999985e-02,-2.066919999999999868e-02
3.916800000000000175e-05,-1.544043999999999972e-02,-1.808554000000000064e-02
3.923199999999999978e-05,-1.801383999999999971e-02,-7.750940000000000434e-03
3.929600000000000459e-05,-1.286701999999999985e-02,-1.033459999999999934e-02
3.936000000000000262e-05,-1.286701999999999985e-02,-1.033459999999999934e-02
3.942400000000000066e-05,-1.801383999999999971e-02,-1.808554000000000064e-02
3.948800000000000546e-05,-1.029361999999999985e-02,-1.808554000000000064e-02
3.955200000000000350e-05,-1.801383999999999971e-02,-1.550189999999999901e-02
3.961600000000000153e-05,-1.801383999999999971e-02,-1.808554000000000064e-02
3.967999999999999956e-05,-1.286701999999999985e-02,-2.583639999999999895e-02
3.974400000000000437e-05,-1.544043999999999972e-02,-1.808554000000000064e-02
3.980800000000000240e-05,-1.286701999999999985e-02,-1.808554000000000064e-02
3.987200000000000043e-05,-1.801383999999999971e-02,-1.808554000000000064e-02
3.993600000000000524e-05,-5.146819999999999867e-03,-1.033459999999999934e-02
4.000000000000000327e-05,-1.029361999999999985e-02,-1.291824000000000097e-02
4.006400000000000130e-05,-1.801383999999999971e-02,-1.550189999999999901e-02
4.012799999999999934e-05,-1.286701999999999985e-02,-1.550189999999999901e-02
4.019200000000000414e-05,-1.029361999999999985e-02,-1.291824000000000097e-02
4.025600000000000218e-05,-1.286701999999999985e-02,-1.550189999999999901e-02
4.032000000000000021e-05,-1.544043999999999972e-02,-1.808554000000000064e-02
4.038400000000000502e-05,-1.286701999999999985e-02,-1.550189999999999901e-02
4.044800000000000305e-05,-1.286701999999999985e-02,-1.808554000000000064e-02
4.051200000000000108e-05,-1.286701999999999985e-02,-1.808554000000000064e-02
4.057600000000000589e-05,-1.286701999999999985e-02,-1.808554000000000064e-02
4.064000000000000392e-05,-2.573399999999999993e-03,-1.550189999999999901e-02
4.070400000000000195e-05,-1.286701999999999985e-02,-1.291824000000000097e-02
4.076799999999999998e-05,-1.801383999999999971e-02,-1.291824000000000097e-02
4.083200000000000479e-05,-5.146819999999999867e-03,-1.291824000000000097e-02
4.089600000000000283e-05,-1.029361999999999985e-02,-1.291824000000000097e-02
4.096000000000000086e-05,-1.286701999999999985e-02,-1.291824000000000097e-02
4.102400000000000567e-05,-1.544043999999999972e-02,-1.033459999999999934e-02
4.108800000000000370e-05,-1.029361999999999985e-02,-7.750940000000000434e-03
4.115200000000000173e-05,-1.029361999999999985e-02,-1.291824000000000097e-02
4.121599999999999976e-05,-1.801383999999999971e-02,-1.550189999999999901e-02
4.128000000000000457e-05,-1.286701999999999985e-02,-1.033459999999999934e-02
4.134400000000000260e-05,-7.720219999999999860e-03,-1.550189999999999901e-02
4.140800000000000063e-05,-1.029361999999999985e-02,-1.550189999999999901e-02
4.147200000000000544e-05,-1.801383999999999971e-02,-1.291824000000000097e-02
4.153600000000000347e-05,-1.286701999999999985e-02,-1.291824000000000097e-02
4.160000000000000151e-05,-1.029361999999999985e-02,-1.291824000000000097e-02
4.166399999999999954e-05,-1.029361999999999985e-02,-1.291824000000000097e-02
4.172800000000000435e-05,-1.544043999999999972e-02,-1.808554000000000064e-02
4.179200000000000238e-05,-1.286701999999999985e-02,-5.167299999999999671e-03
4.185600000000000041e-05,-1.029361999999999985e-02,-1.291824000000000097e-02
4.192000000000000522e-05,-1.029361999999999985e-02,-5.167299999999999671e-03
4.198400000000000325e-05,-1.286701999999999985e-02,-7.750940000000000434e-03
4.204800000000000128e-05,-7.720219999999999860e-03,-1.033459999999999934e-02
4.211199999999999931e-05,-1.286701999999999985e-02,-1.033459999999999934e-02
4.217600000000000412e-05,-1.029361999999999985e-02,-1.291824000000000097e-02
4.224000000000000215e-05,-5.146819999999999867e-03,-1.291824000000000097e-02
4.230400000000000019e-05,-1.029361999999999985e-02,-1.550189999999999901e-02
4.236800000000000499e-05,2.573399999999999993e-03,-7.750940000000000434e-03
4.243200000000000303e-05,-1.029361999999999985e-02,-1.291824000000000097e-02
4.249600000000000106e-05,-2.573399999999999993e-03,-1.033459999999999934e-02
4.256000000000000587e-05,-7.720219999999999860e-03,-1.291824000000000097e-02
4.262400000000000390e-05,-1.286701999999999985e-02,-1.291824000000000097e-02
4.268800000000000193e-05,-7.720219999999999860e-03,-1.291824000000000097e-02
4.275199999999999996e-05,-1.544043999999999972e-02,-1.291824000000000097e-02
4.281600000000000477e-05,-1.286701999999999985e-02,-1.033459999999999934e-02
4.288000000000000280e-05,-1.029361999999999985e-02,-7.750940000000000434e-03
4.294400000000000083e-05,-1.286701999999999985e-02,-7.750940000000000434e-03
4.300800000000000564e-05,-1.286701999999999985e-02,-1.291824000000000097e-02
4.307200000000000368e-05,-2.573399999999999993e-03,-2.066919999999999868e-02
4.313600000000000171e-05,-5.146819999999999867e-03,-7.750940000000000434e-03
4.319999999999999974e-05,-1.286701999999999985e-02,-7.750940000000000434e-03
4.326400000000000455e-05,-7.720219999999999860e-03,-1.291824000000000097e-02
4.332800000000000258e-05,-1.029361999999999985e-02,-7.750940000000000434e-03
4.339200000000000061e-05,-1.029361999999999985e-02,-1.550189999999999901e-02
4.345600000000000542e-05,-7.720219999999999860e-03,-1.291824000000000097e-02
4.352000000000000345e-05,-1.286701999999999985e-02,-1.291824000000000097e-02
4.358400000000000148e-05,-7.720219999999999860e-03,-7.750940000000000434e-03
4.364799999999999952e-05,-1.286701999999999985e-02,-7.750940000000000434e-03
4.371200000000000432e-05,-7.720219999999999860e-03,-1.550189999999999901e-02
4.377600000000000236e-05,-1.544043999999999972e-02,-5.167299999999999671e-03
4.384000000000000039e-05,-7.720219999999999860e-03,-1.291824000000000097e-02
4.390400000000000520e-05,-1.029361999999999985e-02,-7.750940000000000434e-03
4.396800000000000323e-05,-1.286701999999999985e-02,-1.808554000000000064e-02
4.403200000000000126e-05,-5.146819999999999867e-03,-7.750940000000000434e-03
4.409600000000000607e-05,-1.029361999999999985e-02,-7.750940000000000434e-03
4.416000000000000410e-05,-1.801383999999999971e-02,-1.291824000000000097e-02
4.422400000000000213e-05,-1.029361999999999985e-02,-1.033459999999999934e-02
4.428800000000000016e-05,-7.720219999999999860e-03,-5.167299999999999671e-03
4.435200000000000497e-05,-5.146819999999999867e-03,-1.033459999999999934e-02
4.441600000000000300e-05,-7.720219999999999860e-03,-2.066919999999999868e-02
4.448000000000000104e-05,-1.029361999999999985e-02,-1.291824000000000097e-02
4.454400000000000584e-05,-7.720219999999999860e-03,-7.750940000000000434e-03
4.460800000000000388e-05,-5.146819999999999867e-03,-7.750940000000000434e-03
4.467200000000000191e-05,-7.720219999999999860e-03,-7.750940000000000434e-03
4.473599999999999994e-05,-1.029361999999999985e-02,-7.750940000000000434e-03
4.480000000000000475e-05,-1.286701999999999985e-02,-1.033459999999999934e-02
4.486400000000000278e-05,-7.720219999999999860e-03,-5.167299999999999671e-03
4.492800000000000081e-05,-1.029361999999999985e-02,-5.167299999999999671e-03
4.499200000000000562e-05,-7.720219999999999860e-03,-5.167299999999999671e-03
4.505600000000000365e-05,-7.720219999999999860e-03,-1.033459999999999934e-02
4.512000000000000169e-05,-1.286701999999999985e-02,-1.033459999999999934e-02
4.518399999999999972e-05,-1.286701999999999985e-02,-1.291824000000000097e-02
4.524800000000000453e-05,-1.286701999999999985e-02,-5.167299999999999671e-03
4.531200000000000256e-05,0.000000000000000000e+00,-1.291824000000000097e-02
4.537600000000000059e-05,-7.720219999999999860e-03,-1.550189999999999901e-02
4.544000000000000540e-05,-1.286701999999999985e-02,-1.291824000000000097e-02
4.550400000000000343e-05,-1.544043999999999972e-02,-1.033459999999999934e-02
4.556800000000000146e-05,-7.720219999999999860e-03,-1.291824000000000097e-02
4.563199999999999949e-05,-1.801383999999999971e-02,-5.167299999999999671e-03
4.569600000000000430e-05,-1.544043999999999972e-02,0.000000000000000000e+00
4.576000000000000233e-05,-1.801383999999999971e-02,-7.750940000000000434e-03
4.582400000000000037e-05,-7.720219999999999860e-03,-1.033459999999999934e-02
4.588800000000000517e-05,-1.029361999999999985e-02,-1.033459999999999934e-02
4.595200000000000321e-05,-1.544043999999999972e-02,-5.167299999999999671e-03
4.601600000000000124e-05,-2.058719999999999994e-02,-1.033459999999999934e-02
4.608000000000000605e-05,-1.286701999999999985e-02,-1.033459999999999934e-02
4.614400000000000408e-05,-1.029361999999999985e-02,0.000000000000000000e+00
4.620800000000000211e-05,-1.029361999999999985e-02,-1.033459999999999934e-02
4.627200000000000014e-05,-1.029361999999999985e-02,-7.750940000000000434e-03
4.633600000000000495e-05,-5.146819999999999867e-03,-1.291824000000000097e-02
4.640000000000000298e-05,-1.286701999999999985e-02,-1.291824000000000097e-02
4.646400000000000101e-05,-1.286701999999999985e-02,-7.750940000000000434e-03
4.652800000000000582e-05,-1.029361999999999985e-02,-5.167299999999999671e-03
4.659200000000000385e-05,-1.544043999999999972e-02,-7.750940000000000434e-03
4.665600000000000189e-05,-1.029361999999999985e-02,-1.033459999999999934e-02
4.671999999999999992e-05,-1.286701999999999985e-02,-7.750940000000000434e-03
4.678400000000000473e-05,-1.286701999999999985e-02,-7.750940000000000434e-03
4.684800000000000276e-05,-1.801383999999999971e-02,-1.033459999999999934e-02
4.691200000000000079e-05,-1.801383999999999971e-02,-1.291824000000000097e-02
4.697600000000000560e-05,-1.544043999999999972e-02,-5.167299999999999671e-03
4.704000000000000363e-05,-7.720219999999999860e-03,-1.550189999999999901e-02
4.710400000000000166e-05,-1.801383999999999971e-02,-5.167299999999999671e-03
4.716799999999999970e-05,-1.801383999999999971e-02,-5.167299999999999671e-03
4.723200000000000450e-05,-1.801383999999999971e-02,-7.750940000000000434e-03
4.729600000000000254e-05,-7.720219999999999860e-03,-1.291824000000000097e-02
4.736000000000000057e-05,-1.544043999999999972e-02,-7.750940000000000434e-03
4.742400000000000538e-05,-7.720219999999999860e-03,-7.750940000000000434e-03
4.748800000000000341e-05,-1.029361999999999985e-02,-2.583640000000000329e-03
4.755200000000000144e-05,-1.801383999999999971e-02,-5.167299999999999671e-03
4.761600000000000625e-05,-1.286701999999999985e-02,-1.291824000000000097e-02
4.768000000000000428e-05,-1.286701999999999985e-02,-1.033459999999999934e-02
4.774400000000000231e-05,-1.801383999999999971e-02,-5.167299999999999671e-03
4.780800000000000034e-05,-2.058719999999999994e-02,-7.750940000000000434e-03
4.787200000000000515e-05,-1.544043999999999972e-02,-1.291824000000000097e-02
4.793600000000000318e-05,-1.544043999999999972e-02,-1.033459999999999934e-02
4.800000000000000122e-05,-1.286701999999999985e-02,-2.066919999999999868e-02
4.806400000000000602e-05,-1.286701999999999985e-02,-1.033459999999999934e-02
4.812800000000000406e-05,-2.316059999999999994e-02,-2.583640000000000329e-03
4.819200000000000209e-05,-1.029361999999999985e-02,-1.291824000000000097e-02
4.825600000000000012e-05,-1.544043999999999972e-02,-2.325279999999999708e-02
4.832000000000000493e-05,-1.544043999999999972e-02,-1.291824000000000097e-02
4.838400000000000296e-05,-1.544043999999999972e-02,-7.750940000000000434e-03
4.844800000000000099e-05,-1.801383999999999971e-02,-1.291824000000000097e-02
4.851200000000000580e-05,-1.286701999999999985e-02,-7.750940000000000434e-03
4.857600000000000383e-05,-1.544043999999999972e-02,-1.033459999999999934e-02
4.864000000000000186e-05,-5.146819999999999867e-03,-1.550189999999999901e-02
4.870399999999999990e-05,-1.029361999999999985e-02,-1.808554000000000064e-02
4.876800000000000470e-05,-1.029361999999999985e-02,-1.033459999999999934e-02
4.883200000000000274e-05,-1.029361999999999985e-02,-1.033459999999999934e-02
4.889600000000000077e-05,-1.286701999999999985e-02,-2.583640000000000329e-03
4.896000000000000558e-05,-1.286701999999999985e-02,-1.291824000000000097e-02
4.902400000000000361e-05,-7.720219999999999860e-03,-1.033459999999999934e-02
4.908800000000000164e-05,-1.544043999999999972e-02,-1.291824000000000097e-02
4.915200000000000645e-05,-7.720219999999999860e-03,-1.291824000000000097e-02
4.921600000000000448e-05,-7.720219999999999860e-03,-1.550189999999999901e-02
4.928000000000000251e-05,-7.720219999999999860e-03,-1.808554000000000064e-02
4.934400000000000055e-05,-7.720219999999999860e-03,-1.291824000000000097e-02
4.940800000000000535e-05,-5.146819999999999867e-03,-2.066919999999999868e-02
4.947200000000000339e-05,-1.801383999999999971e-02,-1.033459999999999934e-02
4.953600000000000142e-05,-1.286701999999999985e-02,-5.167299999999999671e-03
4.960000000000000623e-05,-1.286701999999999985e-02,-7.750940000000000434e-03
4.966400000000000426e-05,-7.720219999999999860e-03,-1.291824000000000097e-02
4.972800000000000229e-05,-7.720219999999999860e-03,-1.550189999999999901e-02
4.979200000000000032e-05,-1.544043999999999972e-02,-1.033459999999999934e-02
4.985600000000000513e-05,-2.058719999999999994e-02,-1.291824000000000097e-02
4.992000000000000316e-05,-7.720219999999999860e-03,-1.550189999999999901e-02
4.998400000000000119e-05,-1.286701999999999985e-02,-1.550189999999999901e-02
5.004800000000000600e-05,-1.544043999999999972e-02,-7.750940000000000434e-03
5.011200000000000403e-05,-1.286701999999999985e-02,-1.550189999999999901e-02
5.017600000000000207e-05,-1.029361999999999985e-02,-1.550189999999999901e-02
5.024000000000000010e-05,-1.029361999999999985e-02,-7.750940000000000434e-03
5.030400000000000491e-05,-1.801383999999999971e-02,-1.550189999999999901e-02
5.036800000000000294e-05,-1.286701999999999985e-02,-1.808554000000000064e-02
5.043200000000000097e-05,-1.286701999999999985e-02,-1.550189999999999901e-02
5.049600000000000578e-05,-1.029361999999999985e-02,-1.550189999999999901e-02
5.056000000000000381e-05,-1.544043999999999972e-02,-1.033459999999999934e-02
5.062400000000000184e-05,-1.544043999999999972e-02,-1.550189999999999901e-02
5.068799999999999987e-05,-1.029361999999999985e-02,-1.291824000000000097e-02
5.075200000000000468e-05,-1.286701999999999985e-02,-1.808554000000000064e-02
5.081600000000000271e-05,-1.286701999999999985e-02,-1.291824000000000097e-02
5.088000000000000075e-05,-7.720219999999999860e-03,-1.033459999999999934e-02
5.094400000000000556e-05,-1.286701999999999985e-02,-2.066919999999999868e-02
5.100800000000000359e-05,-1.286701999999999985e-02,-1.808554000000000064e-02
5.107200000000000162e-05,-7.720219999999999860e-03,-7.750940000000000434e-03
5.113600000000000643e-05,-7.720219999999999860e-03,-2.066919999999999868e-02
5.120000000000000446e-05,-1.029361999999999985e-02,-1.550189999999999901e-02
5.126400000000000249e-05,-1.029361999999999985e-02,-1.808554000000000064e-02
5.132800000000000052e-05,-1.801383999999999971e-02,-2.583640000000000329e-03
5.139200000000000533e-05,-1.286701999999999985e-02,-1.291824000000000097e-02
5.145600000000000336e-05,-5.146819999999999867e-03,-1.808554000000000064e-02
5.152000000000000140e-05,-5.146819999999999867e-03,-2.066919999999999868e-02
5.158400000000000620e-05,-7.720219999999999860e-03,-7.750940000000000434e-03
5.164800000000000424e-05,-1.029361999999999985e-02,-5.167299999999999671e-03
5.171200000000000227e-05,-7.720219999999999860e-03,-1.033459999999999934e-02
5.177600000000000030e-05,-1.029361999999999985e-02,-7.750940000000000434e-03
5.184000000000000511e-05,-1.544043999999999972e-02,-1.808554000000000064e-02
5.190400000000000314e-05,-1.029361999999999985e-02,-7.750940000000000434e-03
5.196800000000000117e-05,-1.029361999999999985e-02,-1.033459999999999934e-02
5.203200000000000598e-05,-1.029361999999999985e-02,-1.550189999999999901e-02
5.209600000000000401e-05,-7.720219999999999860e-03,-1.550189999999999901e-02
5.216000000000000204e-05,-2.573399999999999993e-03,-1.033459999999999934e-02
5.222400000000000008e-05,-2.573399999999999993e-03,-1.033459999999999934e-02
5.228800000000000488e-05,-5.146819999999999867e-03,5.167299999999999671e-03
5.235200000000000292e-05,-5.146819999999999867e-03,-1.291824000000000097e-02
5.241600000000000095e-05,-2.573399999999999993e-03,-1.550189999999999901e-02
5.248000000000000576e-05,-2.573399999999999993e-03,-1.291824000000000097e-02
5.254400000000000379e-05,-1.286701999999999985e-02,-1.033459999999999934e-02
5.260800000000000182e-05,-1.029361999999999985e-02,-7.750940000000000434e-03
5.267200000000000663e-05,-5.146819999999999867e-03,-1.550189999999999901e-02
5.273600000000000466e-05,-5.146819999999999867e-03,-1.550189999999999901e-02
5.280000000000000269e-05,-5.146819999999999867e-03,-1.808554000000000064e-02
5.286400000000000072e-05,-1.029361999999999985e-02,-1.550189999999999901e-02
5.292800000000000553e-05,2.573399999999999993e-03,-1.550189999999999901e-02
5.299200000000000357e-05,-2.573399999999999993e-03,-1.550189999999999901e-02
5.305600000000000160e-05,-7.720219999999999860e-03,-1.550189999999999901e-02
5.312000000000000641e-05,-5.146819999999999867e-03,-1.291824000000000097e-02
5.318400000000000444e-05,-1.029361999999999985e-02,-1.033459999999999934e-02
5.324800000000000247e-05,-2.573399999999999993e-03,-1.808554000000000064e-02
5.331200000000000050e-05,-5.146819999999999867e-03,-1.550189999999999901e-02
5.337600000000000531e-05,0.000000000000000000e+00,-7.750940000000000434e-03
5.344000000000000334e-05,-7.720219999999999860e-03,-1.550189999999999901e-02
5.350400000000000137e-05,-5.146819999999999867e-03,-1.033459999999999934e-02
5.356800000000000618e-05,-7.720219999999999860e-03,-1.033459999999999934e-02
5.363200000000000421e-05,0.000000000000000000e+00,-1.550189999999999901e-02
5.369600000000000225e-05,-5.146819999999999867e-03,-1.808554000000000064e-02
5.376000000000000028e-05,-2.573399999999999993e-03,-1.291824000000000097e-02
5.382400000000000509e-05,-1.029361999999999985e-02,-1.291824000000000097e-02
5.388800000000000312e-05,-1.029361999999999985e-02,-2.066919999999999868e-02
5.395200000000000115e-05,-7.720219999999999860e-03,-1.291824000000000097e-02
5.401600000000000596e-05,-7.720219999999999860e-03,-1.291824000000000097e-02
5.408000000000000399e-05,-7.720219999999999860e-03,-1.033459999999999934e-02
5.414400000000000202e-05,-2.573399999999999993e-03,-2.325279999999999708e-02
5.420800000000000005e-05,-1.544043999999999972e-02,-1.808554000000000064e-02
5.427200000000000486e-05,-1.286701999999999985e-02,-1.291824000000000097e-02
5.433600000000000289e-05,-7.720219999999999860e-03,-1.550189999999999901e-02
5.440000000000000093e-05,0.000000000000000000e+00,-1.291824000000000097e-02
5.446400000000000573e-05,-7.720219999999999860e-03,-1.550189999999999901e-02
5.452800000000000377e-05,-5.146819999999999867e-03,-1.291824000000000097e-02
5.459200000000000180e-05,-7.720219999999999860e-03,-1.291824000000000097e-02
5.465600000000000661e-05,-1.801383999999999971e-02,-1.550189999999999901e-02
5.472000000000000464e-05,-1.286701999999999985e-02,-1.550189999999999901e-02
5.478400000000000267e-05,-7.720219999999999860e-03,-1.550189999999999901e-02
5.484800000000000070e-05,-5.146819999999999867e-03,-1.550189999999999901e-02
5.491200000000000551e-05,-1.029361999999999985e-02,-2.066919999999999868e-02
5.497600000000000354e-05,-1.544043999999999972e-02,-1.550189999999999901e-02
5.504000000000000158e-05,-1.286701999999999985e-02,-2.066919999999999868e-02
5.510400000000000638e-05,-1.029361999999999985e-02,-1.291824000000000097e-02
5.516800000000000442e-05,-7.720219999999999860e-03,-1.033459999999999934e-02
5.523200000000000245e-05,-1.029361999999999985e-02,-1.033459999999999934e-02
5.529600000000000048e-05,2.573399999999999993e-03,-1.550189999999999901e-02
5.536000000000000529e-05,-5.146819999999999867e-03,-1.550189999999999901e-02
5.542400000000000332e-05,-1.286701999999999985e-02,-1.808554000000000064e-02
5.548800000000000135e-05,-7.720219999999999860e-03,-1.550189999999999901e-02
5.555200000000000616e-05,-7.720219999999999860e-03,-2.066919999999999868e-02
5.561600000000000419e-05,-5.146819999999999867e-03,-1.291824000000000097e-02
5.568000000000000222e-05,-1.029361999999999985e-02,-1.291824000000000097e-02
5.574400000000000026e-05,-1.286701999999999985e-02,-2.066919999999999868e-02
5.580800000000000506e-05,-1.286701999999999985e-02,-1.291824000000000097e-02
5.587200000000000310e-05,-1.029361999999999985e-02,-1.550189999999999901e-02
5.593600000000000113e-05,-2.573399999999999993e-03,-1.808554000000000064e-02
5.600000000000000594e-05,-7.720219999999999860e-03,-1.033459999999999934e-02
5.606400000000000397e-05,-2.573399999999999993e-03,-1.291824000000000097e-02
5.612800000000000200e-05,0.000000000000000000e+00,-1.550189999999999901e-02
5.619200000000000681e-05,-1.286701999999999985e-02,-1.291824000000000097e-02
5.625600000000000484e-05,-5.146819999999999867e-03,-2.066919999999999868e-02
5.632000000000000287e-05,-5.146819999999999867e-03,-2.066919999999999868e-02
5.638400000000000090e-05,-5.146819999999999867e-03,-2.066919999999999868e-02
5.644800000000000571e-05,-5.146819999999999867e-03,-1.291824000000000097e-02
5.651200000000000374e-05,-7.720219999999999860e-03,-1.808554000000000064e-02
5.657600000000000178e-05,-7.720219999999999860e-03,-1.808554000000000064e-02
5.664000000000000658e-05,-1.029361999999999985e-02,-1.808554000000000064e-02
5.670400000000000462e-05,-5.146819999999999867e-03,-1.550189999999999901e-02
5.676800000000000265e-05,-1.029361999999999985e-02,-1.291824000000000097e-02
5.683200000000000068e-05,-5.146819999999999867e-03,-2.066919999999999868e-02
5.689600000000000549e-05,2.573399999999999993e-03,-1.291824000000000097e-02
5.696000000000000352e-05,-7.720219999999999860e-03,-1.033459999999999934e-02
5.702400000000000155e-05,2.573399999999999993e-03,-2.066919999999999868e-02
5.708800000000000636e-05,-7.720219999999999860e-03,-1.291824000000000097e-02
5.715200000000000439e-05,-2.573399999999999993e-03,-1.550189999999999901e-02
5.721600000000000243e-05,0.000000000000000000e+00,-7.750940000000000434e-03
5.728000000000000046e-05,-7.720219999999999860e-03,-1.808554000000000064e-02
5.734400000000000527e-05,2.573399999999999993e-03,-1.033459999999999934e-02
5.740800000000000330e-05,-7.720219999999999860e-03,-1.033459999999999934e-02
5.747200000000000133e-05,-7.720219999999999860e-03,-1.550189999999999901e-02
5.753600000000000614e-05,-1.286701999999999985e-02,-1.550189999999999901e-02
5.760000000000000417e-05,-2.573399999999999993e-03,-1.550189999999999901e-02
5.766400000000000220e-05,0.000000000000000000e+00,-1.550189999999999901e-02
5.772800000000000023e-05,-7.720219999999999860e-03,-1.033459999999999934e-02
5.779200000000000504e-05,-1.286701999999999985e-02,-1.291824000000000097e-02
5.785600000000000307e-05,-5.146819999999999867e-03,-1.550189999999999901e-02
5.792000000000000111e-05,-1.801383999999999971e-02,-7.750940000000000434e-03
5.798400000000000591e-05,-7.720219999999999860e-03,-1.033459999999999934e-02
5.804800000000000395e-05,-1.286701999999999985e-02,-2.066919999999999868e-02
5.811200000000000198e-05,-1.029361999999999985e-02,-2.066919999999999868e-02
5.817600000000000679e-05,-1.029361999999999985e-02,-1.808554000000000064e-02
5.824000000000000482e-05,0.000000000000000000e+00,-7.750940000000000434e-03
5.830400000000000285e-05,-5.146819999999999867e-03,-1.808554000000000064e-02
5.836800000000000088e-05,2.573399999999999993e-03,-1.550189999999999901e-02
5.843200000000000569e-05,-7.720219999999999860e-03,-1.808554000000000064e-02
5.849600000000000372e-05,-1.286701999999999985e-02,-1.808554000000000064e-02
5.856000000000000175e-05,-1.029361999999999985e-02,-1.033459999999999934e-02
5.862400000000000656e-05,-1.029361999999999985e-02,-1.033459999999999934e-02
5.868800000000000459e-05,-2.573399999999999993e-03,-1.033459999999999934e-02
5.875200000000000263e-05,-2.573399999999999993e-03,-1.808554000000000064e-02
5.881600000000000066e-05,-1.029361999999999985e-02,-1.291824000000000097e-02
5.888000000000000547e-05,-5.146819999999999867e-03,-7.750940000000000434e-03
5.894400000000000350e-05,-1.801383999999999971e-02,-1.808554000000000064e-02
5.900800000000000153e-05,-1.286701999999999985e-02,-1.033459999999999934e-02
5.907200000000000634e-05,-1.286701999999999985e-02,-1.808554000000000064e-02
5.913600000000000437e-05,-2.573399999999999993e-03,-7.750940000000000434e-03
5.920000000000000240e-05,-1.286701999999999985e-02,-2.066919999999999868e-02
5.926400000000000044e-05,-1.286701999999999985e-02,-1.033459999999999934e-02
5.932800000000000524e-05,-1.544043999999999972e-02,-1.291824000000000097e-02
5.939200000000000328e-05,-1.029361999999999985e-02,-7.750940000000000434e-03
5.945600000000000131e-05,-1.029361999999999985e-02,-1.291824000000000097e-02
5.952000000000000612e-05,-1.286701999999999985e-02,-1.808554000000000064e-02
5.958400000000000415e-05,-1.029361999999999985e-02,-1.808554000000000064e-02
5.964800000000000218e-05,-5.146819999999999867e-03,-1.808554000000000064e-02
5.971200000000000699e-05,-1.801383999999999971e-02,-1.550189999999999901e-02
5.977600000000000502e-05,-2.058719999999999994e-02,-1.291824000000000097e-02
5.984000000000000305e-05,-1.544043999999999972e-02,-1.033459999999999934e-02
5.990400000000000108e-05,-1.544043999999999972e-02,-1.291824000000000097e-02
5.996800000000000589e-05,-1.286701999999999985e-02,-1.291824000000000097e-02
6.003200000000000392e-05,-1.029361999999999985e-02,-1.291824000000000097e-02
6.009600000000000196e-05,-2.573399999999999993e-03,-1.550189999999999901e-02
6.016000000000000676e-05,-1.286701999999999985e-02,-1.033459999999999934e-02
6.022400000000000480e-05,-1.029361999999999985e-02,-1.291824000000000097e-02
6.028800000000000283e-05,-1.544043999999999972e-02,-1.033459999999999934e-02
6.035200000000000086e-05,-1.801383999999999971e-02,-1.033459999999999934e-02
6.041600000000000567e-05,-1.029361999999999985e-02,-1.291824000000000097e-02
6.048000000000000370e-05,-1.286701999999999985e-02,-7.750940000000000434e-03
6.054400000000000173e-05,-1.544043999999999972e-02,-1.550189999999999901e-02
6.060800000000000654e-05,-1.286701999999999985e-02,-1.808554000000000064e-02
6.067200000000000457e-05,-1.544043999999999972e-02,-7.750940000000000434e-03
6.073600000000000260e-05,-7.720219999999999860e-03,-1.291824000000000097e-02
6.080000000000000064e-05,-1.029361999999999985e-02,-1.291824000000000097e-02
6.086400000000000545e-05,-1.029361999999999985e-02,-1.033459999999999934e-02
6.092800000000000348e-05,-7.720219999999999860e-03,-1.033459999999999934e-02
6.099200000000000151e-05,-1.029361999999999985e-02,-7.750940000000000434e-03
6.105600000000000632e-05,-5.146819999999999867e-03,-1.550189999999999901e-02
6.111999999999999757e-05,-1.801383999999999971e-02,-7.750940000000000434e-03
6.118400000000000238e-05,-7.720219999999999860e-03,-1.033459999999999934e-02
6.124800000000000719e-05,-1.801383999999999971e-02,-1.550189999999999901e-02
6.131199999999999845e-05,-5.146819999999999867e-03,-7.750940000000000434e-03
6.137600000000000325e-05,-2.316059999999999994e-02,-1.291824000000000097e-02
6.144000000000000806e-05,-1.029361999999999985e-02,-1.291824000000000097e-02
6.150399999999999932e-05,-1.544043999999999972e-02,-1.291824000000000097e-02
6.156800000000000413e-05,-1.029361999999999985e-02,-1.291824000000000097e-02
6.163200000000000893e-05,-1.801383999999999971e-02,-1.550189999999999901e-02
6.169600000000000019e-05,-7.720219999999999860e-03,-1.550189999999999901e-02
6.176000000000000500e-05,-1.544043999999999972e-02,-7.750940000000000434e-03
6.182400000000000981e-05,-1.544043999999999972e-02,-1.291824000000000097e-02
6.188800000000000106e-05,-1.801383999999999971e-02,-1.808554000000000064e-02
6.195200000000000587e-05,-1.801383999999999971e-02,-1.291824000000000097e-02
6.201599999999999713e-05,-7.720219999999999860e-03,-7.750940000000000434e-03
6.208000000000000193e-05,-7.720219999999999860e-03,-1.291824000000000097e-02
6.214400000000000674e-05,-1.801383999999999971e-02,-1.808554000000000064e-02
6.220799999999999800e-05,-1.544043999999999972e-02,-1.291824000000000097e-02
6.227200000000000281e-05,-1.801383999999999971e-02,-1.808554000000000064e-02
6.233600000000000761e-05,-1.029361999999999985e-02,-1.550189999999999901e-02
6.239999999999999887e-05,-1.544043999999999972e-02,-2.325279999999999708e-02
6.246400000000000368e-05,-1.544043999999999972e-02,-1.808554000000000064e-02
6.252800000000000849e-05,-2.058719999999999994e-02,-1.033459999999999934e-02
6.259199999999999974e-05,-1.544043999999999972e-02,-1.033459999999999934e-02
6.265600000000000455e-05,-1.286701999999999985e-02,-1.291824000000000097e-02
6.272000000000000936e-05,-2.058719999999999994e-02,-1.550189999999999901e-02
6.278400000000000061e-05,-1.286701999999999985e-02,-2.325279999999999708e-02
6.284800000000000542e-05,-1.286701999999999985e-02,-1.291824000000000097e-02
6.291200000000001023e-05,-1.544043999999999972e-02,-1.550189999999999901e-02
6.297600000000000149e-05,-1.286701999999999985e-02,-1.550189999999999901e-02
6.304000000000000630e-05,-1.801383999999999971e-02,-1.550189999999999901e-02
6.310399999999999755e-05,-1.801383999999999971e-02,-1.550189999999999901e-02
6.316800000000000236e-05,-1.801383999999999971e-02,-1.291824000000000097e-02
6.323200000000000717e-05,-1.544043999999999972e-02,-1.291824000000000097e-02
6.329599999999999842e-05,-1.544043999999999972e-02,-7.750940000000000434e-03
6.336000000000000323e-05,-1.801383999999999971e-02,-1.808554000000000064e-02
6.342400000000000804e-05,-1.286701999999999985e-02,-1.291824000000000097e-02
6.348799999999999930e-05,-1.801383999999999971e-02,-1.033459999999999934e-02
6.355200000000000410e-05,-1.544043999999999972e-02,-1.291824000000000097e-02
6.361600000000000891e-05,-1.286701999999999985e-02,-1.808554000000000064e-02
6.368000000000000017e-05,-2.316059999999999994e-02,-1.033459999999999934e-02
6.374400000000000498e-05,-1.801383999999999971e-02,-7.750940000000000434e-03
6.380800000000000978e-05,-7.720219999999999860e-03,-1.808554000000000064e-02
6.387200000000000104e-05,-2.058719999999999994e-02,-1.550189999999999901e-02
6.393600000000000585e-05,-1.286701999999999985e-02,-1.550189999999999901e-02
6.400000000000001066e-05,-2.058719999999999994e-02,-1.033459999999999934e-02
6.406400000000000191e-05,-1.801383999999999971e-02,-1.291824000000000097e-02
6.412800000000000672e-05,-1.286701999999999985e-02,-2.066919999999999868e-02
6.419199999999999798e-05,-1.029361999999999985e-02,-7.750940000000000434e-03
6.425600000000000278e-05,-1.544043999999999972e-02,-1.291824000000000097e-02
6.432000000000000759e-05,-1.801383999999999971e-02,-1.550189999999999901e-02
6.438399999999999885e-05,-2.573399999999999993e-02,-1.808554000000000064e-02
6.444800000000000366e-05,-1.801383999999999971e-02,-1.808554000000000064e-02
6.451200000000000846e-05,-2.316059999999999994e-02,-1.550189999999999901e-02
6.457599999999999972e-05,-2.316059999999999994e-02,-1.550189999999999901e-02
6.464000000000000453e-05,-2.316059999999999994e-02,-5.167299999999999671e-03
6.470400000000000934e-05,-2.058719999999999994e-02,-1.291824000000000097e-02
6.476800000000000059e-05,-1.801383999999999971e-02,-1.033459999999999934e-02
6.483200000000000540e-05,-2.058719999999999994e-02,-1.291824000000000097e-02
6.489600000000001021e-05,-2.316059999999999994e-02,-1.808554000000000064e-02
6.496000000000000147e-05,-2.316059999999999994e-02,-1.550189999999999901e-02
6.502400000000000627e-05,-1.286701999999999985e-02,-1.808554000000000064e-02
6.508799999999999753e-05,-1.286701999999999985e-02,-1.550189999999999901e-02
6.515200000000000234e-05,-1.544043999999999972e-02,-1.033459999999999934e-02
6.521600000000000715e-05,-2.316059999999999994e-02,-1.550189999999999901e-02
6.527999999999999840e-05,-1.801383999999999971e-02,-1.550189999999999901e-02
6.534400000000000321e-05,-1.801383999999999971e-02,-5.167299999999999671e-03
6.540800000000000802e-05,-2.573399999999999993e-02,-1.550189999999999901e-02
6.547199999999999927e-05,-1.029361999999999985e-02,-2.066919999999999868e-02
6.553600000000000408e-05,-1.544043999999999972e-02,-1.291824000000000097e-02
6.560000000000000889e-05,-1.801383999999999971e-02,-1.291824000000000097e-02
6.566400000000000015e-05,-2.058719999999999994e-02,-1.808554000000000064e-02
6.572800000000000495e-05,-1.544043999999999972e-02,-1.291824000000000097e-02
6.579200000000000976e-05,-7.720219999999999860e-03,-1.550189999999999901e-02
6.585600000000000102e-05,-1.801383999999999971e-02,-1.808554000000000064e-02
6.592000000000000583e-05,-1.286701999999999985e-02,-2.583639999999999895e-02
6.598400000000001063e-05,-1.286701999999999985e-02,-1.550189999999999901e-02
6.604800000000000189e-05,-1.544043999999999972e-02,-2.325279999999999708e-02
6.611200000000000670e-05,-1.029361999999999985e-02,-1.550189999999999901e-02
6.617599999999999795e-05,-1.801383999999999971e-02,-2.066919999999999868e-02
6.624000000000000276e-05,-1.029361999999999985e-02,-1.550189999999999901e-02
6.630400000000000757e-05,-7.720219999999999860e-03,-1.808554000000000064e-02
6.636799999999999883e-05,-1.801383999999999971e-02,-1.550189999999999901e-02
6.643200000000000363e-05,-1.029361999999999985e-02,-1.291824000000000097e-02
6.649600000000000844e-05,-1.801383999999999971e-02,-1.550189999999999901e-02
6.655999999999999970e-05,-1.544043999999999972e-02,-1.550189999999999901e-02
6.662400000000000451e-05,-1.544043999999999972e-02,-2.583639999999999895e-02
6.668800000000000932e-05,-1.544043999999999972e-02,-1.291824000000000097e-02
6.675200000000000057e-05,-2.058719999999999994e-02,-1.550189999999999901e-02
6.681600000000000538e-05,-2.316059999999999994e-02,-1.033459999999999934e-02
6.688000000000001019e-05,-1.286701999999999985e-02,-2.325279999999999708e-02
6.694400000000000144e-05,-1.029361999999999985e-02,-1.550189999999999901e-02
6.700800000000000625e-05,-1.544043999999999972e-02,-1.033459999999999934e-02
6.707199999999999751e-05,-1.801383999999999971e-02,-1.033459999999999934e-02
6.713600000000000232e-05,-1.544043999999999972e-02,-1.550189999999999901e-02
6.720000000000000712e-05,-7.720219999999999860e-03,-1.291824000000000097e-02
6.726399999999999838e-05,-2.058719999999999994e-02,-1.291824000000000097e-02
6.732800000000000319e-05,-1.029361999999999985e-02,-7.750940000000000434e-03
6.739200000000000800e-05,-1.029361999999999985e-02,-1.291824000000000097e-02
6.745599999999999925e-05,-1.801383999999999971e-02,-1.291824000000000097e-02
6.752000000000000406e-05,-1.544043999999999972e-02,-1.291824000000000097e-02
6.758400000000000887e-05,-2.058719999999999994e-02,-1.550189999999999901e-02
6.764800000000000012e-05,-1.029361999999999985e-02,-1.550189999999999901e-02
6.771200000000000493e-05,-7.720219999999999860e-03,-1.808554000000000064e-02
6.777600000000000974e-05,-1.544043999999999972e-02,-1.033459999999999934e-02
6.784000000000000100e-05,-2.573399999999999993e-02,-1.550189999999999901e-02
6.790400000000000580e-05,-1.286701999999999985e-02,-7.750940000000000434e-03
6.796800000000001061e-05,-1.801383999999999971e-02,-1.291824000000000097e-02
6.803200000000000187e-05,-2.573399999999999993e-02,-1.291824000000000097e-02
6.809600000000000668e-05,-1.544043999999999972e-02,-1.291824000000000097e-02
6.815999999999999793e-05,-1.801383999999999971e-02,-7.750940000000000434e-03
6.822400000000000274e-05,-1.544043999999999972e-02,-1.033459999999999934e-02
6.828800000000000755e-05,-1.286701999999999985e-02,-1.291824000000000097e-02
6.835199999999999880e-05,-1.801383999999999971e-02,-7.750940000000000434e-03
6.841600000000000361e-05,-1.801383999999999971e-02,-2.066919999999999868e-02
6.848000000000000842e-05,-1.544043999999999972e-02,-1.550189999999999901e-02
6.854399999999999968e-05,-1.801383999999999971e-02,-1.033459999999999934e-02
6.860800000000000448e-05,-1.286701999999999985e-02,-1.550189999999999901e-02
6.867200000000000929e-05,-2.573399999999999993e-02,-5.167299999999999671e-03
6.873600000000000055e-05,-1.286701999999999985e-02,-5.167299999999999671e-03
6.880000000000000536e-05,-2.058719999999999994e-02,-1.291824000000000097e-02
6.886400000000001017e-05,-1.544043999999999972e-02,-1.550189999999999901e-02
6.892800000000000142e-05,-1.286701999999999985e-02,-7.750940000000000434e-03
6.899200000000000623e-05,-2.058719999999999994e-02,-7.750940000000000434e-03
6.905600000000001104e-05,-1.029361999999999985e-02,-1.291824000000000097e-02
6.912000000000000229e-05,-7.720219999999999860e-03,-7.750940000000000434e-03
6.918400000000000710e-05,-1.286701999999999985e-02,-1.033459999999999934e-02
6.924799999999999836e-05,-1.029361999999999985e-02,-7.750940000000000434e-03
6.931200000000000317e-05,-7.720219999999999860e-03,-1.033459999999999934e-02
6.937600000000000797e-05,-1.286701999999999985e-02,-2.066919999999999868e-02
6.943999999999999923e-05,-7.720219999999999860e-03,-1.033459999999999934e-02
6.950400000000000404e-05,-2.058719999999999994e-02,-1.550189999999999901e-02
6.956800000000000885e-05,-1.544043999999999972e-02,-5.167299999999999671e-03
6.963200000000000010e-05,-5.146819999999999867e-03,-1.291824000000000097e-02
6.969600000000000491e-05,-1.029361999999999985e-02,-1.550189999999999901e-02
6.976000000000000972e-05,-1.801383999999999971e-02,-1.033459999999999934e-02
6.982400000000000097e-05,0.000000000000000000e+00,-5.167299999999999671e-03
6.988800000000000578e-05,-1.286701999999999985e-02,-7.750940000000000434e-03
6.995200000000001059e-05,-1.029361999999999985e-02,-1.291824000000000097e-02
7.001600000000000185e-05,-1.286701999999999985e-02,-1.291824000000000097e-02
7.008000000000000665e-05,-1.286701999999999985e-02,-1.550189999999999901e-02
7.014399999999999791e-05,-1.029361999999999985e-02,-1.291824000000000097e-02
7.020800000000000272e-05,-1.544043999999999972e-02,-1.033459999999999934e-02
7.027200000000000753e-05,-7.720219999999999860e-03,-1.808554000000000064e-02
7.033599999999999878e-05,-7.720219999999999860e-03,-1.291824000000000097e-02
7.040000000000000359e-05,-1.029361999999999985e-02,-2.583640000000000329e-03
7.046400000000000840e-05,-1.286701999999999985e-02,-1.550189999999999901e-02
7.052799999999999965e-05,-1.029361999999999985e-02,-7.750940000000000434e-03
7.059200000000000446e-05,-1.286701999999999985e-02,-1.033459999999999934e-02
7.065600000000000927e-05,-7.720219999999999860e-03,-1.808554000000000064e-02
7.072000000000000053e-05,-5.146819999999999867e-03,-1.550189999999999901e-02
7.078400000000000533e-05,-7.720219999999999860e-03,-7.750940000000000434e-03
7.084800000000001014e-05,-5.146819999999999867e-03,-1.033459999999999934e-02
7.091200000000000140e-05,-2.058719999999999994e-02,-1.033459999999999934e-02
7.097600000000000621e-05,-1.286701999999999985e-02,-1.808554000000000064e-02
7.104000000000001102e-05,-7.720219999999999860e-03,-1.033459999999999934e-02
7.110400000000000227e-05,-5.146819999999999867e-03,-1.291824000000000097e-02
7.116800000000000708e-05,-5.146819999999999867e-03,-5.167299999999999671e-03
7.123199999999999834e-05,-1.029361999999999985e-02,-7.750940000000000434e-03
7.129600000000000314e-05,-1.029361999999999985e-02,-1.291824000000000097e-02
7.136000000000000795e-05,-1.029361999999999985e-02,-7.750940000000000434e-03
7.142399999999999921e-05,-1.029361999999999985e-02,-1.033459999999999934e-02
7.148800000000000402e-05,-1.286701999999999985e-02,-7.750940000000000434e-03
7.155200000000000882e-05,0.000000000000000000e+00,-2.583640000000000329e-03
7.161600000000000008e-05,-1.029361999999999985e-02,-5.167299999999999671e-03
7.168000000000000489e-05,-1.286701999999999985e-02,-1.033459999999999934e-02
7.174400000000000970e-05,-1.286701999999999985e-02,-1.291824000000000097e-02
7.180800000000000095e-05,-5.146819999999999867e-03,-5.167299999999999671e-03
7.187200000000000576e-05,-1.029361999999999985e-02,-1.291824000000000097e-02
7.193600000000001057e-05,-5.146819999999999867e-03,-1.033459999999999934e-02
7.200000000000000182e-05,-5.146819999999999867e-03,-5.167299999999999671e-03
7.206400000000000663e-05,-7.720219999999999860e-03,-1.291824000000000097e-02
7.212799999999999789e-05,-1.544043999999999972e-02,-7.750940000000000434e-03
7.219200000000000270e-05,-1.801383999999999971e-02,-1.291824000000000097e-02
7.225600000000000750e-05,-1.029361999999999985e-02,-5.167299999999999671e-03
7.231999999999999876e-05,-1.544043999999999972e-02,-7.750940000000000434e-03
7.238400000000000357e-05,-7.720219999999999860e-03,-5.167299999999999671e-03
7.244800000000000838e-05,-2.573399999999999993e-03,-7.750940000000000434e-03
7.251199999999999963e-05,-7.720219999999999860e-03,-1.033459999999999934e-02
7.257600000000000444e-05,-1.286701999999999985e-02,-1.550189999999999901e-02
7.264000000000000925e-05,-1.029361999999999985e-02,-1.033459999999999934e-02
7.270400000000000050e-05,-1.544043999999999972e-02,-7.750940000000000434e-03
7.276800000000000531e-05,-1.286701999999999985e-02,-7.750940000000000434e-03
7.283200000000001012e-05,-1.286701999999999985e-02,-5.167299999999999671e-03
7.289600000000000138e-05,-7.720219999999999860e-03,-1.033459999999999934e-02
7.296000000000000619e-05,-5.146819999999999867e-03,-5.167299999999999671e-03
7.302400000000001099e-05,-1.029361999999999985e-02,-5.167299999999999671e-03
7.308800000000000225e-05,-1.029361999999999985e-02,-5.167299999999999671e-03
7.315200000000000706e-05,-1.544043999999999972e-02,-5.167299999999999671e-03
7.321599999999999831e-05,-1.029361999999999985e-02,-1.550189999999999901e-02
7.328000000000000312e-05,-7.720219999999999860e-03,-2.583640000000000329e-03
7.334400000000000793e-05,-7.720219999999999860e-03,-1.808554000000000064e-02
7.340799999999999919e-05,-1.029361999999999985e-02,-1.033459999999999934e-02
7.347200000000000399e-05,-7.720219999999999860e-03,-7.750940000000000434e-03
7.353600000000000880e-05,-1.286701999999999985e-02,-1.033459999999999934e-02
7.360000000000000006e-05,-1.029361999999999985e-02,-7.750940000000000434e-03
7.366400000000000487e-05,-7.720219999999999860e-03,-5.167299999999999671e-03
7.372800000000000967e-05,-1.544043999999999972e-02,-7.750940000000000434e-03
7.379200000000000093e-05,-1.029361999999999985e-02,-1.291824000000000097e-02
7.385600000000000574e-05,-7.720219999999999860e-03,-5.167299999999999671e-03
7.392000000000001055e-05,-5.146819999999999867e-03,-1.033459999999999934e-02
7.398400000000000180e-05,-7.720219999999999860e-03,-7.750940000000000434e-03
7.404800000000000661e-05,-2.573399999999999993e-03,-1.808554000000000064e-02
7.411199999999999787e-05,-7.720219999999999860e-03,-7.750940000000000434e-03
7.417600000000000267e-05,-1.029361999999999985e-02,-1.291824000000000097e-02
7.424000000000000748e-05,-7.720219999999999860e-03,-1.033459999999999934e-02
7.430399999999999874e-05,0.000000000000000000e+00,-1.033459999999999934e-02
7.436800000000000355e-05,-7.720219999999999860e-03,-7.750940000000000434e-03
7.443200000000000835e-05,-5.146819999999999867e-03,-7.750940000000000434e-03
7.449599999999999961e-05,-2.573399999999999993e-03,-2.583640000000000329e-03
7.456000000000000442e-05,-1.544043999999999972e-02,-5.167299999999999671e-03
7.462400000000000923e-05,0.000000000000000000e+00,-1.291824000000000097e-02
7.468800000000000048e-05,-1.544043999999999972e-02,-1.033459999999999934e-02
7.475200000000000529e-05,-2.573399999999999993e-03,-5.167299999999999671e-03
7.481600000000001010e-05,-5.146819999999999867e-03,-1.033459999999999934e-02
7.488000000000000135e-05,-2.573399999999999993e-03,-1.033459999999999934e-02
7.494400000000000616e-05,-1.029361999999999985e-02,-5.167299999999999671e-03
7.500800000000001097e-05,-1.286701999999999985e-02,-7.750940000000000434e-03
7.507200000000000223e-05,-1.029361999999999985e-02,-1.291824000000000097e-02
7.513600000000000704e-05,-5.146819999999999867e-03,-1.550189999999999901e-02
7.519999999999999829e-05,-1.029361999999999985e-02,-1.808554000000000064e-02
7.526400000000000310e-05,-7.720219999999999860e-03,-1.291824000000000097e-02
7.532800000000000791e-05,-5.146819999999999867e-03,0.000000000000000000e+00
7.539199999999999916e-05,-5.146819999999999867e-03,-1.550189999999999901e-02
7.545600000000000397e-05,-7.720219999999999860e-03,-5.167299999999999671e-03
7.552000000000000878e-05,-1.544043999999999972e-02,-2.583640000000000329e-03
7.558400000000000004e-05,-1.544043999999999972e-02,-1.291824000000000097e-02
7.564800000000000484e-05,-1.029361999999999985e-02,-7.750940000000000434e-03
7.571200000000000965e-05,-1.029361999999999985e-02,-1.291824000000000097e-02
7.577600000000000091e-05,-7.720219999999999860e-03,-7.750940000000000434e-03
7.584000000000000572e-05,-5.146819999999999867e-03,-1.033459999999999934e-02
7.590400000000001052e-05,-2.573399999999999993e-03,-5.167299999999999671e-03
7.596800000000000178e-05,-1.286701999999999985e-02,-1.291824000000000097e-02
7.603200000000000659e-05,-7.720219999999999860e-03,-1.291824000000000097e-02
7.609600000000001140e-05,-5.146819999999999867e-03,-5.167299999999999671e-03
7.616000000000000265e-05,-7.720219999999999860e-03,-1.550189999999999901e-02
7.622400000000000746e-05,-1.286701999999999985e-02,-1.291824000000000097e-02
7.628799999999999872e-05,-7.720219999999999860e-03,-7.750940000000000434e-03
7.635200000000000352e-05,-1.029361999999999985e-02,-7.750940000000000434e-03
7.641600000000000833e-05,-1.801383999999999971e-02,-1.033459999999999934e-02
7.647999999999999959e-05,-1.801383999999999971e-02,-1.808554000000000064e-02
7.654400000000000440e-05,-2.573399999999999993e-03,-1.550189999999999901e-02
7.660800000000000920e-05,-1.544043999999999972e-02,-2.583640000000000329e-03
7.667200000000000046e-05,-7.720219999999999860e-03,-1.808554000000000064e-02
7.673600000000000527e-05,-1.286701999999999985e-02,-1.033459999999999934e-02
7.680000000000001008e-05,-1.029361999999999985e-02,-1.550189999999999901e-02
7.686400000000000133e-05,-2.058719999999999994e-02,-1.808554000000000064e-02
7.692800000000000614e-05,-2.573399999999999993e-03,-5.167299999999999671e-03
7.699200000000001095e-05,-1.544043999999999972e-02,-5.167299999999999671e-03
7.705600000000000221e-05,-1.286701999999999985e-02,-1.033459999999999934e-02
7.712000000000000701e-05,-1.286701999999999985e-02,-5.167299999999999671e-03
7.718399999999999827e-05,-1.029361999999999985e-02,-2.583640000000000329e-03
7.724800000000000308e-05,-1.286701999999999985e-02,-1.808554000000000064e-02
7.731200000000000789e-05,-7.720219999999999860e-03,-7.750940000000000434e-03
7.737599999999999914e-05,-5.146819999999999867e-03,-7.750940000000000434e-03
7.744000000000000395e-05,-1.286701999999999985e-02,-7.750940000000000434e-03
7.750400000000000876e-05,-2.058719999999999994e-02,-5.167299999999999671e-03
7.756800000000000001e-05,-1.029361999999999985e-02,-1.550189999999999901e-02
7.763200000000000482e-05,-1.029361999999999985e-02,-1.033459999999999934e-02
7.769600000000000963e-05,-1.801383999999999971e-02,-1.033459999999999934e-02
7.776000000000000089e-05,-1.801383999999999971e-02,-2.066919999999999868e-02
7.782400000000000569e-05,-1.029361999999999985e-02,-2.066919999999999868e-02
7.788800000000001050e-05,-1.029361999999999985e-02,-1.033459999999999934e-02
7.795200000000000176e-05,-1.544043999999999972e-02,-1.033459999999999934e-02
7.801600000000000657e-05,-7.720219999999999860e-03,-1.291824000000000097e-02
7.808000000000001137e-05,-1.286701999999999985e-02,-1.291824000000000097e-02
7.814400000000000263e-05,-1.801383999999999971e-02,-1.808554000000000064e-02
7.820800000000000744e-05,-1.544043999999999972e-02,-1.550189999999999901e-02
7.827199999999999869e-05,-1.544043999999999972e-02,-2.066919999999999868e-02
7.833600000000000350e-05,-2.058719999999999994e-02,-1.550189999999999901e-02
7.840000000000000831e-05,-1.544043999999999972e-02,-2.583640000000000329e-03
7.846399999999999957e-05,-7.720219999999999860e-03,-1.550189999999999901e-02
7.852800000000000437e-05,-1.544043999999999972e-02,-7.750940000000000434e-03
7.859200000000000918e-05,-1.029361999999999985e-02,-1.033459999999999934e-02
7.865600000000000044e-05,-1.544043999999999972e-02,-2.325279999999999708e-02
7.872000000000000525e-05,-1.029361999999999985e-02,-1.291824000000000097e-02
7.878400000000001006e-05,-1.801383999999999971e-02,-1.550189999999999901e-02
7.884800000000000131e-05,-1.801383999999999971e-02,-1.033459999999999934e-02
7.891200000000000612e-05,-7.720219999999999860e-03,-1.033459999999999934e-02
7.897600000000001093e-05,-1.029361999999999985e-02,-1.291824000000000097e-02
7.904000000000000218e-05,-1.544043999999999972e-02,-1.808554000000000064e-02
7.910400000000000699e-05,-1.029361999999999985e-02,-5.167299999999999671e-03
7.916799999999999825e-05,-7.720219999999999860e-03,-2.066919999999999868e-02
7.923200000000000306e-05,-1.286701999999999985e-02,-1.033459999999999934e-02
7.929600000000000786e-05,-1.029361999999999985e-02,-1.291824000000000097e-02
7.935999999999999912e-05,-1.544043999999999972e-02,-1.550189999999999901e-02
7.942400000000000393e-05,-7.720219999999999860e-03,-1.550189999999999901e-02
7.948800000000000874e-05,-7.720219999999999860e-03,-1.550189999999999901e-02
7.955199999999999999e-05,-1.544043999999999972e-02,-1.033459999999999934e-02
7.961600000000000480e-05,-1.544043999999999972e-02,-1.291824000000000097e-02
7.968000000000000961e-05,-1.801383999999999971e-02,-2.583639999999999895e-02
7.974400000000000086e-05,-1.286701999999999985e-02,-7.750940000000000434e-03
7.980800000000000567e-05,-1.544043999999999972e-02,-1.033459999999999934e-02
7.987200000000001048e-05,-7.720219999999999860e-03,-2.325279999999999708e-02
7.993600000000000174e-05,-1.029361999999999985e-02,-1.808554000000000064e-02
8.000000000000000654e-05,-1.029361999999999985e-02,-1.550189999999999901e-02
8.006400000000001135e-05,-1.801383999999999971e-02,-1.291824000000000097e-02
8.012800000000000261e-05,-1.544043999999999972e-02,-1.291824000000000097e-02
8.019200000000000742e-05,-1.286701999999999985e-02,-1.033459999999999934e-02
8.025599999999999867e-05,-1.544043999999999972e-02,-1.291824000000000097e-02
8.032000000000000348e-05,-1.029361999999999985e-02,-1.550189999999999901e-02
8.038400000000000829e-05,-1.544043999999999972e-02,-2.066919999999999868e-02
8.044799999999999954e-05,-7.720219999999999860e-03,-1.033459999999999934e-02
8.051200000000000435e-05,-1.286701999999999985e-02,-2.583640000000000329e-03
8.057600000000000916e-05,-1.286701999999999985e-02,-1.291824000000000097e-02
8.064000000000000042e-05,-1.286701999999999985e-02,-1.033459999999999934e-02
8.070400000000000522e-05,-7.720219999999999860e-03,-1.808554000000000064e-02
8.076800000000001003e-05,-1.286701999999999985e-02,-1.291824000000000097e-02
8.083200000000000129e-05,-7.720219999999999860e-03,-1.550189999999999901e-02
8.089600000000000610e-05,-1.801383999999999971e-02,-2.066919999999999868e-02
8.096000000000001091e-05,-1.544043999999999972e-02,-1.033459999999999934e-02
8.102400000000000216e-05,-2.316059999999999994e-02,-1.550189999999999901e-02
8.108800000000000697e-05,-2.058719999999999994e-02,-1.033459999999999934e-02
8.115200000000001178e-05,-1.544043999999999972e-02,-1.291824000000000097e-02
8.121600000000000303e-05,-1.544043999999999972e-02,-2.066919999999999868e-02
8.128000000000000784e-05,-1.029361999999999985e-02,-1.291824000000000097e-02
8.134399999999999910e-05,-1.801383999999999971e-02,-7.750940000000000434e-03
8.140800000000000391e-05,-1.544043999999999972e-02,-1.550189999999999901e-02
8.147200000000000871e-05,-1.286701999999999985e-02,-1.291824000000000097e-02
8.153599999999999997e-05,-2.058719999999999994e-02,-1.550189999999999901e-02
8.160000000000000478e-05,-1.544043999999999972e-02,-1.291824000000000097e-02
8.166400000000000959e-05,-1.544043999999999972e-02,-1.291824000000000097e-02
8.172800000000000084e-05,-1.286701999999999985e-02,-2.325279999999999708e-02
8.179200000000000565e-05,-1.286701999999999985e-02,-1.291824000000000097e-02
8.185600000000001046e-05,-1.286701999999999985e-02,-1.033459999999999934e-02
8.192000000000000171e-05,-1.286701999999999985e-02,-1.550189999999999901e-02
8.198400000000000652e-05,-1.801383999999999971e-02,-1.808554000000000064e-02
8.204800000000001133e-05,-1.286701999999999985e-02,-1.550189999999999901e-02
8.211200000000000259e-05,-2.058719999999999994e-02,-1.033459999999999934e-02
8.217600000000000739e-05,-1.286701999999999985e-02,-2.066919999999999868e-02
8.223999999999999865e-05,-7.720219999999999860e-03,-2.066919999999999868e-02
8.230400000000000346e-05,-7.720219999999999860e-03,-1.808554000000000064e-02
8.236800000000000827e-05,-2.058719999999999994e-02,-1.808554000000000064e-02
8.243199999999999952e-05,-1.544043999999999972e-02,-1.291824000000000097e-02
8.249600000000000433e-05,-5.146819999999999867e-03,-1.033459999999999934e-02
8.256000000000000914e-05,-1.286701999999999985e-02,-1.550189999999999901e-02
8.262400000000000039e-05,-1.801383999999999971e-02,-1.291824000000000097e-02
8.268800000000000520e-05,-2.058719999999999994e-02,-1.291824000000000097e-02
8.275200000000001001e-05,-1.544043999999999972e-02,-1.808554000000000064e-02
8.281600000000000127e-05,-1.286701999999999985e-02,-1.550189999999999901e-02
8.288000000000000608e-05,-1.029361999999999985e-02,-1.550189999999999901e-02
8.294400000000001088e-05,-1.286701999999999985e-02,-1.033459999999999934e-02
8.300800000000000214e-05,-1.286701999999999985e-02,-1.291824000000000097e-02
8.307200000000000695e-05,-1.801383999999999971e-02,-1.291824000000000097e-02
8.313600000000001176e-05,-2.058719999999999994e-02,-1.808554000000000064e-02
8.320000000000000301e-05,-1.801383999999999971e-02,-2.325279999999999708e-02
8.326400000000000782e-05,-1.801383999999999971e-02,-2.325279999999999708e-02
8.332799999999999908e-05,-1.544043999999999972e-02,-1.033459999999999934e-02
8.339200000000000388e-05,-1.801383999999999971e-02,-1.033459999999999934e-02
8.345600000000000869e-05,-1.801383999999999971e-02,-1.808554000000000064e-02
8.351999999999999995e-05,-7.720219999999999860e-03,-1.808554000000000064e-02
8.358400000000000476e-05,-1.286701999999999985e-02,-1.808554000000000064e-02
8.364800000000000956e-05,-1.286701999999999985e-02,-1.808554000000000064e-02
8.371200000000000082e-05,-1.286701999999999985e-02,-1.808554000000000064e-02
8.377600000000000563e-05,-1.544043999999999972e-02,-2.066919999999999868e-02
8.384000000000001044e-05,-1.544043999999999972e-02,-2.325279999999999708e-02
8.390400000000000169e-05,-1.286701999999999985e-02,-7.750940000000000434e-03
8.396800000000000650e-05,-2.058719999999999994e-02,-1.033459999999999934e-02
8.403200000000001131e-05,-1.029361999999999985e-02,-1.291824000000000097e-02
8.409600000000000256e-05,-7.720219999999999860e-03,-1.808554000000000064e-02
8.416000000000000737e-05,-1.286701999999999985e-02,-1.291824000000000097e-02
8.422399999999999863e-05,-1.544043999999999972e-02,-1.808554000000000064e-02
8.428800000000000344e-05,-1.029361999999999985e-02,-1.291824000000000097e-02
8.435200000000000824e-05,-2.058719999999999994e-02,-7.750940000000000434e-03
8.441599999999999950e-05,-1.286701999999999985e-02,-1.291824000000000097e-02
8.448000000000000431e-05,-2.316059999999999994e-02,-1.291824000000000097e-02
8.454400000000000912e-05,-1.544043999999999972e-02,-1.808554000000000064e-02
8.460800000000000037e-05,-1.029361999999999985e-02,-1.808554000000000064e-02
8.467200000000000518e-05,-1.801383999999999971e-02,-2.325279999999999708e-02
8.473600000000000999e-05,-1.801383999999999971e-02,-1.033459999999999934e-02
8.480000000000000124e-05,-2.316059999999999994e-02,-2.583639999999999895e-02
8.486400000000000605e-05,-1.544043999999999972e-02,-2.325279999999999708e-02
8.492800000000001086e-05,-2.058719999999999994e-02,-1.550189999999999901e-02
8.499200000000000212e-05,-1.286701999999999985e-02,-1.291824000000000097e-02
8.505600000000000693e-05,-1.286701999999999985e-02,-1.291824000000000097e-02
8.512000000000001173e-05,-1.544043999999999972e-02,-1.550189999999999901e-02
8.518400000000000299e-05,-1.544043999999999972e-02,-2.066919999999999868e-02
8.524800000000000780e-05,-5.146819999999999867e-03,-1.291824000000000097e-02
8.531199999999999905e-05,-1.801383999999999971e-02,-2.325279999999999708e-02
8.537600000000000386e-05,-1.029361999999999985e-02,-1.550189999999999901e-02
8.544000000000000867e-05,-7.720219999999999860e-03,-2.066919999999999868e-02
8.550399999999999993e-05,-1.286701999999999985e-02,-1.550189999999999901e-02
8.556800000000000473e-05,-1.801383999999999971e-02,-1.550189999999999901e-02
8.563200000000000954e-05,-1.801383999999999971e-02,-7.750940000000000434e-03
8.569600000000000080e-05,-1.801383999999999971e-02,-1.550189999999999901e-02
8.576000000000000561e-05,-1.029361999999999985e-02,-2.066919999999999868e-02
8.582400000000001041e-05,-1.544043999999999972e-02,-7.750940000000000434e-03
8.588800000000000167e-05,-2.573399999999999993e-02,-1.550189999999999901e-02
8.595200000000000648e-05,-1.544043999999999972e-02,-1.291824000000000097e-02
8.601600000000001129e-05,-1.544043999999999972e-02,-1.808554000000000064e-02
8.608000000000000254e-05,-1.029361999999999985e-02,-1.033459999999999934e-02
8.614400000000000735e-05,-1.286701999999999985e-02,-1.550189999999999901e-02
8.620799999999999861e-05,-1.286701999999999985e-02,-2.066919999999999868e-02
8.627200000000000341e-05,-1.286701999999999985e-02,-1.291824000000000097e-02
8.633600000000000822e-05,-1.544043999999999972e-02,-1.808554000000000064e-02
8.639999999999999948e-05,-5.146819999999999867e-03,-1.291824000000000097e-02
8.646400000000000429e-05,-1.544043999999999972e-02,-5.167299999999999671e-03
8.652800000000000909e-05,-1.029361999999999985e-02,-1.291824000000000097e-02
8.659200000000000035e-05,-7.720219999999999860e-03,-1.550189999999999901e-02
8.665600000000000516e-05,-1.544043999999999972e-02,-1.808554000000000064e-02
8.672000000000000997e-05,-2.058719999999999994e-02,-1.550189999999999901e-02
8.678400000000000122e-05,-2.573399999999999993e-03,-1.291824000000000097e-02
8.684800000000000603e-05,-1.286701999999999985e-02,-1.550189999999999901e-02
8.691200000000001084e-05,-5.146819999999999867e-03,-2.066919999999999868e-02
8.697600000000000210e-05,-7.720219999999999860e-03,-7.750940000000000434e-03
8.704000000000000690e-05,-7.720219999999999860e-03,-1.808554000000000064e-02
8.710400000000001171e-05,-1.029361999999999985e-02,-1.550189999999999901e-02
8.716800000000000297e-05,-1.029361999999999985e-02,-1.550189999999999901e-02
8.723200000000000778e-05,0.000000000000000000e+00,-1.808554000000000064e-02
8.729599999999999903e-05,-1.029361999999999985e-02,-1.033459999999999934e-02
8.736000000000000384e-05,-1.286701999999999985e-02,-1.808554000000000064e-02
8.742400000000000865e-05,-1.286701999999999985e-02,-5.167299999999999671e-03
8.748799999999999990e-05,-1.029361999999999985e-02,-1.550189999999999901e-02
8.755200000000000471e-05,-7.720219999999999860e-03,-1.033459999999999934e-02
8.761600000000000952e-05,-1.544043999999999972e-02,-1.808554000000000064e-02
8.768000000000000078e-05,-7.720219999999999860e-03,-1.550189999999999901e-02
8.774400000000000558e-05,-7.720219999999999860e-03,-7.750940000000000434e-03
8.780800000000001039e-05,-7.720219999999999860e-03,-1.550189999999999901e-02
8.787200000000000165e-05,-7.720219999999999860e-03,-1.291824000000000097e-02
8.793600000000000646e-05,-7.720219999999999860e-03,-1.808554000000000064e-02
8.800000000000001126e-05,-1.286701999999999985e-02,-1.808554000000000064e-02
8.806400000000000252e-05,-1.286701999999999985e-02,-2.066919999999999868e-02
8.812800000000000733e-05,-2.573399999999999993e-03,-1.291824000000000097e-02
8.819200000000001214e-05,-2.573399999999999993e-03,-1.291824000000000097e-02
8.825600000000000339e-05,-5.146819999999999867e-03,-1.550189999999999901e-02
8.832000000000000820e-05,-5.146819999999999867e-03,-1.550189999999999901e-02
8.838399999999999946e-05,-5.146819999999999867e-03,-1.033459999999999934e-02
8.844800000000000426e-05,-5.146819999999999867e-03,-1.808554000000000064e-02
8.851200000000000907e-05,-7.720219999999999860e-03,-2.583640000000000329e-03
8.857600000000000033e-05,-5.146819999999999867e-03,-1.291824000000000097e-02
8.864000000000000514e-05,-5.146819999999999867e-03,-1.808554000000000064e-02
8.870400000000000995e-05,-1.286701999999999985e-02,-7.750940000000000434e-03
8.876800000000000120e-05,-5.146819999999999867e-03,-1.033459999999999934e-02
8.883200000000000601e-05,-7.720219999999999860e-03,-1.033459999999999934e-02
8.889600000000001082e-05,-5.146819999999999867e-03,-1.550189999999999901e-02
8.896000000000000207e-05,-1.286701999999999985e-02,-1.033459999999999934e-02
8.902400000000000688e-05,-1.029361999999999985e-02,-7.750940000000000434e-03
8.908800000000001169e-05,-1.286701999999999985e-02,-1.808554000000000064e-02
8.915200000000000295e-05,-1.286701999999999985e-02,-1.808554000000000064e-02
8.921600000000000775e-05,-1.029361999999999985e-02,-1.033459999999999934e-02
8.927999999999999901e-05,-1.286701999999999985e-02,-1.291824000000000097e-02
8.934400000000000382e-05,-1.029361999999999985e-02,-7.750940000000000434e-03
8.940800000000000863e-05,-5.146819999999999867e-03,-1.808554000000000064e-02
8.947199999999999988e-05,-2.573399999999999993e-03,-1.033459999999999934e-02
8.953600000000000469e-05,-1.029361999999999985e-02,-5.167299999999999671e-03
8.960000000000000950e-05,-1.286701999999999985e-02,-1.291824000000000097e-02
8.966400000000000075e-05,-1.801383999999999971e-02,-1.033459999999999934e-02
8.972800000000000556e-05,-1.029361999999999985e-02,-1.291824000000000097e-02
8.979200000000001037e-05,-7.720219999999999860e-03,-1.033459999999999934e-02
8.985600000000000163e-05,-7.720219999999999860e-03,-1.033459999999999934e-02
8.992000000000000643e-05,-1.029361999999999985e-02,-1.291824000000000097e-02
8.998400000000001124e-05,-7.720219999999999860e-03,-1.291824000000000097e-02
9.004800000000000250e-05,-1.286701999999999985e-02,-1.033459999999999934e-02
9.011200000000000731e-05,-5.146819999999999867e-03,-1.033459999999999934e-02
9.017600000000001211e-05,-2.573399999999999993e-03,-5.167299999999999671e-03
9.024000000000000337e-05,-1.029361999999999985e-02,-1.291824000000000097e-02
9.030400000000000818e-05,-1.544043999999999972e-02,-1.550189999999999901e-02
9.036799999999999943e-05,-1.029361999999999985e-02,-1.808554000000000064e-02
9.043200000000000424e-05,-7.720219999999999860e-03,-7.750940000000000434e-03
9.049600000000000905e-05,-7.720219999999999860e-03,-1.033459999999999934e-02
9.056000000000000031e-05,-1.544043999999999972e-02,-1.808554000000000064e-02
9.062400000000000511e-05,-1.544043999999999972e-02,-5.167299999999999671e-03
9.068800000000000992e-05,-1.029361999999999985e-02,-1.550189999999999901e-02
9.075200000000000118e-05,-1.029361999999999985e-02,-1.291824000000000097e-02
9.081600000000000599e-05,-1.286701999999999985e-02,-1.291824000000000097e-02
9.088000000000001080e-05,-1.286701999999999985e-02,-1.291824000000000097e-02
9.094400000000000205e-05,-1.286701999999999985e-02,-1.033459999999999934e-02
9.100800000000000686e-05,-1.286701999999999985e-02,-1.033459999999999934e-02
9.107200000000001167e-05,-5.146819999999999867e-03,-7.750940000000000434e-03
9.113600000000000292e-05,-1.029361999999999985e-02,-1.291824000000000097e-02
9.120000000000000773e-05,-1.029361999999999985e-02,-1.550189999999999901e-02
9.126399999999999899e-05,-7.720219999999999860e-03,-2.583640000000000329e-03
9.132800000000000380e-05,-1.029361999999999985e-02,-1.033459999999999934e-02
9.139200000000000860e-05,-7.720219999999999860e-03,-5.167299999999999671e-03
9.145599999999999986e-05,-7.720219999999999860e-03,-1.550189999999999901e-02
9.152000000000000467e-05,-1.029361999999999985e-02,-1.291824000000000097e-02
9.158400000000000948e-05,-1.029361999999999985e-02,-1.550189999999999901e-02
9.164800000000000073e-05,-5.146819999999999867e-03,-1.033459999999999934e-02
9.171200000000000554e-05,-1.029361999999999985e-02,-1.550189999999999901e-02
9.177600000000001035e-05,-7.720219999999999860e-03,-7.750940000000000434e-03
9.184000000000000160e-05,-1.286701999999999985e-02,-5.167299999999999671e-03
9.190400000000000641e-05,-2.058719999999999994e-02,-1.291824000000000097e-02
9.196800000000001122e-05,-1.801383999999999971e-02,-2.583640000000000329e-03
9.203200000000000248e-05,-7.720219999999999860e-03,-5.167299999999999671e-03
9.209600000000000728e-05,-1.801383999999999971e-02,-1.291824000000000097e-02
9.216000000000001209e-05,-5.146819999999999867e-03,-1.291824000000000097e-02
9.222400000000000335e-05,-1.286701999999999985e-02,-1.550189999999999901e-02
9.228800000000000816e-05,-1.544043999999999972e-02,-7.750940000000000434e-03
9.235199999999999941e-05,-7.720219999999999860e-03,-1.033459999999999934e-02
9.241600000000000422e-05,-1.286701999999999985e-02,-1.808554000000000064e-02
9.248000000000000903e-05,-7.720219999999999860e-03,-1.033459999999999934e-02
9.254400000000000028e-05,-1.286701999999999985e-02,-5.167299999999999671e-03
9.260800000000000509e-05,-1.286701999999999985e-02,-1.291824000000000097e-02
9.267200000000000990e-05,-1.286701999999999985e-02,-1.291824000000000097e-02
9.273600000000000116e-05,-1.286701999999999985e-02,-1.033459999999999934e-02
9.280000000000000597e-05,-1.286701999999999985e-02,-1.033459999999999934e-02
9.286400000000001077e-05,-1.029361999999999985e-02,-1.033459999999999934e-02
9.292800000000000203e-05,-1.286701999999999985e-02,-1.033459999999999934e-02
9.299200000000000684e-05,-5.146819999999999867e-03,-1.291824000000000097e-02
9.305600000000001165e-05,-1.029361999999999985e-02,-7.750940000000000434e-03
9.312000000000000290e-05,-5.146819999999999867e-03,-5.167299999999999671e-03
9.318400000000000771e-05,-1.029361999999999985e-02,-1.033459999999999934e-02
9.324800000000001252e-05,-1.286701999999999985e-02,-1.550189999999999901e-02
9.331200000000000377e-05,-1.801383999999999971e-02,-7.750940000000000434e-03
9.337600000000000858e-05,-5.146819999999999867e-03,-1.808554000000000064e-02
9.343999999999999984e-05,-1.286701999999999985e-02,-1.033459999999999934e-02
9.350400000000000465e-05,-1.544043999999999972e-02,-2.583640000000000329e-03
9.356800000000000945e-05,-1.286701999999999985e-02,-2.583640000000000329e-03
9.363200000000000071e-05,-1.544043999999999972e-02,-1.033459999999999934e-02
9.369600000000000552e-05,-5.146819999999999867e-03,-7.750940000000000434e-03
9.376000000000001033e-05,-1.029361999999999985e-02,-1.291824000000000097e-02
9.382400000000000158e-05,-7.720219999999999860e-03,-1.033459999999999934e-02
9.388800000000000639e-05,-1.286701999999999985e-02,-1.033459999999999934e-02
9.395200000000001120e-05,-1.029361999999999985e-02,-1.808554000000000064e-02
9.401600000000000245e-05,-7.720219999999999860e-03,-7.750940000000000434e-03
9.408000000000000726e-05,-1.544043999999999972e-02,-1.033459999999999934e-02
9.414400000000001207e-05,-7.720219999999999860e-03,-1.033459999999999934e-02
9.420800000000000333e-05,-1.286701999999999985e-02,-2.066919999999999868e-02
9.427200000000000813e-05,-1.286701999999999985e-02,-7.750940000000000434e-03
9.433599999999999939e-05,-1.286701999999999985e-02,-1.550189999999999901e-02
9.440000000000000420e-05,-5.146819999999999867e-03,-1.550189999999999901e-02
9.446400000000000901e-05,-1.029361999999999985e-02,-1.033459999999999934e-02
9.452800000000000026e-05,-1.801383999999999971e-02,-1.291824000000000097e-02
9.459200000000000507e-05,-7.720219999999999860e-03,-1.550189999999999901e-02
9.465600000000000988e-05,-1.029361999999999985e-02,-1.808554000000000064e-02
9.472000000000000113e-05,-1.286701999999999985e-02,-1.291824000000000097e-02
9.478400000000000594e-05,-1.544043999999999972e-02,-1.808554000000000064e-02
9.484800000000001075e-05,-1.029361999999999985e-02,-1.550189999999999901e-02
9.491200000000000201e-05,-7.720219999999999860e-03,-5.167299999999999671e-03
9.497600000000000682e-05,-1.286701999999999985e-02,-2.066919999999999868e-02
9.504000000000001162e-05,-7.720219999999999860e-03,-1.808554000000000064e-02
9.510400000000000288e-05,-1.801383999999999971e-02,-1.808554000000000064e-02
9.516800000000000769e-05,-1.801383999999999971e-02,-1.550189999999999901e-02
9.523200000000001250e-05,-2.058719999999999994e-02,-1.550189999999999901e-02
9.529600000000000375e-05,-1.029361999999999985e-02,-1.808554000000000064e-02
9.536000000000000856e-05,-1.544043999999999972e-02,-1.291824000000000097e-02
9.542399999999999982e-05,-7.720219999999999860e-03,-1.808554000000000064e-02
9.548800000000000462e-05,-2.058719999999999994e-02,-1.550189999999999901e-02
9.555200000000000943e-05,-1.544043999999999972e-02,-1.550189999999999901e-02
9.561600000000000069e-05,-1.286701999999999985e-02,-1.808554000000000064e-02
9.568000000000000550e-05,-2.058719999999999994e-02,-1.033459999999999934e-02
9.574400000000001030e-05,-2.058719999999999994e-02,-2.325279999999999708e-02
9.580800000000000156e-05,-2.573399999999999993e-03,-2.325279999999999708e-02
9.587200000000000637e-05,-1.286701999999999985e-02,-1.291824000000000097e-02
9.593600000000001118e-05,-1.029361999999999985e-02,-1.550189999999999901e-02
9.600000000000000243e-05,-1.286701999999999985e-02,-1.291824000000000097e-02
9.606400000000000724e-05,-1.286701999999999985e-02,-1.291824000000000097e-02
9.612800000000001205e-05,-1.544043999999999972e-02,-2.066919999999999868e-02
9.619200000000000330e-05,-1.286701999999999985e-02,-1.550189999999999901e-02
9.625600000000000811e-05,-1.286701999999999985e-02,-1.808554000000000064e-02
9.631999999999999937e-05,-1.029361999999999985e-02,-1.033459999999999934e-02
9.638400000000000418e-05,-2.058719999999999994e-02,-1.550189999999999901e-02
9.644800000000000898e-05,-1.286701999999999985e-02,-1.291824000000000097e-02
9.651200000000000024e-05,-1.286701999999999985e-02,-1.033459999999999934e-02
9.657600000000000505e-05,-1.544043999999999972e-02,-1.291824000000000097e-02
9.664000000000000986e-05,-7.720219999999999860e-03,-1.033459999999999934e-02
9.670400000000000111e-05,-1.286701999999999985e-02,-5.167299999999999671e-03
9.676800000000000592e-05,-1.029361999999999985e-02,-1.291824000000000097e-02
9.683200000000001073e-05,-1.029361999999999985e-02,-1.550189999999999901e-02
9.689600000000000198e-05,-1.029361999999999985e-02,-1.550189999999999901e-02
9.696000000000000679e-05,-1.801383999999999971e-02,-1.808554000000000064e-02
9.702400000000001160e-05,-1.286701999999999985e-02,-2.066919999999999868e-02
9.708800000000000286e-05,-1.544043999999999972e-02,-1.808554000000000064e-02
9.715200000000000767e-05,-1.801383999999999971e-02,-1.808554000000000064e-02
9.721600000000001247e-05,-1.286701999999999985e-02,-1.550189999999999901e-02
9.728000000000000373e-05,-5.146819999999999867e-03,-1.291824000000000097e-02
9.734400000000000854e-05,-1.286701999999999985e-02,-1.291824000000000097e-02
9.740799999999999979e-05,-1.029361999999999985e-02,-1.291824000000000097e-02
9.747200000000000460e-05,-1.029361999999999985e-02,-1.291824000000000097e-02
9.753600000000000941e-05,-7.720219999999999860e-03,-1.550189999999999901e-02
9.760000000000000067e-05,-1.029361999999999985e-02,-1.291824000000000097e-02
9.766400000000000547e-05,-7.720219999999999860e-03,-1.033459999999999934e-02
9.772800000000001028e-05,-1.544043999999999972e-02,-1.808554000000000064e-02
9.779200000000000154e-05,-1.544043999999999972e-02,-1.550189999999999901e-02
9.785600000000000635e-05,-1.801383999999999971e-02,-1.291824000000000097e-02
9.792000000000001115e-05,-1.801383999999999971e-02,-1.808554000000000064e-02
9.798400000000000241e-05,-1.544043999999999972e-02,-1.291824000000000097e-02
9.804800000000000722e-05,-1.801383999999999971e-02,-1.291824000000000097e-02
9.811200000000001203e-05,-1.029361999999999985e-02,-1.291824000000000097e-02
9.817600000000000328e-05,-1.801383999999999971e-02,-1.291824000000000097e-02
9.824000000000000809e-05,-1.544043999999999972e-02,-1.550189999999999901e-02
9.830400000000001290e-05,-5.146819999999999867e-03,-1.808554000000000064e-02
9.836800000000000415e-05,-1.801383999999999971e-02,-1.550189999999999901e-02
9.843200000000000896e-05,-7.720219999999999860e-03,-1.291824000000000097e-02
9.849600000000000022e-05,-7.720219999999999860e-03,-1.808554000000000064e-02
9.856000000000000503e-05,-1.286701999999999985e-02,-1.033459999999999934e-02
9.862400000000000983e-05,-1.029361999999999985e-02,-1.291824000000000097e-02
9.868800000000000109e-05,-1.286701999999999985e-02,-1.550189999999999901e-02
9.875200000000000590e-05,-1.029361999999999985e-02,-1.291824000000000097e-02
9.881600000000001071e-05,-1.544043999999999972e-02,-1.550189999999999901e-02
9.888000000000000196e-05,-1.544043999999999972e-02,-2.325279999999999708e-02
9.894400000000000677e-05,-1.286701999999999985e-02,-1.808554000000000064e-02
9.900800000000001158e-05,-1.801383999999999971e-02,-1.550189999999999901e-02
9.907200000000000284e-05,-7.720219999999999860e-03,-7.750940000000000434e-03
9.913600000000000764e-05,-1.544043999999999972e-02,-1.808554000000000064e-02
9.920000000000001245e-05,-7.720219999999999860e-03,-1.033459999999999934e-02
9.926400000000000371e-05,-1.029361999999999985e-02,-1.291824000000000097e-02
9.932800000000000852e-05,-1.286701999999999985e-02,-1.550189999999999901e-02
9.939199999999999977e-05,-7.720219999999999860e-03,-1.550189999999999901e-02
9.945600000000000458e-05,-1.286701999999999985e-02,-1.291824000000000097e-02
9.952000000000000939e-05,-5.146819999999999867e-03,-1.291824000000000097e-02
9.958400000000000064e-05,-2.573399999999999993e-03,-1.291824000000000097e-02
9.964800000000000545e-05,-1.286701999999999985e-02,-1.550189999999999901e-02
9.971200000000001026e-05,-1.029361999999999985e-02,-1.550189999999999901e-02
9.977600000000000152e-05,-1.544043999999999972e-02,-1.291824000000000097e-02
9.984000000000000632e-05,-7.720219999999999860e-03,-1.550189999999999901e-02
9.990400000000001113e-05,-7.720219999999999860e-03,-1.550189999999999901e-02
9.996800000000000239e-05,-7.720219999999999860e-03,-1.550189999999999901e-02
1.000320000000000072e-04,-7.720219999999999860e-03,-7.750940000000000434e-03
1.000960000000000120e-04,-1.029361999999999985e-02,-1.291824000000000097e-02
1.001600000000000033e-04,-5.146819999999999867e-03,-1.550189999999999901e-02
1.002240000000000081e-04,-7.720219999999999860e-03,-1.291824000000000097e-02
1.002880000000000129e-04,-1.544043999999999972e-02,-5.167299999999999671e-03
1.003520000000000041e-04,-1.286701999999999985e-02,-1.550189999999999901e-02
1.004160000000000089e-04,-1.286701999999999985e-02,-1.291824000000000097e-02
1.004800000000000002e-04,-1.286701999999999985e-02,-1.291824000000000097e-02
1.005440000000000050e-04,0.000000000000000000e+00,-1.291824000000000097e-02
1.006080000000000098e-04,0.000000000000000000e+00,-1.550189999999999901e-02
1.006720000000000011e-04,-7.720219999999999860e-03,-1.033459999999999934e-02
1.007360000000000059e-04,-1.029361999999999985e-02,-1.033459999999999934e-02
1.008000000000000107e-04,-2.573399999999999993e-03,-1.550189999999999901e-02
1.008640000000000019e-04,-7.720219999999999860e-03,-1.550189999999999901e-02
1.009280000000000067e-04,-5.146819999999999867e-03,-1.291824000000000097e-02
1.009920000000000116e-04,-1.029361999999999985e-02,-7.750940000000000434e-03
1.010560000000000028e-04,-1.029361999999999985e-02,-1.808554000000000064e-02
1.011200000000000076e-04,-5.146819999999999867e-03,-1.550189999999999901e-02
1.011840000000000124e-04,-2.573399999999999993e-03,-7.750940000000000434e-03
1.012480000000000037e-04,-1.029361999999999985e-02,-7.750940000000000434e-03
1.013120000000000085e-04,-1.029361999999999985e-02,-2.583640000000000329e-03
1.013759999999999997e-04,-2.573399999999999993e-03,-1.550189999999999901e-02
1.014400000000000046e-04,-7.720219999999999860e-03,-1.550189999999999901e-02
1.015040000000000094e-04,-7.720219999999999860e-03,-1.550189999999999901e-02
1.015680000000000006e-04,-1.801383999999999971e-02,-7.750940000000000434e-03
1.016320000000000054e-04,-5.146819999999999867e-03,-1.291824000000000097e-02
1.016960000000000102e-04,-7.720219999999999860e-03,-1.033459999999999934e-02
1.017600000000000015e-04,0.000000000000000000e+00,-1.550189999999999901e-02
1.018240000000000063e-04,-5.146819999999999867e-03,-1.291824000000000097e-02
1.018880000000000111e-04,-7.720219999999999860e-03,-1.291824000000000097e-02
1.019520000000000024e-04,-1.286701999999999985e-02,-1.550189999999999901e-02
1.020160000000000072e-04,-1.286701999999999985e-02,-5.167299999999999671e-03
1.020800000000000120e-04,-5.146819999999999867e-03,-1.291824000000000097e-02
1.021440000000000032e-04,-7.720219999999999860e-03,-7.750940000000000434e-03
1.022080000000000080e-04,-7.720219999999999860e-03,-1.550189999999999901e-02
1.022720000000000129e-04,-2.573399999999999993e-03,-1.550189999999999901e-02
1.023360000000000041e-04,0.000000000000000000e+00,-1.550189999999999901e-02
1.024000000000000089e-04,-2.573399999999999993e-03,-1.291824000000000097e-02
1.024640000000000002e-04,-5.146819999999999867e-03,-1.808554000000000064e-02
1.025280000000000050e-04,-5.146819999999999867e-03,-1.291824000000000097e-02
1.025920000000000098e-04,-7.720219999999999860e-03,-1.291824000000000097e-02
1.026560000000000010e-04,-5.146819999999999867e-03,-1.550189999999999901e-02
1.027200000000000059e-04,-7.720219999999999860e-03,-1.033459999999999934e-02
1.027840000000000107e-04,-5.146819999999999867e-03,-1.550189999999999901e-02
1.028480000000000019e-04,-7.720219999999999860e-03,-1.550189999999999901e-02
1.029120000000000067e-04,-5.146819999999999867e-03,-7.750940000000000434e-03
1.029760000000000115e-04,-1.029361999999999985e-02,-1.033459999999999934e-02
1.030400000000000028e-04,-2.058719999999999994e-02,-5.167299999999999671e-03
1.031040000000000076e-04,-1.544043999999999972e-02,-1.550189999999999901e-02
1.031680000000000124e-04,-1.029361999999999985e-02,-1.033459999999999934e-02
1.032320000000000037e-04,-1.286701999999999985e-02,-2.066919999999999868e-02
1.032960000000000085e-04,-7.720219999999999860e-03,-1.033459999999999934e-02
1.033599999999999997e-04,-1.029361999999999985e-02,-1.033459999999999934e-02
1.034240000000000045e-04,-5.146819999999999867e-03,-1.808554000000000064e-02
1.034880000000000093e-04,-2.573399999999999993e-03,-1.033459999999999934e-02
1.035520000000000006e-04,-5.146819999999999867e-03,-5.167299999999999671e-03
1.036160000000000054e-04,-1.029361999999999985e-02,-1.291824000000000097e-02
1.036800000000000102e-04,-1.029361999999999985e-02,-2.066919999999999868e-02
1.037440000000000015e-04,-5.146819999999999867e-03,-7.750940000000000434e-03
1.038080000000000063e-04,-1.029361999999999985e-02,-2.325279999999999708e-02
1.038720000000000111e-04,-1.029361999999999985e-02,-7.750940000000000434e-03
1.039360000000000023e-04,-1.286701999999999985e-02,-1.033459999999999934e-02
1.040000000000000072e-04,-7.720219999999999860e-03,-1.550189999999999901e-02
1.040640000000000120e-04,-7.720219999999999860e-03,-1.550189999999999901e-02
1.041280000000000032e-04,-1.286701999999999985e-02,-1.033459999999999934e-02
1.041920000000000080e-04,5.146819999999999867e-03,-2.325279999999999708e-02
1.042560000000000128e-04,-5.146819999999999867e-03,-1.033459999999999934e-02
1.043200000000000041e-04,-7.720219999999999860e-03,-1.291824000000000097e-02
1.043840000000000089e-04,-1.286701999999999985e-02,-2.583640000000000329e-03
1.044480000000000002e-04,-1.029361999999999985e-02,-1.291824000000000097e-02
1.045120000000000050e-04,-1.286701999999999985e-02,-1.550189999999999901e-02
1.045760000000000098e-04,-7.720219999999999860e-03,-5.167299999999999671e-03
1.046400000000000010e-04,-1.801383999999999971e-02,-1.550189999999999901e-02
1.047040000000000058e-04,-7.720219999999999860e-03,-1.550189999999999901e-02
1.047680000000000106e-04,-7.720219999999999860e-03,-1.033459999999999934e-02
1.048320000000000019e-04,-7.720219999999999860e-03,-7.750940000000000434e-03
1.048960000000000067e-04,-7.720219999999999860e-03,-1.291824000000000097e-02
1.049600000000000115e-04,-5.146819999999999867e-03,-7.750940000000000434e-03
1.050240000000000028e-04,-1.801383999999999971e-02,-1.291824000000000097e-02
1.050880000000000076e-04,-1.544043999999999972e-02,-1.033459999999999934e-02
1.051520000000000124e-04,-1.801383999999999971e-02,-7.750940000000000434e-03
1.052160000000000036e-04,-1.029361999999999985e-02,-1.033459999999999934e-02
1.052800000000000084e-04,-1.801383999999999971e-02,-1.033459999999999934e-02
1.053440000000000133e-04,-1.029361999999999985e-02,-1.550189999999999901e-02
1.054080000000000045e-04,-1.029361999999999985e-02,-7.750940000000000434e-03
1.054720000000000093e-04,-1.544043999999999972e-02,-1.291824000000000097e-02
1.055360000000000006e-04,-1.286701999999999985e-02,-5.167299999999999671e-03
1.056000000000000054e-04,-1.029361999999999985e-02,-7.750940000000000434e-03
1.056640000000000102e-04,-1.029361999999999985e-02,-2.583640000000000329e-03
1.057280000000000014e-04,-5.146819999999999867e-03,-7.750940000000000434e-03
1.057920000000000063e-04,-2.058719999999999994e-02,-1.033459999999999934e-02
1.058560000000000111e-04,-1.286701999999999985e-02,-1.033459999999999934e-02
1.059200000000000023e-04,-1.544043999999999972e-02,-1.550189999999999901e-02
1.059840000000000071e-04,-1.544043999999999972e-02,-1.291824000000000097e-02
1.060480000000000119e-04,-1.801383999999999971e-02,-2.583640000000000329e-03
1.061120000000000032e-04,-7.720219999999999860e-03,-1.033459999999999934e-02
1.061760000000000080e-04,-7.720219999999999860e-03,-1.291824000000000097e-02
1.062400000000000128e-04,-5.146819999999999867e-03,-1.550189999999999901e-02
1.063040000000000041e-04,-1.286701999999999985e-02,-1.291824000000000097e-02
1.063680000000000089e-04,-7.720219999999999860e-03,-1.550189999999999901e-02
1.064320000000000001e-04,-1.029361999999999985e-02,-1.291824000000000097e-02
1.064960000000000049e-04,-1.544043999999999972e-02,-1.808554000000000064e-02
1.065600000000000097e-04,-1.544043999999999972e-02,-7.750940000000000434e-03
1.066240000000000010e-04,-1.286701999999999985e-02,-5.167299999999999671e-03
1.066880000000000058e-04,-1.801383999999999971e-02,-7.750940000000000434e-03
1.067520000000000106e-04,-1.544043999999999972e-02,-5.167299999999999671e-03
1.068160000000000019e-04,-1.286701999999999985e-02,-7.750940000000000434e-03
1.068800000000000067e-04,-1.801383999999999971e-02,-1.033459999999999934e-02
1.069440000000000115e-04,-1.286701999999999985e-02,-7.750940000000000434e-03
1.070080000000000027e-04,-7.720219999999999860e-03,-2.583640000000000329e-03
1.070720000000000076e-04,-1.544043999999999972e-02,-5.167299999999999671e-03
1.071360000000000124e-04,-1.029361999999999985e-02,-1.808554000000000064e-02
1.072000000000000036e-04,-1.029361999999999985e-02,-1.033459999999999934e-02
1.072640000000000084e-04,-1.544043999999999972e-02,-1.291824000000000097e-02
1.073280000000000132e-04,-1.029361999999999985e-02,-5.167299999999999671e-03
1.073920000000000045e-04,-1.029361999999999985e-02,-7.750940000000000434e-03
1.074560000000000093e-04,-1.029361999999999985e-02,-1.550189999999999901e-02
1.075200000000000006e-04,-1.286701999999999985e-02,-1.550189999999999901e-02
1.075840000000000054e-04,-1.286701999999999985e-02,-7.750940000000000434e-03
1.076480000000000102e-04,-1.286701999999999985e-02,-7.750940000000000434e-03
1.077120000000000014e-04,-1.286701999999999985e-02,-5.167299999999999671e-03
1.077760000000000062e-04,-1.544043999999999972e-02,-7.750940000000000434e-03
1.078400000000000110e-04,-7.720219999999999860e-03,-5.167299999999999671e-03
1.079040000000000023e-04,-1.801383999999999971e-02,-1.550189999999999901e-02
1.079680000000000071e-04,-1.029361999999999985e-02,-1.291824000000000097e-02
1.080320000000000119e-04,-2.058719999999999994e-02,-1.291824000000000097e-02
1.080960000000000032e-04,-1.544043999999999972e-02,-1.033459999999999934e-02
1.081600000000000080e-04,-1.029361999999999985e-02,-1.033459999999999934e-02
1.082240000000000128e-04,-7.720219999999999860e-03,-1.033459999999999934e-02
1.082880000000000040e-04,-2.058719999999999994e-02,-1.291824000000000097e-02
1.083520000000000089e-04,-1.544043999999999972e-02,-1.291824000000000097e-02
1.084160000000000001e-04,-7.720219999999999860e-03,-1.033459999999999934e-02
1.084800000000000049e-04,-1.286701999999999985e-02,-1.550189999999999901e-02
1.085440000000000097e-04,-1.544043999999999972e-02,-1.808554000000000064e-02
1.086080000000000010e-04,-1.029361999999999985e-02,-1.291824000000000097e-02
1.086720000000000058e-04,-1.286701999999999985e-02,-1.033459999999999934e-02
1.087360000000000106e-04,-2.573399999999999993e-03,-1.033459999999999934e-02
1.088000000000000019e-04,-1.286701999999999985e-02,-1.550189999999999901e-02
1.088640000000000067e-04,-5.146819999999999867e-03,-1.291824000000000097e-02
1.089280000000000115e-04,-2.058719999999999994e-02,-1.550189999999999901e-02
1.089920000000000027e-04,-1.286701999999999985e-02,-7.750940000000000434e-03
1.090560000000000075e-04,-1.544043999999999972e-02,-1.033459999999999934e-02
1.091200000000000123e-04,-1.286701999999999985e-02,-1.291824000000000097e-02
1.091840000000000036e-04,-1.029361999999999985e-02,-1.550189999999999901e-02
1.092480000000000084e-04,-2.058719999999999994e-02,-7.750940000000000434e-03
1.093120000000000132e-04,-7.720219999999999860e-03,-1.550189999999999901e-02
1.093760000000000045e-04,-1.286701999999999985e-02,-1.808554000000000064e-02
1.094400000000000093e-04,-1.544043999999999972e-02,-1.291824000000000097e-02
1.095040000000000005e-04,-1.801383999999999971e-02,-1.291824000000000097e-02
1.095680000000000053e-04,-1.544043999999999972e-02,-1.291824000000000097e-02
1.096320000000000102e-04,-5.146819999999999867e-03,-2.066919999999999868e-02
1.096960000000000014e-04,-7.720219999999999860e-03,-1.550189999999999901e-02
1.097600000000000062e-04,-2.058719999999999994e-02,-1.291824000000000097e-02
1.098240000000000110e-04,-7.720219999999999860e-03,-1.033459999999999934e-02
1.098880000000000023e-04,-1.029361999999999985e-02,-1.033459999999999934e-02
1.099520000000000071e-04,-1.544043999999999972e-02,-1.808554000000000064e-02
1.100160000000000119e-04,-1.286701999999999985e-02,-1.033459999999999934e-02
1.100800000000000032e-04,-1.029361999999999985e-02,-1.550189999999999901e-02
1.101440000000000080e-04,-1.544043999999999972e-02,-1.033459999999999934e-02
1.102080000000000128e-04,-1.286701999999999985e-02,-1.291824000000000097e-02
1.102720000000000040e-04,-1.801383999999999971e-02,-1.550189999999999901e-02
1.103360000000000088e-04,-1.029361999999999985e-02,-1.291824000000000097e-02
1.104000000000000136e-04,-2.058719999999999994e-02,-1.550189999999999901e-02
1.104640000000000049e-04,-2.058719999999999994e-02,-1.291824000000000097e-02
1.105280000000000097e-04,-2.316059999999999994e-02,-1.550189999999999901e-02
1.105920000000000010e-04,-1.544043999999999972e-02,-1.550189999999999901e-02
1.106560000000000058e-04,-1.286701999999999985e-02,-1.033459999999999934e-02
1.107200000000000106e-04,-1.544043999999999972e-02,-1.033459999999999934e-02
1.107840000000000018e-04,-1.544043999999999972e-02,-1.808554000000000064e-02
1.108480000000000066e-04,-1.029361999999999985e-02,-1.291824000000000097e-02
1.109120000000000114e-04,-7.720219999999999860e-03,-1.550189999999999901e-02
1.109760000000000027e-04,-1.544043999999999972e-02,-2.066919999999999868e-02
1.110400000000000075e-04,-1.286701999999999985e-02,-1.808554000000000064e-02
1.111040000000000123e-04,-1.286701999999999985e-02,-1.291824000000000097e-02
1.111680000000000036e-04,-1.801383999999999971e-02,-1.550189999999999901e-02
1.112320000000000084e-04,-1.544043999999999972e-02,-1.550189999999999901e-02
1.112960000000000132e-04,-1.544043999999999972e-02,-1.550189999999999901e-02
1.113600000000000044e-04,-1.801383999999999971e-02,-1.550189999999999901e-02
1.114240000000000093e-04,-1.029361999999999985e-02,-1.033459999999999934e-02
1.114880000000000005e-04,-1.544043999999999972e-02,-1.550189999999999901e-02
1.115520000000000053e-04,-2.058719999999999994e-02,-1.808554000000000064e-02
1.116160000000000101e-04,-1.801383999999999971e-02,-1.808554000000000064e-02
1.116800000000000014e-04,-1.544043999999999972e-02,-2.066919999999999868e-02
1.117440000000000062e-04,-1.029361999999999985e-02,-1.291824000000000097e-02
1.118080000000000110e-04,-1.286701999999999985e-02,-1.808554000000000064e-02
1.118720000000000023e-04,-1.801383999999999971e-02,-1.550189999999999901e-02
1.119360000000000071e-04,-1.801383999999999971e-02,-1.291824000000000097e-02
1.120000000000000119e-04,-1.286701999999999985e-02,-1.550189999999999901e-02
1.120640000000000031e-04,-5.146819999999999867e-03,-1.291824000000000097e-02
1.121280000000000079e-04,-1.029361999999999985e-02,-1.033459999999999934e-02
1.121920000000000127e-04,-2.058719999999999994e-02,-1.808554000000000064e-02
1.122560000000000040e-04,-2.058719999999999994e-02,-1.808554000000000064e-02
1.123200000000000088e-04,-1.544043999999999972e-02,-1.291824000000000097e-02
1.123840000000000136e-04,-1.286701999999999985e-02,-2.325279999999999708e-02
1.124480000000000049e-04,-2.058719999999999994e-02,-1.550189999999999901e-02
1.125120000000000097e-04,-1.286701999999999985e-02,-1.291824000000000097e-02
1.125760000000000009e-04,-1.544043999999999972e-02,-1.033459999999999934e-02
1.126400000000000057e-04,-2.058719999999999994e-02,-1.550189999999999901e-02
1.127040000000000106e-04,-1.544043999999999972e-02,-1.291824000000000097e-02
1.127680000000000018e-04,-2.058719999999999994e-02,-1.550189999999999901e-02
1.128320000000000066e-04,-1.801383999999999971e-02,-1.808554000000000064e-02
1.128960000000000114e-04,-1.286701999999999985e-02,-1.291824000000000097e-02
1.129600000000000027e-04,-1.801383999999999971e-02,-1.033459999999999934e-02
1.130240000000000075e-04,-1.029361999999999985e-02,-1.291824000000000097e-02
1.130880000000000123e-04,-7.720219999999999860e-03,-1.291824000000000097e-02
1.131520000000000036e-04,-1.544043999999999972e-02,-1.291824000000000097e-02
1.132160000000000084e-04,-1.029361999999999985e-02,-1.291824000000000097e-02
1.132800000000000132e-04,-1.286701999999999985e-02,-1.033459999999999934e-02
1.133440000000000044e-04,-1.544043999999999972e-02,-1.550189999999999901e-02
1.134080000000000092e-04,-1.286701999999999985e-02,-1.291824000000000097e-02
1.134720000000000005e-04,-2.058719999999999994e-02,-1.291824000000000097e-02
1.135360000000000053e-04,-1.286701999999999985e-02,-1.033459999999999934e-02
1.136000000000000101e-04,-1.286701999999999985e-02,-1.033459999999999934e-02
1.136640000000000014e-04,-1.544043999999999972e-02,-1.550189999999999901e-02
1.137280000000000062e-04,-1.286701999999999985e-02,-7.750940000000000434e-03
1.137920000000000110e-04,-1.286701999999999985e-02,-1.291824000000000097e-02
1.138560000000000022e-04,-1.801383999999999971e-02,-7.750940000000000434e-03
1.139200000000000070e-04,-1.801383999999999971e-02,-1.291824000000000097e-02
1.139840000000000119e-04,-1.286701999999999985e-02,-2.066919999999999868e-02
1.140480000000000031e-04,-1.801383999999999971e-02,-2.066919999999999868e-02
1.141120000000000079e-04,-2.058719999999999994e-02,-1.291824000000000097e-02
1.141760000000000127e-04,-1.286701999999999985e-02,-1.808554000000000064e-02
1.142400000000000040e-04,-1.544043999999999972e-02,-1.291824000000000097e-02
1.143040000000000088e-04,-1.544043999999999972e-02,-1.550189999999999901e-02
1.143680000000000136e-04,-7.720219999999999860e-03,-2.325279999999999708e-02
1.144320000000000049e-04,-1.029361999999999985e-02,-1.550189999999999901e-02
1.144960000000000097e-04,-1.544043999999999972e-02,-1.808554000000000064e-02
1.145600000000000009e-04,-1.544043999999999972e-02,-1.550189999999999901e-02
1.146240000000000057e-04,-1.544043999999999972e-02,-7.750940000000000434e-03
1.146880000000000105e-04,-1.286701999999999985e-02,-1.550189999999999901e-02
1.147520000000000018e-04,-7.720219999999999860e-03,-1.033459999999999934e-02
1.148160000000000066e-04,-1.286701999999999985e-02,-1.033459999999999934e-02
1.148800000000000114e-04,-1.029361999999999985e-02,-1.808554000000000064e-02
1.149440000000000027e-04,-1.286701999999999985e-02,-1.550189999999999901e-02
1.150080000000000075e-04,-2.058719999999999994e-02,-1.550189999999999901e-02
1.150720000000000123e-04,-1.286701999999999985e-02,-1.808554000000000064e-02
1.151360000000000035e-04,-1.286701999999999985e-02,-1.033459999999999934e-02
1.152000000000000083e-04,-7.720219999999999860e-03,-1.550189999999999901e-02
1.152640000000000131e-04,-2.316059999999999994e-02,-1.550189999999999901e-02
1.153280000000000044e-04,-1.801383999999999971e-02,-2.325279999999999708e-02
1.153920000000000092e-04,-1.029361999999999985e-02,-7.750940000000000434e-03
1.154560000000000005e-04,-1.544043999999999972e-02,-2.066919999999999868e-02
1.155200000000000053e-04,-1.544043999999999972e-02,-7.750940000000000434e-03
1.155840000000000101e-04,-1.544043999999999972e-02,-1.808554000000000064e-02
1.156480000000000013e-04,-1.544043999999999972e-02,-2.066919999999999868e-02
1.157120000000000061e-04,-1.286701999999999985e-02,-1.808554000000000064e-02
1.157760000000000110e-04,-2.058719999999999994e-02,-1.808554000000000064e-02
1.158400000000000022e-04,-1.801383999999999971e-02,-1.808554000000000064e-02
1.159040000000000070e-04,-1.286701999999999985e-02,-1.808554000000000064e-02
1.159680000000000118e-04,-1.544043999999999972e-02,-1.808554000000000064e-02
1.160320000000000031e-04,-1.801383999999999971e-02,-1.291824000000000097e-02
1.160960000000000079e-04,-1.286701999999999985e-02,-1.550189999999999901e-02
1.161600000000000127e-04,-1.544043999999999972e-02,-1.033459999999999934e-02
1.162240000000000040e-04,-1.544043999999999972e-02,-1.808554000000000064e-02
1.162880000000000088e-04,-1.544043999999999972e-02,-1.808554000000000064e-02
1.163520000000000136e-04,-7.720219999999999860e-03,-2.066919999999999868e-02
1.164160000000000048e-04,-7.720219999999999860e-03,-1.291824000000000097e-02
1.164800000000000096e-04,-1.801383999999999971e-02,-1.550189999999999901e-02
1.165440000000000009e-04,-7.720219999999999860e-03,-1.291824000000000097e-02
1.166080000000000057e-04,-1.544043999999999972e-02,-7.750940000000000434e-03
1.166720000000000105e-04,-1.029361999999999985e-02,-1.808554000000000064e-02
1.167360000000000018e-04,-1.544043999999999972e-02,-1.291824000000000097e-02
1.168000000000000066e-04,-5.146819999999999867e-03,-1.550189999999999901e-02
1.168640000000000114e-04,-1.544043999999999972e-02,-1.291824000000000097e-02
1.169280000000000026e-04,-1.029361999999999985e-02,-1.291824000000000097e-02
1.169920000000000074e-04,-7.720219999999999860e-03,-1.550189999999999901e-02
1.170560000000000123e-04,-1.286701999999999985e-02,-1.291824000000000097e-02
1.171200000000000035e-04,-1.029361999999999985e-02,-1.550189999999999901e-02
1.171840000000000083e-04,-1.286701999999999985e-02,-1.291824000000000097e-02
1.172480000000000131e-04,-7.720219999999999860e-03,-1.808554000000000064e-02
1.173120000000000044e-04,-7.720219999999999860e-03,-7.750940000000000434e-03
1.173760000000000092e-04,-7.720219999999999860e-03,-2.325279999999999708e-02
1.174400000000000140e-04,-5.146819999999999867e-03,-1.550189999999999901e-02
1.175040000000000053e-04,-2.573399999999999993e-03,-1.033459999999999934e-02
1.175680000000000101e-04,-7.720219999999999860e-03,-1.808554000000000064e-02
1.176320000000000013e-04,-7.720219999999999860e-03,-1.550189999999999901e-02
1.176960000000000061e-04,-7.720219999999999860e-03,-2.325279999999999708e-02
1.177600000000000109e-04,-7.720219999999999860e-03,-1.550189999999999901e-02
1.178240000000000022e-04,-1.286701999999999985e-02,-1.291824000000000097e-02
1.178880000000000070e-04,-1.029361999999999985e-02,-1.033459999999999934e-02
1.179520000000000118e-04,-1.029361999999999985e-02,-1.291824000000000097e-02
1.180160000000000031e-04,-1.286701999999999985e-02,-1.550189999999999901e-02
1.180800000000000079e-04,-2.573399999999999993e-03,-1.550189999999999901e-02
1.181440000000000127e-04,-7.720219999999999860e-03,-1.291824000000000097e-02
1.182080000000000039e-04,-1.286701999999999985e-02,-1.033459999999999934e-02
1.182720000000000087e-04,-1.286701999999999985e-02,-1.291824000000000097e-02
1.183360000000000136e-04,-1.029361999999999985e-02,-1.550189999999999901e-02
1.184000000000000048e-04,-1.029361999999999985e-02,-1.550189999999999901e-02
1.184640000000000096e-04,-1.029361999999999985e-02,-7.750940000000000434e-03
1.185280000000000009e-04,-1.029361999999999985e-02,-1.033459999999999934e-02
1.185920000000000057e-04,-5.146819999999999867e-03,-1.291824000000000097e-02
1.186560000000000105e-04,-2.573399999999999993e-03,-1.550189999999999901e-02
1.187200000000000017e-04,-1.029361999999999985e-02,-1.550189999999999901e-02
1.187840000000000066e-04,0.000000000000000000e+00,-1.808554000000000064e-02
1.188480000000000114e-04,-1.286701999999999985e-02,-2.066919999999999868e-02
1.189120000000000026e-04,-7.720219999999999860e-03,-1.291824000000000097e-02
1.189760000000000074e-04,-1.544043999999999972e-02,-1.033459999999999934e-02
1.190400000000000122e-04,-7.720219999999999860e-03,-1.033459999999999934e-02
1.191040000000000035e-04,-5.146819999999999867e-03,-7.750940000000000434e-03
1.191680000000000083e-04,-7.720219999999999860e-03,-2.066919999999999868e-02
1.192320000000000131e-04,-1.029361999999999985e-02,-1.291824000000000097e-02
1.192960000000000044e-04,-1.286701999999999985e-02,-1.033459999999999934e-02
1.193600000000000092e-04,-1.286701999999999985e-02,-1.550189999999999901e-02
1.194240000000000140e-04,-1.544043999999999972e-02,-7.750940000000000434e-03
1.194880000000000052e-04,-1.544043999999999972e-02,-2.583640000000000329e-03
1.195520000000000100e-04,-7.720219999999999860e-03,-1.033459999999999934e-02
1.196160000000000013e-04,-1.029361999999999985e-02,-1.291824000000000097e-02
1.196800000000000061e-04,-2.573399999999999993e-03,-1.291824000000000097e-02
1.197440000000000109e-04,-1.286701999999999985e-02,-1.808554000000000064e-02
1.198080000000000022e-04,-1.544043999999999972e-02,-1.808554000000000064e-02
1.198720000000000070e-04,-1.286701999999999985e-02,-1.033459999999999934e-02
1.199360000000000118e-04,-1.544043999999999972e-02,-1.033459999999999934e-02
1.200000000000000030e-04,-1.286701999999999985e-02,-1.550189999999999901e-02
1.200640000000000078e-04,-7.720219999999999860e-03,-1.808554000000000064e-02
1.201280000000000127e-04,-1.286701999999999985e-02,-1.291824000000000097e-02
1.201920000000000039e-04,-1.029361999999999985e-02,-1.033459999999999934e-02
1.202560000000000087e-04,-5.146819999999999867e-03,-1.033459999999999934e-02
1.203200000000000135e-04,-5.146819999999999867e-03,-7.750940000000000434e-03
1.203840000000000048e-04,-7.720219999999999860e-03,-1.550189999999999901e-02
1.204480000000000096e-04,-1.029361999999999985e-02,-7.750940000000000434e-03
1.205120000000000008e-04,-5.146819999999999867e-03,-1.808554000000000064e-02
1.205760000000000057e-04,-1.286701999999999985e-02,-5.167299999999999671e-03
1.206400000000000105e-04,-5.146819999999999867e-03,-5.167299999999999671e-03
1.207040000000000017e-04,-1.286701999999999985e-02,-5.167299999999999671e-03
1.207680000000000065e-04,-1.029361999999999985e-02,-7.750940000000000434e-03
1.208320000000000113e-04,-1.029361999999999985e-02,-1.033459999999999934e-02
1.208960000000000026e-04,-1.029361999999999985e-02,-1.291824000000000097e-02
1.209600000000000074e-04,-5.146819999999999867e-03,-1.550189999999999901e-02
1.210240000000000122e-04,-1.029361999999999985e-02,-2.066919999999999868e-02
1.210880000000000035e-04,-7.720219999999999860e-03,-5.167299999999999671e-03
1.211520000000000083e-04,0.000000000000000000e+00,-1.033459999999999934e-02
1.212160000000000131e-04,-1.544043999999999972e-02,-5.167299999999999671e-03
1.212800000000000043e-04,-1.029361999999999985e-02,-1.033459999999999934e-02
1.213440000000000091e-04,-5.146819999999999867e-03,-1.291824000000000097e-02
1.214080000000000140e-04,-7.720219999999999860e-03,-1.033459999999999934e-02
1.214720000000000052e-04,-2.058719999999999994e-02,-1.291824000000000097e-02
1.215360000000000100e-04,-2.573399999999999993e-03,-1.033459999999999934e-02
1.216000000000000013e-04,-7.720219999999999860e-03,-1.550189999999999901e-02
1.216640000000000061e-04,-5.146819999999999867e-03,-1.291824000000000097e-02
1.217280000000000109e-04,-5.146819999999999867e-03,-1.291824000000000097e-02
1.217920000000000021e-04,-2.573399999999999993e-03,-1.033459999999999934e-02
1.218560000000000070e-04,-1.029361999999999985e-02,-7.750940000000000434e-03
1.219200000000000118e-04,-7.720219999999999860e-03,-1.550189999999999901e-02
1.219840000000000030e-04,-2.573399999999999993e-03,-1.291824000000000097e-02
1.220480000000000078e-04,-2.573399999999999993e-03,-7.750940000000000434e-03
1.221120000000000126e-04,2.573399999999999993e-03,-2.583640000000000329e-03
1.221760000000000174e-04,-5.146819999999999867e-03,-2.066919999999999868e-02
1.222399999999999951e-04,-5.146819999999999867e-03,-1.033459999999999934e-02
1.223040000000000000e-04,0.000000000000000000e+00,-1.808554000000000064e-02
1.223680000000000048e-04,-5.146819999999999867e-03,-1.550189999999999901e-02
1.224320000000000096e-04,-1.286701999999999985e-02,-1.033459999999999934e-02
1.224960000000000144e-04,-1.029361999999999985e-02,-1.808554000000000064e-02
1.225600000000000192e-04,-1.029361999999999985e-02,-7.750940000000000434e-03
1.226239999999999969e-04,-7.720219999999999860e-03,-2.583640000000000329e-03
1.226880000000000017e-04,-5.146819999999999867e-03,-1.033459999999999934e-02
1.227520000000000065e-04,-1.286701999999999985e-02,-7.750940000000000434e-03
1.228160000000000113e-04,-1.029361999999999985e-02,-7.750940000000000434e-03
1.228800000000000161e-04,-2.573399999999999993e-03,-1.033459999999999934e-02
1.229440000000000209e-04,-7.720219999999999860e-03,-1.033459999999999934e-02
1.230079999999999986e-04,-1.029361999999999985e-02,-1.291824000000000097e-02
1.230720000000000034e-04,-2.573399999999999993e-03,-2.066919999999999868e-02
1.231360000000000083e-04,-5.146819999999999867e-03,-7.750940000000000434e-03
1.232000000000000131e-04,-5.146819999999999867e-03,-1.550189999999999901e-02
1.232640000000000179e-04,-7.720219999999999860e-03,-1.033459999999999934e-02
1.233279999999999956e-04,-5.146819999999999867e-03,-7.750940000000000434e-03
1.233920000000000004e-04,-5.146819999999999867e-03,-7.750940000000000434e-03
1.234560000000000052e-04,-1.801383999999999971e-02,-1.033459999999999934e-02
1.235200000000000100e-04,-1.544043999999999972e-02,-1.291824000000000097e-02
1.235840000000000148e-04,-1.286701999999999985e-02,-1.033459999999999934e-02
1.236480000000000196e-04,-7.720219999999999860e-03,-1.291824000000000097e-02
1.237119999999999973e-04,-1.286701999999999985e-02,-1.291824000000000097e-02
1.237760000000000021e-04,-1.286701999999999985e-02,-1.291824000000000097e-02
1.238400000000000069e-04,-1.029361999999999985e-02,-1.033459999999999934e-02
1.239040000000000117e-04,-1.029361999999999985e-02,-7.750940000000000434e-03
1.239680000000000165e-04,-1.029361999999999985e-02,-1.033459999999999934e-02
1.240319999999999943e-04,-5.146819999999999867e-03,-1.291824000000000097e-02
1.240959999999999991e-04,-1.286701999999999985e-02,-1.033459999999999934e-02
1.241600000000000039e-04,-1.801383999999999971e-02,-1.550189999999999901e-02
1.242240000000000087e-04,-1.286701999999999985e-02,-5.167299999999999671e-03
1.242880000000000135e-04,-1.286701999999999985e-02,-2.583640000000000329e-03
1.243520000000000183e-04,-1.544043999999999972e-02,-7.750940000000000434e-03
1.244159999999999960e-04,-1.286701999999999985e-02,-7.750940000000000434e-03
1.244800000000000008e-04,-1.029361999999999985e-02,-1.550189999999999901e-02
1.245440000000000056e-04,-1.801383999999999971e-02,-1.291824000000000097e-02
1.246080000000000104e-04,-1.286701999999999985e-02,-1.291824000000000097e-02
1.246720000000000152e-04,-1.286701999999999985e-02,-7.750940000000000434e-03
1.247360000000000200e-04,-1.286701999999999985e-02,-5.167299999999999671e-03
1.247999999999999977e-04,-2.058719999999999994e-02,-1.550189999999999901e-02
1.248640000000000025e-04,-1.286701999999999985e-02,0.000000000000000000e+00
1.249280000000000074e-04,-1.286701999999999985e-02,-2.583640000000000329e-03
1.249920000000000122e-04,-1.029361999999999985e-02,-1.550189999999999901e-02
1.250560000000000170e-04,-7.720219999999999860e-03,-1.291824000000000097e-02
1.251199999999999947e-04,-1.029361999999999985e-02,-7.750940000000000434e-03
1.251839999999999995e-04,-1.029361999999999985e-02,-5.167299999999999671e-03
1.252480000000000043e-04,-7.720219999999999860e-03,-1.033459999999999934e-02
1.253120000000000091e-04,-1.286701999999999985e-02,-2.583640000000000329e-03
1.253760000000000139e-04,-1.544043999999999972e-02,-1.550189999999999901e-02
1.254400000000000187e-04,-1.029361999999999985e-02,-1.291824000000000097e-02
1.255039999999999964e-04,-1.286701999999999985e-02,-1.033459999999999934e-02
1.255680000000000012e-04,-7.720219999999999860e-03,-5.167299999999999671e-03
1.256320000000000060e-04,-1.801383999999999971e-02,-2.583640000000000329e-03
1.256960000000000108e-04,-1.544043999999999972e-02,-1.033459999999999934e-02
1.257600000000000157e-04,-1.286701999999999985e-02,-7.750940000000000434e-03
1.258240000000000205e-04,-1.544043999999999972e-02,-1.033459999999999934e-02
1.258879999999999982e-04,-7.720219999999999860e-03,-1.033459999999999934e-02
1.259520000000000030e-04,-1.544043999999999972e-02,-7.750940000000000434e-03
1.260160000000000078e-04,-7.720219999999999860e-03,-7.750940000000000434e-03
1.260800000000000126e-04,-1.286701999999999985e-02,-2.583640000000000329e-03
1.261440000000000174e-04,-7.720219999999999860e-03,-1.033459999999999934e-02
1.262079999999999951e-04,-5.146819999999999867e-03,-5.167299999999999671e-03
1.262719999999999999e-04,-5.146819999999999867e-03,-1.033459999999999934e-02
1.263360000000000047e-04,-1.544043999999999972e-02,-5.167299999999999671e-03
1.264000000000000095e-04,-2.058719999999999994e-02,-1.808554000000000064e-02
1.264640000000000143e-04,-1.286701999999999985e-02,-1.291824000000000097e-02
1.265280000000000191e-04,-1.544043999999999972e-02,-7.750940000000000434e-03
1.265919999999999968e-04,-1.029361999999999985e-02,-1.291824000000000097e-02
1.266560000000000017e-04,-1.801383999999999971e-02,-1.808554000000000064e-02
1.267200000000000065e-04,-1.286701999999999985e-02,-1.033459999999999934e-02
1.267840000000000113e-04,-1.286701999999999985e-02,-7.750940000000000434e-03
1.268480000000000161e-04,-1.286701999999999985e-02,-1.550189999999999901e-02
1.269120000000000209e-04,-1.029361999999999985e-02,-1.033459999999999934e-02
1.269759999999999986e-04,-1.029361999999999985e-02,-1.033459999999999934e-02
1.270400000000000034e-04,-1.801383999999999971e-02,-1.291824000000000097e-02
1.271040000000000082e-04,-1.544043999999999972e-02,-1.033459999999999934e-02
1.271680000000000130e-04,-1.286701999999999985e-02,-1.291824000000000097e-02
1.272320000000000178e-04,-5.146819999999999867e-03,-1.550189999999999901e-02
1.272959999999999955e-04,-1.801383999999999971e-02,-2.583640000000000329e-03
1.273600000000000003e-04,-1.286701999999999985e-02,-1.291824000000000097e-02
1.274240000000000051e-04,-1.544043999999999972e-02,-1.550189999999999901e-02
1.274880000000000100e-04,-7.720219999999999860e-03,-7.750940000000000434e-03
1.275520000000000148e-04,-7.720219999999999860e-03,-1.291824000000000097e-02
1.276160000000000196e-04,-7.720219999999999860e-03,-1.550189999999999901e-02
1.276799999999999973e-04,-1.286701999999999985e-02,-1.033459999999999934e-02
1.277440000000000021e-04,-1.801383999999999971e-02,-1.033459999999999934e-02
1.278080000000000069e-04,-1.286701999999999985e-02,-1.291824000000000097e-02
1.278720000000000117e-04,-1.801383999999999971e-02,-1.550189999999999901e-02
1.279360000000000165e-04,-1.286701999999999985e-02,-1.291824000000000097e-02
1.280000000000000213e-04,-1.801383999999999971e-02,-1.550189999999999901e-02
1.280639999999999990e-04,-1.544043999999999972e-02,-1.033459999999999934e-02
1.281280000000000038e-04,-2.058719999999999994e-02,-1.291824000000000097e-02
1.281920000000000086e-04,-1.286701999999999985e-02,-7.750940000000000434e-03
1.282560000000000134e-04,-1.544043999999999972e-02,-1.550189999999999901e-02
1.283200000000000182e-04,-1.286701999999999985e-02,-1.808554000000000064e-02
1.283839999999999960e-04,-1.544043999999999972e-02,-5.167299999999999671e-03
1.284480000000000008e-04,-1.286701999999999985e-02,-1.033459999999999934e-02
1.285120000000000056e-04,-1.029361999999999985e-02,0.000000000000000000e+00
1.285760000000000104e-04,-1.029361999999999985e-02,-1.550189999999999901e-02
1.286400000000000152e-04,-2.058719999999999994e-02,-1.033459999999999934e-02
1.287040000000000200e-04,-2.058719999999999994e-02,-7.750940000000000434e-03
1.287679999999999977e-04,-1.801383999999999971e-02,-1.550189999999999901e-02
1.288320000000000025e-04,-1.286701999999999985e-02,-1.808554000000000064e-02
1.288960000000000073e-04,-1.029361999999999985e-02,-1.033459999999999934e-02
1.289600000000000121e-04,-1.544043999999999972e-02,-1.808554000000000064e-02
1.290240000000000169e-04,-1.544043999999999972e-02,-1.291824000000000097e-02
1.290879999999999946e-04,-1.286701999999999985e-02,-7.750940000000000434e-03
1.291519999999999994e-04,-1.544043999999999972e-02,-1.291824000000000097e-02
1.292160000000000042e-04,-1.544043999999999972e-02,-1.291824000000000097e-02
1.292800000000000091e-04,-2.573399999999999993e-02,-1.033459999999999934e-02
1.293440000000000139e-04,-1.801383999999999971e-02,-1.550189999999999901e-02
1.294080000000000187e-04,-1.286701999999999985e-02,-5.167299999999999671e-03
1.294719999999999964e-04,-1.286701999999999985e-02,-2.066919999999999868e-02
1.295360000000000012e-04,-1.029361999999999985e-02,-2.066919999999999868e-02
1.296000000000000060e-04,-1.801383999999999971e-02,-1.808554000000000064e-02
1.296640000000000108e-04,-2.058719999999999994e-02,-1.808554000000000064e-02
1.297280000000000156e-04,-2.316059999999999994e-02,-1.550189999999999901e-02
1.297920000000000204e-04,-1.801383999999999971e-02,-1.291824000000000097e-02
1.298559999999999981e-04,-1.801383999999999971e-02,-1.550189999999999901e-02
1.299200000000000029e-04,-1.801383999999999971e-02,-1.808554000000000064e-02
1.299840000000000077e-04,-1.544043999999999972e-02,-7.750940000000000434e-03
1.300480000000000125e-04,-1.286701999999999985e-02,-1.291824000000000097e-02
1.301120000000000174e-04,-1.544043999999999972e-02,-1.033459999999999934e-02
1.301759999999999951e-04,-1.029361999999999985e-02,-7.750940000000000434e-03
1.302399999999999999e-04,-1.544043999999999972e-02,-1.808554000000000064e-02
1.303040000000000047e-04,-1.029361999999999985e-02,-5.167299999999999671e-03
1.303680000000000095e-04,-1.286701999999999985e-02,-1.291824000000000097e-02
1.304320000000000143e-04,-7.720219999999999860e-03,-1.033459999999999934e-02
1.304960000000000191e-04,-2.573399999999999993e-02,-2.325279999999999708e-02
1.305599999999999968e-04,-1.286701999999999985e-02,-1.550189999999999901e-02
1.306240000000000016e-04,-1.029361999999999985e-02,-1.033459999999999934e-02
1.306880000000000064e-04,-1.544043999999999972e-02,-1.033459999999999934e-02
1.307520000000000112e-04,-1.544043999999999972e-02,-7.750940000000000434e-03
1.308160000000000160e-04,-1.029361999999999985e-02,-5.167299999999999671e-03
1.308800000000000208e-04,-1.544043999999999972e-02,-1.808554000000000064e-02
1.309439999999999985e-04,-1.286701999999999985e-02,-1.550189999999999901e-02
1.310080000000000034e-04,-1.286701999999999985e-02,-1.550189999999999901e-02
1.310720000000000082e-04,-1.286701999999999985e-02,-1.291824000000000097e-02
1.311360000000000130e-04,-1.029361999999999985e-02,-1.291824000000000097e-02
1.312000000000000178e-04,-2.316059999999999994e-02,-1.550189999999999901e-02
1.312639999999999955e-04,-1.029361999999999985e-02,-1.550189999999999901e-02
1.313280000000000003e-04,-1.029361999999999985e-02,-1.291824000000000097e-02
1.313920000000000051e-04,-7.720219999999999860e-03,-1.033459999999999934e-02
1.314560000000000099e-04,-1.286701999999999985e-02,-1.808554000000000064e-02
1.315200000000000147e-04,-2.058719999999999994e-02,-1.808554000000000064e-02
1.315840000000000195e-04,-1.544043999999999972e-02,-2.583640000000000329e-03
1.316479999999999972e-04,-1.286701999999999985e-02,-1.033459999999999934e-02
1.317120000000000020e-04,-1.029361999999999985e-02,-1.291824000000000097e-02
1.317760000000000068e-04,-1.801383999999999971e-02,-1.291824000000000097e-02
1.318400000000000117e-04,-1.544043999999999972e-02,-5.167299999999999671e-03
1.319040000000000165e-04,-7.720219999999999860e-03,-1.550189999999999901e-02
1.319680000000000213e-04,-1.544043999999999972e-02,-1.291824000000000097e-02
1.320319999999999990e-04,-1.801383999999999971e-02,-1.808554000000000064e-02
1.320960000000000038e-04,-1.286701999999999985e-02,-1.550189999999999901e-02
1.321600000000000086e-04,-1.286701999999999985e-02,-1.291824000000000097e-02
1.322240000000000134e-04,-1.801383999999999971e-02,-1.550189999999999901e-02
1.322880000000000182e-04,-1.029361999999999985e-02,-1.033459999999999934e-02
1.323519999999999959e-04,-1.029361999999999985e-02,-1.033459999999999934e-02
1.324160000000000007e-04,-1.801383999999999971e-02,-2.325279999999999708e-02
1.324800000000000055e-04,-1.029361999999999985e-02,-1.808554000000000064e-02
1.325440000000000103e-04,-7.720219999999999860e-03,-1.550189999999999901e-02
1.326080000000000151e-04,-1.029361999999999985e-02,-1.808554000000000064e-02
1.326720000000000199e-04,-1.544043999999999972e-02,-1.550189999999999901e-02
1.327359999999999977e-04,-1.801383999999999971e-02,-2.325279999999999708e-02
1.328000000000000025e-04,-1.286701999999999985e-02,-7.750940000000000434e-03
1.328640000000000073e-04,-1.286701999999999985e-02,-1.550189999999999901e-02
1.329280000000000121e-04,-1.544043999999999972e-02,-1.291824000000000097e-02
1.329920000000000169e-04,-1.544043999999999972e-02,-1.550189999999999901e-02
1.330560000000000217e-04,-1.544043999999999972e-02,-1.550189999999999901e-02
1.331199999999999994e-04,-5.146819999999999867e-03,-5.167299999999999671e-03
1.331840000000000042e-04,-1.801383999999999971e-02,-1.550189999999999901e-02
1.332480000000000090e-04,-1.286701999999999985e-02,-1.808554000000000064e-02
1.333120000000000138e-04,-1.801383999999999971e-02,-1.291824000000000097e-02
1.333760000000000186e-04,-1.029361999999999985e-02,-1.550189999999999901e-02
1.334399999999999963e-04,-1.029361999999999985e-02,-1.550189999999999901e-02
1.335040000000000011e-04,-1.801383999999999971e-02,-1.291824000000000097e-02
1.335680000000000059e-04,-1.544043999999999972e-02,-1.291824000000000097e-02
1.336320000000000108e-04,-1.029361999999999985e-02,-1.550189999999999901e-02
1.336960000000000156e-04,-1.029361999999999985e-02,-1.033459999999999934e-02
1.337600000000000204e-04,-1.286701999999999985e-02,-1.550189999999999901e-02
1.338239999999999981e-04,-1.544043999999999972e-02,-1.550189999999999901e-02
1.338880000000000029e-04,-1.286701999999999985e-02,-1.550189999999999901e-02
1.339520000000000077e-04,-1.544043999999999972e-02,-1.550189999999999901e-02
1.340160000000000125e-04,-1.286701999999999985e-02,-7.750940000000000434e-03
1.340800000000000173e-04,-1.286701999999999985e-02,-1.550189999999999901e-02
1.341439999999999950e-04,-1.286701999999999985e-02,-1.291824000000000097e-02
1.342079999999999998e-04,-7.720219999999999860e-03,-2.066919999999999868e-02
1.342720000000000046e-04,-2.058719999999999994e-02,-1.550189999999999901e-02
1.343360000000000094e-04,-5.146819999999999867e-03,-1.808554000000000064e-02
1.344000000000000142e-04,-2.573399999999999993e-03,-1.808554000000000064e-02
1.344640000000000191e-04,-1.286701999999999985e-02,-1.550189999999999901e-02
1.345279999999999968e-04,-1.286701999999999985e-02,-1.550189999999999901e-02
1.345920000000000016e-04,-1.801383999999999971e-02,-1.291824000000000097e-02
1.346560000000000064e-04,-7.720219999999999860e-03,-2.066919999999999868e-02
1.347200000000000112e-04,-1.286701999999999985e-02,-1.808554000000000064e-02
1.347840000000000160e-04,-1.029361999999999985e-02,-2.066919999999999868e-02
1.348480000000000208e-04,-7.720219999999999860e-03,-1.033459999999999934e-02
1.349119999999999985e-04,-1.029361999999999985e-02,-1.808554000000000064e-02
1.349760000000000033e-04,-7.720219999999999860e-03,-1.550189999999999901e-02
1.350400000000000081e-04,-5.146819999999999867e-03,-2.325279999999999708e-02
1.351040000000000129e-04,0.000000000000000000e+00,-1.808554000000000064e-02
1.351680000000000177e-04,-1.029361999999999985e-02,-1.808554000000000064e-02
1.352319999999999954e-04,-1.286701999999999985e-02,-1.291824000000000097e-02
1.352960000000000002e-04,-5.146819999999999867e-03,-1.808554000000000064e-02
1.353600000000000051e-04,-5.146819999999999867e-03,-1.550189999999999901e-02
1.354240000000000099e-04,-1.544043999999999972e-02,-1.808554000000000064e-02
1.354880000000000147e-04,-1.286701999999999985e-02,-1.291824000000000097e-02
1.355520000000000195e-04,-1.544043999999999972e-02,-1.291824000000000097e-02
1.356159999999999972e-04,-7.720219999999999860e-03,-1.550189999999999901e-02
1.356800000000000020e-04,-7.720219999999999860e-03,-1.291824000000000097e-02
1.357440000000000068e-04,-1.029361999999999985e-02,-1.033459999999999934e-02
1.358080000000000116e-04,-7.720219999999999860e-03,-1.033459999999999934e-02
1.358720000000000164e-04,-1.029361999999999985e-02,-1.291824000000000097e-02
1.359360000000000212e-04,-1.286701999999999985e-02,-1.291824000000000097e-02
1.359999999999999989e-04,-7.720219999999999860e-03,-1.550189999999999901e-02
1.360640000000000037e-04,-1.029361999999999985e-02,-1.550189999999999901e-02
1.361280000000000085e-04,-2.573399999999999993e-03,-1.291824000000000097e-02
1.361920000000000134e-04,-1.029361999999999985e-02,-1.808554000000000064e-02
1.362560000000000182e-04,-1.286701999999999985e-02,-1.033459999999999934e-02
1.363199999999999959e-04,-5.146819999999999867e-03,-7.750940000000000434e-03
1.363840000000000007e-04,0.000000000000000000e+00,-1.291824000000000097e-02
1.364480000000000055e-04,-1.029361999999999985e-02,-1.550189999999999901e-02
1.365120000000000103e-04,-2.573399999999999993e-03,-1.550189999999999901e-02
1.365760000000000151e-04,-1.029361999999999985e-02,-1.291824000000000097e-02
1.366400000000000199e-04,-1.286701999999999985e-02,-1.033459999999999934e-02
1.367039999999999976e-04,-2.573399999999999993e-03,-1.550189999999999901e-02
1.367680000000000024e-04,-2.573399999999999993e-03,-1.550189999999999901e-02
1.368320000000000072e-04,-2.573399999999999993e-03,-1.033459999999999934e-02
1.368960000000000120e-04,-1.286701999999999985e-02,-1.033459999999999934e-02
1.369600000000000168e-04,-1.286701999999999985e-02,-2.583640000000000329e-03
1.370240000000000216e-04,-1.029361999999999985e-02,-5.167299999999999671e-03
1.370879999999999994e-04,-1.544043999999999972e-02,-1.550189999999999901e-02
1.371520000000000042e-04,-1.544043999999999972e-02,-1.808554000000000064e-02
1.372160000000000090e-04,-1.029361999999999985e-02,-1.808554000000000064e-02
1.372800000000000138e-04,-7.720219999999999860e-03,-1.550189999999999901e-02
1.373440000000000186e-04,-5.146819999999999867e-03,-1.550189999999999901e-02
1.374079999999999963e-04,-1.544043999999999972e-02,-1.291824000000000097e-02
1.374720000000000011e-04,-7.720219999999999860e-03,-1.291824000000000097e-02
1.375360000000000059e-04,-1.801383999999999971e-02,-1.033459999999999934e-02
1.376000000000000107e-04,-1.286701999999999985e-02,-1.033459999999999934e-02
1.376640000000000155e-04,-1.029361999999999985e-02,-1.291824000000000097e-02
1.377280000000000203e-04,-7.720219999999999860e-03,-7.750940000000000434e-03
1.377919999999999980e-04,-1.801383999999999971e-02,-7.750940000000000434e-03
1.378560000000000028e-04,-1.029361999999999985e-02,-7.750940000000000434e-03
1.379200000000000077e-04,-5.146819999999999867e-03,-7.750940000000000434e-03
1.379840000000000125e-04,-1.801383999999999971e-02,-5.167299999999999671e-03
1.380480000000000173e-04,-1.029361999999999985e-02,-5.167299999999999671e-03
1.381120000000000221e-04,-7.720219999999999860e-03,-1.291824000000000097e-02
1.381759999999999998e-04,-1.286701999999999985e-02,-1.550189999999999901e-02
1.382400000000000046e-04,-1.286701999999999985e-02,-1.033459999999999934e-02
1.383040000000000094e-04,-1.286701999999999985e-02,-2.066919999999999868e-02
1.383680000000000142e-04,-5.146819999999999867e-03,-1.033459999999999934e-02
1.384320000000000190e-04,-5.146819999999999867e-03,-1.291824000000000097e-02
1.384959999999999967e-04,-7.720219999999999860e-03,-1.291824000000000097e-02
1.385600000000000015e-04,-5.146819999999999867e-03,-1.033459999999999934e-02
1.386240000000000063e-04,-7.720219999999999860e-03,-1.291824000000000097e-02
1.386880000000000111e-04,-5.146819999999999867e-03,-1.033459999999999934e-02
1.387520000000000159e-04,-1.544043999999999972e-02,-1.033459999999999934e-02
1.388160000000000208e-04,-1.286701999999999985e-02,-1.033459999999999934e-02
1.388799999999999985e-04,-1.286701999999999985e-02,-1.033459999999999934e-02
1.389440000000000033e-04,-2.573399999999999993e-03,-1.291824000000000097e-02
1.390080000000000081e-04,-7.720219999999999860e-03,-7.750940000000000434e-03
1.390720000000000129e-04,-5.146819999999999867e-03,-1.291824000000000097e-02
1.391360000000000177e-04,-7.720219999999999860e-03,-1.291824000000000097e-02
1.391999999999999954e-04,-1.286701999999999985e-02,-5.167299999999999671e-03
1.392640000000000002e-04,-5.146819999999999867e-03,-2.583640000000000329e-03
1.393280000000000050e-04,-1.286701999999999985e-02,-1.550189999999999901e-02
1.393920000000000098e-04,-1.286701999999999985e-02,-1.291824000000000097e-02
1.394560000000000146e-04,-1.029361999999999985e-02,-5.167299999999999671e-03
1.395200000000000194e-04,-1.286701999999999985e-02,-5.167299999999999671e-03
1.395839999999999971e-04,-1.286701999999999985e-02,-1.550189999999999901e-02
1.396480000000000019e-04,-1.029361999999999985e-02,-1.291824000000000097e-02
1.397120000000000068e-04,-5.146819999999999867e-03,-1.291824000000000097e-02
1.397760000000000116e-04,-1.029361999999999985e-02,-1.808554000000000064e-02
1.398400000000000164e-04,-5.146819999999999867e-03,-1.033459999999999934e-02
1.399040000000000212e-04,-7.720219999999999860e-03,-7.750940000000000434e-03
1.399679999999999989e-04,-1.286701999999999985e-02,-1.291824000000000097e-02
1.400320000000000037e-04,-1.544043999999999972e-02,-1.291824000000000097e-02
1.400960000000000085e-04,-1.029361999999999985e-02,-1.033459999999999934e-02
1.401600000000000133e-04,-1.286701999999999985e-02,-1.291824000000000097e-02
1.402240000000000181e-04,-2.573399999999999993e-03,-1.291824000000000097e-02
1.402879999999999958e-04,-1.286701999999999985e-02,-1.033459999999999934e-02
1.403520000000000006e-04,-1.286701999999999985e-02,-1.033459999999999934e-02
1.404160000000000054e-04,-1.029361999999999985e-02,-1.291824000000000097e-02
1.404800000000000102e-04,-1.029361999999999985e-02,-1.033459999999999934e-02
1.405440000000000151e-04,-5.146819999999999867e-03,-1.291824000000000097e-02
1.406080000000000199e-04,-7.720219999999999860e-03,-1.033459999999999934e-02
1.406719999999999976e-04,-1.286701999999999985e-02,-1.033459999999999934e-02
1.407360000000000024e-04,-1.029361999999999985e-02,-7.750940000000000434e-03
1.408000000000000072e-04,-1.801383999999999971e-02,-7.750940000000000434e-03
1.408640000000000120e-04,-1.286701999999999985e-02,-1.033459999999999934e-02
1.409280000000000168e-04,-1.544043999999999972e-02,-1.033459999999999934e-02
1.409920000000000216e-04,-1.029361999999999985e-02,-1.808554000000000064e-02
1.410559999999999993e-04,-1.286701999999999985e-02,-1.033459999999999934e-02
1.411200000000000041e-04,-1.286701999999999985e-02,-2.583640000000000329e-03
1.411840000000000089e-04,-1.029361999999999985e-02,-1.033459999999999934e-02
1.412480000000000137e-04,-2.058719999999999994e-02,-1.291824000000000097e-02
1.413120000000000185e-04,-1.544043999999999972e-02,-7.750940000000000434e-03
1.413759999999999962e-04,-1.544043999999999972e-02,-7.750940000000000434e-03
1.414400000000000011e-04,-1.801383999999999971e-02,-1.291824000000000097e-02
1.415040000000000059e-04,-1.801383999999999971e-02,-1.033459999999999934e-02
1.415680000000000107e-04,-1.544043999999999972e-02,-1.291824000000000097e-02
1.416320000000000155e-04,-7.720219999999999860e-03,-1.033459999999999934e-02
1.416960000000000203e-04,-1.029361999999999985e-02,-7.750940000000000434e-03
1.417599999999999980e-04,-1.544043999999999972e-02,-1.291824000000000097e-02
1.418240000000000028e-04,-1.286701999999999985e-02,-1.291824000000000097e-02
1.418880000000000076e-04,-1.029361999999999985e-02,-1.291824000000000097e-02
1.419520000000000124e-04,-1.801383999999999971e-02,-5.167299999999999671e-03
1.420160000000000172e-04,-1.286701999999999985e-02,-1.033459999999999934e-02
1.420800000000000220e-04,-1.029361999999999985e-02,-1.550189999999999901e-02
1.421439999999999997e-04,-1.544043999999999972e-02,-5.167299999999999671e-03
1.422080000000000045e-04,-7.720219999999999860e-03,-2.066919999999999868e-02
1.422720000000000094e-04,-1.544043999999999972e-02,-2.583640000000000329e-03
1.423360000000000142e-04,-1.801383999999999971e-02,-1.033459999999999934e-02
1.424000000000000190e-04,-1.286701999999999985e-02,-1.291824000000000097e-02
1.424639999999999967e-04,-1.544043999999999972e-02,-1.808554000000000064e-02
1.425280000000000015e-04,-1.544043999999999972e-02,-1.033459999999999934e-02
1.425920000000000063e-04,-1.544043999999999972e-02,-1.291824000000000097e-02
1.426560000000000111e-04,-7.720219999999999860e-03,-1.291824000000000097e-02
1.427200000000000159e-04,-2.058719999999999994e-02,-1.033459999999999934e-02
1.427840000000000207e-04,-1.286701999999999985e-02,-1.291824000000000097e-02
1.428479999999999984e-04,-1.544043999999999972e-02,-1.291824000000000097e-02
1.429120000000000032e-04,-1.029361999999999985e-02,-1.808554000000000064e-02
1.429760000000000080e-04,-1.029361999999999985e-02,-1.291824000000000097e-02
1.430400000000000128e-04,-1.801383999999999971e-02,-1.291824000000000097e-02
1.431040000000000176e-04,-1.286701999999999985e-02,-2.066919999999999868e-02
1.431680000000000225e-04,-7.720219999999999860e-03,-1.291824000000000097e-02
1.432320000000000002e-04,-1.801383999999999971e-02,-1.550189999999999901e-02
1.432960000000000050e-04,-1.801383999999999971e-02,-1.033459999999999934e-02
1.433600000000000098e-04,-1.029361999999999985e-02,-1.550189999999999901e-02
1.434240000000000146e-04,-7.720219999999999860e-03,-1.550189999999999901e-02
1.434880000000000194e-04,-1.286701999999999985e-02,-1.291824000000000097e-02
1.435519999999999971e-04,-1.029361999999999985e-02,-1.550189999999999901e-02
1.436160000000000019e-04,-1.801383999999999971e-02,-1.291824000000000097e-02
1.436800000000000067e-04,-1.801383999999999971e-02,-1.291824000000000097e-02
1.437440000000000115e-04,-1.286701999999999985e-02,-1.291824000000000097e-02
1.438080000000000163e-04,-1.286701999999999985e-02,-7.750940000000000434e-03
1.438720000000000211e-04,-1.801383999999999971e-02,-1.291824000000000097e-02
1.439359999999999988e-04,-1.544043999999999972e-02,-1.808554000000000064e-02
1.440000000000000036e-04,-2.316059999999999994e-02,-1.808554000000000064e-02
1.440640000000000085e-04,-1.544043999999999972e-02,-1.291824000000000097e-02
1.441280000000000133e-04,-1.286701999999999985e-02,-1.550189999999999901e-02
1.441920000000000181e-04,-1.801383999999999971e-02,-1.808554000000000064e-02
1.442559999999999958e-04,-2.058719999999999994e-02,-1.033459999999999934e-02
1.443200000000000006e-04,-2.316059999999999994e-02,-1.550189999999999901e-02
1.443840000000000054e-04,-1.801383999999999971e-02,-1.808554000000000064e-02
1.444480000000000102e-04,-1.801383999999999971e-02,-2.066919999999999868e-02
1.445120000000000150e-04,-1.801383999999999971e-02,-1.291824000000000097e-02
1.445760000000000198e-04,-1.286701999999999985e-02,-1.550189999999999901e-02
1.446399999999999975e-04,-1.286701999999999985e-02,-1.291824000000000097e-02
1.447040000000000023e-04,-1.286701999999999985e-02,-7.750940000000000434e-03
1.447680000000000071e-04,-1.286701999999999985e-02,-1.291824000000000097e-02
1.448320000000000119e-04,-1.801383999999999971e-02,-1.550189999999999901e-02
1.448960000000000168e-04,-1.544043999999999972e-02,-1.291824000000000097e-02
1.449600000000000216e-04,-2.058719999999999994e-02,-1.291824000000000097e-02
1.450239999999999993e-04,-1.544043999999999972e-02,-1.291824000000000097e-02
1.450880000000000041e-04,-1.801383999999999971e-02,-1.291824000000000097e-02
1.451520000000000089e-04,-2.058719999999999994e-02,-1.550189999999999901e-02
1.452160000000000137e-04,-1.286701999999999985e-02,-7.750940000000000434e-03
1.452800000000000185e-04,-1.544043999999999972e-02,-1.291824000000000097e-02
1.453439999999999962e-04,-2.316059999999999994e-02,-1.033459999999999934e-02
1.454080000000000010e-04,-1.286701999999999985e-02,-2.066919999999999868e-02
1.454720000000000058e-04,-1.801383999999999971e-02,-7.750940000000000434e-03
1.455360000000000106e-04,-1.029361999999999985e-02,-7.750940000000000434e-03
1.456000000000000154e-04,-1.286701999999999985e-02,-1.033459999999999934e-02
1.456640000000000202e-04,-1.801383999999999971e-02,-1.550189999999999901e-02
1.457279999999999979e-04,-1.286701999999999985e-02,-7.750940000000000434e-03
1.457920000000000028e-04,-2.058719999999999994e-02,-1.033459999999999934e-02
1.458560000000000076e-04,-1.286701999999999985e-02,-1.291824000000000097e-02
1.459200000000000124e-04,-1.544043999999999972e-02,-7.750940000000000434e-03
1.459840000000000172e-04,-1.286701999999999985e-02,-1.033459999999999934e-02
1.460480000000000220e-04,-1.286701999999999985e-02,-1.291824000000000097e-02
1.461119999999999997e-04,-1.544043999999999972e-02,-5.167299999999999671e-03
1.461760000000000045e-04,-1.544043999999999972e-02,-1.033459999999999934e-02
1.462400000000000093e-04,-2.058719999999999994e-02,-1.291824000000000097e-02
1.463040000000000141e-04,-2.058719999999999994e-02,-1.808554000000000064e-02
1.463680000000000189e-04,-1.286701999999999985e-02,-1.291824000000000097e-02
1.464319999999999966e-04,-1.029361999999999985e-02,-1.291824000000000097e-02
1.464960000000000014e-04,-1.801383999999999971e-02,-1.550189999999999901e-02
1.465600000000000062e-04,-1.544043999999999972e-02,-5.167299999999999671e-03
1.466240000000000111e-04,-2.058719999999999994e-02,-1.550189999999999901e-02
1.466880000000000159e-04,-1.286701999999999985e-02,-2.066919999999999868e-02
1.467520000000000207e-04,-1.544043999999999972e-02,-1.291824000000000097e-02
1.468159999999999984e-04,-7.720219999999999860e-03,-1.550189999999999901e-02
1.468800000000000032e-04,-1.544043999999999972e-02,-1.291824000000000097e-02
1.469440000000000080e-04,-1.029361999999999985e-02,-1.808554000000000064e-02
1.470080000000000128e-04,-1.544043999999999972e-02,-1.291824000000000097e-02
1.470720000000000176e-04,-1.286701999999999985e-02,-1.033459999999999934e-02
1.471360000000000224e-04,-1.544043999999999972e-02,-1.291824000000000097e-02
1.472000000000000001e-04,-2.058719999999999994e-02,-1.808554000000000064e-02
1.472640000000000049e-04,-2.316059999999999994e-02,-1.808554000000000064e-02
1.473280000000000097e-04,-1.286701999999999985e-02,-7.750940000000000434e-03
1.473920000000000145e-04,-2.058719999999999994e-02,-1.033459999999999934e-02
1.474560000000000193e-04,-1.801383999999999971e-02,-1.550189999999999901e-02
1.475199999999999971e-04,-1.801383999999999971e-02,-1.808554000000000064e-02
1.475840000000000019e-04,-1.544043999999999972e-02,-2.066919999999999868e-02
1.476480000000000067e-04,-1.544043999999999972e-02,-2.066919999999999868e-02
1.477120000000000115e-04,-1.286701999999999985e-02,-1.291824000000000097e-02
1.477760000000000163e-04,-1.801383999999999971e-02,-7.750940000000000434e-03
1.478400000000000211e-04,-1.286701999999999985e-02,-1.291824000000000097e-02
1.479039999999999988e-04,-1.544043999999999972e-02,-2.325279999999999708e-02
1.479680000000000036e-04,-5.146819999999999867e-03,-1.291824000000000097e-02
1.480320000000000084e-04,-1.029361999999999985e-02,-1.291824000000000097e-02
1.480960000000000132e-04,-1.801383999999999971e-02,-1.291824000000000097e-02
1.481600000000000180e-04,-1.286701999999999985e-02,-1.550189999999999901e-02
1.482239999999999957e-04,-1.286701999999999985e-02,-1.808554000000000064e-02
1.482880000000000005e-04,-1.029361999999999985e-02,-1.550189999999999901e-02
1.483520000000000053e-04,-1.544043999999999972e-02,-1.550189999999999901e-02
1.484160000000000102e-04,-1.544043999999999972e-02,-1.808554000000000064e-02
1.484800000000000150e-04,-1.029361999999999985e-02,-1.550189999999999901e-02
1.485440000000000198e-04,-1.286701999999999985e-02,-1.550189999999999901e-02
1.486079999999999975e-04,-5.146819999999999867e-03,-1.033459999999999934e-02
1.486720000000000023e-04,-7.720219999999999860e-03,-1.291824000000000097e-02
1.487360000000000071e-04,-1.286701999999999985e-02,-1.033459999999999934e-02
1.488000000000000119e-04,-7.720219999999999860e-03,-1.550189999999999901e-02
1.488640000000000167e-04,-1.029361999999999985e-02,-1.291824000000000097e-02
1.489280000000000215e-04,-1.286701999999999985e-02,-2.066919999999999868e-02
1.489919999999999992e-04,-1.029361999999999985e-02,-1.291824000000000097e-02
1.490560000000000040e-04,-1.286701999999999985e-02,-1.550189999999999901e-02
1.491200000000000088e-04,-1.801383999999999971e-02,-1.291824000000000097e-02
1.491840000000000136e-04,-1.286701999999999985e-02,-1.550189999999999901e-02
1.492480000000000185e-04,-1.544043999999999972e-02,-1.808554000000000064e-02
1.493119999999999962e-04,-7.720219999999999860e-03,-7.750940000000000434e-03
1.493760000000000010e-04,-7.720219999999999860e-03,-1.550189999999999901e-02
1.494400000000000058e-04,-1.029361999999999985e-02,-1.033459999999999934e-02
1.495040000000000106e-04,-7.720219999999999860e-03,-1.808554000000000064e-02
1.495680000000000154e-04,-7.720219999999999860e-03,-1.550189999999999901e-02
1.496320000000000202e-04,-5.146819999999999867e-03,-1.291824000000000097e-02
1.496959999999999979e-04,-7.720219999999999860e-03,-1.808554000000000064e-02
1.497600000000000027e-04,-1.286701999999999985e-02,-1.291824000000000097e-02
1.498240000000000075e-04,-1.286701999999999985e-02,-1.550189999999999901e-02
1.498880000000000123e-04,-1.544043999999999972e-02,-1.808554000000000064e-02
1.499520000000000171e-04,-5.146819999999999867e-03,-1.808554000000000064e-02
1.500160000000000219e-04,-1.801383999999999971e-02,-1.291824000000000097e-02
1.500799999999999996e-04,-7.720219999999999860e-03,-1.291824000000000097e-02
1.501440000000000045e-04,-1.286701999999999985e-02,-1.291824000000000097e-02
1.502080000000000093e-04,-1.286701999999999985e-02,-1.550189999999999901e-02
1.502720000000000141e-04,-7.720219999999999860e-03,-1.033459999999999934e-02
1.503360000000000189e-04,-1.544043999999999972e-02,-1.291824000000000097e-02
1.503999999999999966e-04,-7.720219999999999860e-03,-1.291824000000000097e-02
1.504640000000000014e-04,-1.286701999999999985e-02,-1.291824000000000097e-02
1.505280000000000062e-04,-1.544043999999999972e-02,-1.808554000000000064e-02
1.505920000000000110e-04,-5.146819999999999867e-03,-7.750940000000000434e-03
1.506560000000000158e-04,-7.720219999999999860e-03,-1.808554000000000064e-02
1.507200000000000206e-04,-1.029361999999999985e-02,-1.291824000000000097e-02
1.507839999999999983e-04,-5.146819999999999867e-03,-1.550189999999999901e-02
1.508480000000000031e-04,-5.146819999999999867e-03,-2.066919999999999868e-02
1.509120000000000079e-04,0.000000000000000000e+00,-1.291824000000000097e-02
1.509760000000000128e-04,-1.029361999999999985e-02,-2.325279999999999708e-02
1.510400000000000176e-04,0.000000000000000000e+00,-1.033459999999999934e-02
1.511040000000000224e-04,-2.573399999999999993e-03,-1.550189999999999901e-02
1.511680000000000001e-04,-5.146819999999999867e-03,-1.550189999999999901e-02
1.512320000000000049e-04,-5.146819999999999867e-03,-1.550189999999999901e-02
1.512960000000000097e-04,-1.029361999999999985e-02,-2.066919999999999868e-02
1.513600000000000145e-04,-7.720219999999999860e-03,-1.808554000000000064e-02
1.514240000000000193e-04,-7.720219999999999860e-03,-1.291824000000000097e-02
1.514879999999999970e-04,-7.720219999999999860e-03,-1.808554000000000064e-02
1.515520000000000018e-04,-1.029361999999999985e-02,-2.583639999999999895e-02
1.516160000000000066e-04,-7.720219999999999860e-03,-1.808554000000000064e-02
1.516800000000000114e-04,-7.720219999999999860e-03,-1.550189999999999901e-02
1.517440000000000162e-04,-1.029361999999999985e-02,-1.033459999999999934e-02
1.518080000000000210e-04,-1.286701999999999985e-02,-5.167299999999999671e-03
1.518719999999999988e-04,0.000000000000000000e+00,-1.033459999999999934e-02
1.519360000000000036e-04,-5.146819999999999867e-03,-1.291824000000000097e-02
1.520000000000000084e-04,-1.544043999999999972e-02,-1.550189999999999901e-02
1.520640000000000132e-04,-5.146819999999999867e-03,-1.550189999999999901e-02
1.521280000000000180e-04,2.573399999999999993e-03,-1.291824000000000097e-02
1.521920000000000228e-04,-1.029361999999999985e-02,-1.291824000000000097e-02
1.522560000000000005e-04,-5.146819999999999867e-03,-1.291824000000000097e-02
1.523200000000000053e-04,-7.720219999999999860e-03,-1.033459999999999934e-02
1.523840000000000101e-04,-1.029361999999999985e-02,-1.550189999999999901e-02
1.524480000000000149e-04,-2.573399999999999993e-03,-1.808554000000000064e-02
1.525120000000000197e-04,-5.146819999999999867e-03,-1.808554000000000064e-02
1.525759999999999974e-04,-5.146819999999999867e-03,-1.808554000000000064e-02
1.526400000000000022e-04,-7.720219999999999860e-03,-1.033459999999999934e-02
1.527040000000000070e-04,-5.146819999999999867e-03,-1.550189999999999901e-02
1.527680000000000119e-04,-1.029361999999999985e-02,-1.033459999999999934e-02
1.528320000000000167e-04,-7.720219999999999860e-03,-1.808554000000000064e-02
1.528960000000000215e-04,-5.146819999999999867e-03,-1.291824000000000097e-02
1.529599999999999992e-04,-5.146819999999999867e-03,-7.750940000000000434e-03
1.530240000000000040e-04,-5.146819999999999867e-03,-1.291824000000000097e-02
1.530880000000000088e-04,-5.146819999999999867e-03,-1.550189999999999901e-02
1.531520000000000136e-04,-7.720219999999999860e-03,-1.550189999999999901e-02
1.532160000000000184e-04,-1.544043999999999972e-02,-1.808554000000000064e-02
1.532799999999999961e-04,-2.573399999999999993e-03,-1.033459999999999934e-02
1.533440000000000009e-04,-1.029361999999999985e-02,-1.033459999999999934e-02
1.534080000000000057e-04,0.000000000000000000e+00,-1.291824000000000097e-02
1.534720000000000105e-04,0.000000000000000000e+00,-1.291824000000000097e-02
1.535360000000000153e-04,-2.573399999999999993e-03,-1.291824000000000097e-02
1.536000000000000202e-04,2.573399999999999993e-03,-1.033459999999999934e-02
1.536639999999999979e-04,-2.573399999999999993e-03,-1.033459999999999934e-02
1.537280000000000027e-04,-1.029361999999999985e-02,-1.808554000000000064e-02
1.537920000000000075e-04,-7.720219999999999860e-03,-1.033459999999999934e-02
1.538560000000000123e-04,-1.286701999999999985e-02,-1.033459999999999934e-02
1.539200000000000171e-04,-1.029361999999999985e-02,-2.066919999999999868e-02
1.539840000000000219e-04,-1.286701999999999985e-02,-1.033459999999999934e-02
1.540479999999999996e-04,-5.146819999999999867e-03,-1.291824000000000097e-02
1.541120000000000044e-04,-5.146819999999999867e-03,-1.550189999999999901e-02
1.541760000000000092e-04,-1.286701999999999985e-02,-1.033459999999999934e-02
1.542400000000000140e-04,-2.573399999999999993e-03,-1.550189999999999901e-02
1.543040000000000188e-04,-1.029361999999999985e-02,-1.033459999999999934e-02
1.543679999999999965e-04,-1.029361999999999985e-02,-1.550189999999999901e-02
1.544320000000000013e-04,-1.029361999999999985e-02,-1.550189999999999901e-02
1.544960000000000062e-04,-5.146819999999999867e-03,-1.550189999999999901e-02
1.545600000000000110e-04,-5.146819999999999867e-03,-1.291824000000000097e-02
1.546240000000000158e-04,-1.029361999999999985e-02,-1.550189999999999901e-02
1.546880000000000206e-04,0.000000000000000000e+00,-1.033459999999999934e-02
1.547519999999999983e-04,-7.720219999999999860e-03,-1.291824000000000097e-02
1.548160000000000031e-04,-5.146819999999999867e-03,-1.291824000000000097e-02
1.548800000000000079e-04,0.000000000000000000e+00,-1.291824000000000097e-02
1.549440000000000127e-04,-5.146819999999999867e-03,-1.550189999999999901e-02
1.550080000000000175e-04,-1.029361999999999985e-02,-1.808554000000000064e-02
1.550720000000000223e-04,-5.146819999999999867e-03,-2.066919999999999868e-02
1.551360000000000000e-04,-7.720219999999999860e-03,-1.808554000000000064e-02
1.552000000000000048e-04,-5.146819999999999867e-03,-1.033459999999999934e-02
1.552640000000000096e-04,-5.146819999999999867e-03,-1.291824000000000097e-02
1.553280000000000145e-04,-1.029361999999999985e-02,-1.291824000000000097e-02
1.553920000000000193e-04,-1.029361999999999985e-02,-1.033459999999999934e-02
1.554559999999999970e-04,-2.573399999999999993e-03,-1.808554000000000064e-02
1.555200000000000018e-04,-5.146819999999999867e-03,-1.550189999999999901e-02
1.555840000000000066e-04,-1.286701999999999985e-02,-2.066919999999999868e-02
1.556480000000000114e-04,-1.029361999999999985e-02,-1.550189999999999901e-02
1.557120000000000162e-04,-7.720219999999999860e-03,-1.291824000000000097e-02
1.557760000000000210e-04,2.573399999999999993e-03,-7.750940000000000434e-03
1.558399999999999987e-04,0.000000000000000000e+00,-1.033459999999999934e-02
1.559040000000000035e-04,-1.029361999999999985e-02,-1.033459999999999934e-02
1.559680000000000083e-04,-1.801383999999999971e-02,-7.750940000000000434e-03
1.560320000000000131e-04,-5.146819999999999867e-03,-5.167299999999999671e-03
1.560960000000000179e-04,-7.720219999999999860e-03,-5.167299999999999671e-03
1.561600000000000227e-04,-2.573399999999999993e-03,-1.550189999999999901e-02
1.562240000000000005e-04,0.000000000000000000e+00,-1.033459999999999934e-02
1.562880000000000053e-04,-1.029361999999999985e-02,-7.750940000000000434e-03
1.563520000000000101e-04,0.000000000000000000e+00,-1.291824000000000097e-02
1.564160000000000149e-04,-1.029361999999999985e-02,-1.550189999999999901e-02
1.564800000000000197e-04,-5.146819999999999867e-03,-7.750940000000000434e-03
1.565439999999999974e-04,-2.573399999999999993e-03,-1.291824000000000097e-02
1.566080000000000022e-04,-2.573399999999999993e-03,-7.750940000000000434e-03
1.566720000000000070e-04,-5.146819999999999867e-03,-1.291824000000000097e-02
1.567360000000000118e-04,-1.029361999999999985e-02,-7.750940000000000434e-03
1.568000000000000166e-04,-1.029361999999999985e-02,-7.750940000000000434e-03
1.568640000000000214e-04,0.000000000000000000e+00,-7.750940000000000434e-03
1.569279999999999991e-04,2.573399999999999993e-03,-1.291824000000000097e-02
1.569920000000000039e-04,2.573399999999999993e-03,-1.291824000000000097e-02
1.570560000000000087e-04,-2.573399999999999993e-03,-1.033459999999999934e-02
1.571200000000000136e-04,-2.573399999999999993e-03,-1.033459999999999934e-02
1.571840000000000184e-04,-7.720219999999999860e-03,-1.033459999999999934e-02
1.572480000000000232e-04,-5.146819999999999867e-03,-2.066919999999999868e-02
1.573120000000000009e-04,-1.029361999999999985e-02,-1.291824000000000097e-02
1.573760000000000057e-04,-2.573399999999999993e-03,-1.291824000000000097e-02
1.574400000000000105e-04,-5.146819999999999867e-03,-1.808554000000000064e-02
1.575040000000000153e-04,-7.720219999999999860e-03,-7.750940000000000434e-03
1.575680000000000201e-04,-1.029361999999999985e-02,-1.033459999999999934e-02
1.576319999999999978e-04,-1.029361999999999985e-02,-5.167299999999999671e-03
1.576960000000000026e-04,-5.146819999999999867e-03,-7.750940000000000434e-03
1.577600000000000074e-04,-7.720219999999999860e-03,-1.291824000000000097e-02
1.578240000000000122e-04,-1.544043999999999972e-02,-1.033459999999999934e-02
1.578880000000000170e-04,-1.286701999999999985e-02,-1.291824000000000097e-02
1.579520000000000219e-04,0.000000000000000000e+00,-7.750940000000000434e-03
1.580159999999999996e-04,-5.146819999999999867e-03,-1.033459999999999934e-02
1.580800000000000044e-04,-5.146819999999999867e-03,-1.291824000000000097e-02
1.581440000000000092e-04,-5.146819999999999867e-03,-1.291824000000000097e-02
1.582080000000000140e-04,-7.720219999999999860e-03,-7.750940000000000434e-03
1.582720000000000188e-04,-1.286701999999999985e-02,-1.291824000000000097e-02
1.583359999999999965e-04,-1.029361999999999985e-02,0.000000000000000000e+00
1.584000000000000013e-04,-7.720219999999999860e-03,-1.033459999999999934e-02
1.584640000000000061e-04,-1.544043999999999972e-02,-1.291824000000000097e-02
1.585280000000000109e-04,-1.286701999999999985e-02,-1.033459999999999934e-02
1.585920000000000157e-04,-1.286701999999999985e-02,-1.033459999999999934e-02
1.586560000000000205e-04,-1.286701999999999985e-02,-1.291824000000000097e-02
1.587199999999999982e-04,-1.029361999999999985e-02,-1.033459999999999934e-02
1.587840000000000030e-04,-7.720219999999999860e-03,-5.167299999999999671e-03
1.588480000000000079e-04,-5.146819999999999867e-03,-1.033459999999999934e-02
1.589120000000000127e-04,-1.544043999999999972e-02,-1.550189999999999901e-02
1.589760000000000175e-04,-7.720219999999999860e-03,-7.750940000000000434e-03
1.590400000000000223e-04,-1.286701999999999985e-02,-1.291824000000000097e-02
1.591040000000000000e-04,-7.720219999999999860e-03,-1.550189999999999901e-02
1.591680000000000048e-04,-7.720219999999999860e-03,-1.550189999999999901e-02
1.592320000000000096e-04,-1.286701999999999985e-02,-1.033459999999999934e-02
1.592960000000000144e-04,-7.720219999999999860e-03,-1.033459999999999934e-02
1.593600000000000192e-04,-1.286701999999999985e-02,-1.808554000000000064e-02
1.594239999999999969e-04,-1.286701999999999985e-02,-1.033459999999999934e-02
1.594880000000000017e-04,-1.286701999999999985e-02,-5.167299999999999671e-03
1.595520000000000065e-04,-1.544043999999999972e-02,-1.291824000000000097e-02
1.596160000000000113e-04,-1.801383999999999971e-02,-1.033459999999999934e-02
1.596800000000000162e-04,-1.029361999999999985e-02,-1.550189999999999901e-02
1.597440000000000210e-04,-1.801383999999999971e-02,-5.167299999999999671e-03
1.598079999999999987e-04,-1.801383999999999971e-02,-5.167299999999999671e-03
1.598720000000000035e-04,-1.029361999999999985e-02,-1.808554000000000064e-02
1.599360000000000083e-04,-1.029361999999999985e-02,-2.325279999999999708e-02
1.600000000000000131e-04,-7.720219999999999860e-03,-2.066919999999999868e-02
1.600640000000000179e-04,-1.544043999999999972e-02,-1.550189999999999901e-02
1.601280000000000227e-04,-1.801383999999999971e-02,-1.291824000000000097e-02
1.601920000000000004e-04,-1.029361999999999985e-02,-2.066919999999999868e-02
1.602560000000000052e-04,-2.058719999999999994e-02,-2.583640000000000329e-03
1.603200000000000100e-04,-1.801383999999999971e-02,-1.033459999999999934e-02
1.603840000000000148e-04,-2.316059999999999994e-02,-1.291824000000000097e-02
1.604480000000000196e-04,-1.544043999999999972e-02,-7.750940000000000434e-03
1.605119999999999973e-04,-1.029361999999999985e-02,-1.291824000000000097e-02
1.605760000000000022e-04,-1.286701999999999985e-02,-1.550189999999999901e-02
1.606400000000000070e-04,-1.801383999999999971e-02,-2.066919999999999868e-02
1.607040000000000118e-04,-1.544043999999999972e-02,-1.291824000000000097e-02
1.607680000000000166e-04,-1.286701999999999985e-02,-1.291824000000000097e-02
1.608320000000000214e-04,-1.286701999999999985e-02,-7.750940000000000434e-03
1.608959999999999991e-04,-1.544043999999999972e-02,-1.033459999999999934e-02
1.609600000000000039e-04,-1.286701999999999985e-02,-1.550189999999999901e-02
1.610240000000000087e-04,-2.058719999999999994e-02,-1.291824000000000097e-02
1.610880000000000135e-04,-1.029361999999999985e-02,-2.066919999999999868e-02
1.611520000000000183e-04,-1.029361999999999985e-02,-1.808554000000000064e-02
1.612160000000000231e-04,-1.286701999999999985e-02,-1.808554000000000064e-02
1.612800000000000008e-04,-1.544043999999999972e-02,-1.550189999999999901e-02
1.613440000000000056e-04,-1.544043999999999972e-02,-1.033459999999999934e-02
1.614080000000000104e-04,-1.544043999999999972e-02,-1.550189999999999901e-02
1.614720000000000153e-04,-1.801383999999999971e-02,-1.808554000000000064e-02
1.615360000000000201e-04,-1.801383999999999971e-02,-5.167299999999999671e-03
1.615999999999999978e-04,-2.058719999999999994e-02,-1.550189999999999901e-02
1.616640000000000026e-04,-1.801383999999999971e-02,-2.325279999999999708e-02
1.617280000000000074e-04,-1.286701999999999985e-02,-1.808554000000000064e-02
1.617920000000000122e-04,-2.058719999999999994e-02,-1.550189999999999901e-02
1.618560000000000170e-04,-1.801383999999999971e-02,-1.291824000000000097e-02
1.619200000000000218e-04,-1.029361999999999985e-02,-1.550189999999999901e-02
1.619839999999999995e-04,-1.544043999999999972e-02,-1.808554000000000064e-02
1.620480000000000043e-04,-1.029361999999999985e-02,-1.550189999999999901e-02
1.621120000000000091e-04,-1.029361999999999985e-02,-1.550189999999999901e-02
1.621760000000000139e-04,-7.720219999999999860e-03,-7.750940000000000434e-03
1.622400000000000187e-04,-7.720219999999999860e-03,-1.550189999999999901e-02
1.623040000000000236e-04,-2.058719999999999994e-02,-2.066919999999999868e-02
1.623680000000000013e-04,-1.029361999999999985e-02,-1.550189999999999901e-02
1.624320000000000061e-04,-1.544043999999999972e-02,-1.291824000000000097e-02
1.624960000000000109e-04,-1.544043999999999972e-02,-7.750940000000000434e-03
1.625600000000000157e-04,-1.029361999999999985e-02,-1.033459999999999934e-02
1.626240000000000205e-04,-2.316059999999999994e-02,-1.550189999999999901e-02
1.626879999999999982e-04,-1.286701999999999985e-02,-7.750940000000000434e-03
1.627520000000000030e-04,-1.544043999999999972e-02,-1.550189999999999901e-02
1.628160000000000078e-04,-1.801383999999999971e-02,-1.033459999999999934e-02
1.628800000000000126e-04,-2.058719999999999994e-02,-1.033459999999999934e-02
1.629440000000000174e-04,-1.801383999999999971e-02,-1.291824000000000097e-02
1.630080000000000222e-04,-1.544043999999999972e-02,-1.291824000000000097e-02
1.630719999999999999e-04,-2.058719999999999994e-02,-1.033459999999999934e-02
1.631360000000000047e-04,-1.544043999999999972e-02,-1.550189999999999901e-02
1.632000000000000096e-04,-1.801383999999999971e-02,-1.291824000000000097e-02
1.632640000000000144e-04,-1.544043999999999972e-02,-7.750940000000000434e-03
1.633280000000000192e-04,-1.286701999999999985e-02,-1.550189999999999901e-02
1.633919999999999969e-04,-1.286701999999999985e-02,-7.750940000000000434e-03
1.634560000000000017e-04,-2.058719999999999994e-02,-1.550189999999999901e-02
1.635200000000000065e-04,-2.316059999999999994e-02,-1.550189999999999901e-02
1.635840000000000113e-04,-1.029361999999999985e-02,-1.808554000000000064e-02
1.636480000000000161e-04,-1.801383999999999971e-02,-5.167299999999999671e-03
1.637120000000000209e-04,-2.058719999999999994e-02,-1.291824000000000097e-02
1.637759999999999986e-04,-1.801383999999999971e-02,-2.325279999999999708e-02
1.638400000000000034e-04,-1.029361999999999985e-02,-1.808554000000000064e-02
1.639040000000000082e-04,-1.544043999999999972e-02,-1.808554000000000064e-02
1.639680000000000130e-04,-1.544043999999999972e-02,-1.033459999999999934e-02
1.640320000000000179e-04,-1.801383999999999971e-02,-1.033459999999999934e-02
1.640960000000000227e-04,-1.286701999999999985e-02,-1.033459999999999934e-02
1.641600000000000004e-04,-1.801383999999999971e-02,-1.291824000000000097e-02
1.642240000000000052e-04,-1.029361999999999985e-02,-1.550189999999999901e-02
1.642880000000000100e-04,-2.573399999999999993e-02,-1.033459999999999934e-02
1.643520000000000148e-04,-1.544043999999999972e-02,-1.033459999999999934e-02
1.644160000000000196e-04,-1.544043999999999972e-02,-1.550189999999999901e-02
1.644799999999999973e-04,-2.573399999999999993e-02,-1.291824000000000097e-02
1.645440000000000021e-04,-1.544043999999999972e-02,-1.550189999999999901e-02
1.646080000000000069e-04,-1.544043999999999972e-02,-1.550189999999999901e-02
1.646720000000000117e-04,-2.058719999999999994e-02,-1.291824000000000097e-02
1.647360000000000165e-04,-1.286701999999999985e-02,-1.550189999999999901e-02
1.648000000000000213e-04,-1.286701999999999985e-02,-1.550189999999999901e-02
1.648639999999999990e-04,-1.544043999999999972e-02,-1.550189999999999901e-02
1.649280000000000039e-04,-2.316059999999999994e-02,-1.808554000000000064e-02
1.649920000000000087e-04,-1.801383999999999971e-02,-1.291824000000000097e-02
1.650560000000000135e-04,-1.544043999999999972e-02,-7.750940000000000434e-03
1.651200000000000183e-04,-1.286701999999999985e-02,-1.033459999999999934e-02
1.651840000000000231e-04,-1.801383999999999971e-02,-1.808554000000000064e-02
1.652480000000000008e-04,-1.544043999999999972e-02,-2.325279999999999708e-02
1.653120000000000056e-04,-1.286701999999999985e-02,-2.325279999999999708e-02
1.653760000000000104e-04,-1.801383999999999971e-02,-1.550189999999999901e-02
1.654400000000000152e-04,-1.801383999999999971e-02,-1.808554000000000064e-02
1.655040000000000200e-04,-1.544043999999999972e-02,-1.808554000000000064e-02
1.655679999999999977e-04,-1.544043999999999972e-02,-1.033459999999999934e-02
1.656320000000000025e-04,-1.286701999999999985e-02,-1.033459999999999934e-02
1.656960000000000073e-04,-1.029361999999999985e-02,-1.550189999999999901e-02
1.657600000000000122e-04,-2.058719999999999994e-02,-1.550189999999999901e-02
1.658240000000000170e-04,-1.286701999999999985e-02,-2.066919999999999868e-02
1.658880000000000218e-04,-1.029361999999999985e-02,-1.550189999999999901e-02
1.659519999999999995e-04,-1.801383999999999971e-02,-1.291824000000000097e-02
1.660160000000000043e-04,-1.286701999999999985e-02,-1.550189999999999901e-02
1.660800000000000091e-04,-1.286701999999999985e-02,-1.808554000000000064e-02
1.661440000000000139e-04,-5.146819999999999867e-03,-1.550189999999999901e-02
1.662080000000000187e-04,-1.029361999999999985e-02,-1.808554000000000064e-02
1.662720000000000235e-04,-1.801383999999999971e-02,-1.808554000000000064e-02
1.663360000000000012e-04,-1.286701999999999985e-02,-1.033459999999999934e-02
1.664000000000000060e-04,-7.720219999999999860e-03,-1.550189999999999901e-02
1.664640000000000108e-04,-1.544043999999999972e-02,-1.291824000000000097e-02
1.665280000000000156e-04,-1.801383999999999971e-02,-2.066919999999999868e-02
1.665920000000000204e-04,-1.544043999999999972e-02,-1.808554000000000064e-02
1.666559999999999982e-04,-1.286701999999999985e-02,-2.066919999999999868e-02
1.667200000000000030e-04,-1.544043999999999972e-02,-2.325279999999999708e-02
1.667840000000000078e-04,-7.720219999999999860e-03,-7.750940000000000434e-03
1.668480000000000126e-04,-2.058719999999999994e-02,-1.291824000000000097e-02
1.669120000000000174e-04,-1.029361999999999985e-02,-1.808554000000000064e-02
1.669760000000000222e-04,-1.801383999999999971e-02,-1.550189999999999901e-02
1.670399999999999999e-04,-2.058719999999999994e-02,-2.066919999999999868e-02
1.671040000000000047e-04,-7.720219999999999860e-03,-2.066919999999999868e-02
1.671680000000000095e-04,-1.286701999999999985e-02,-1.291824000000000097e-02
1.672320000000000143e-04,-1.801383999999999971e-02,-1.550189999999999901e-02
1.672960000000000191e-04,-1.029361999999999985e-02,-1.291824000000000097e-02
1.673600000000000239e-04,-1.029361999999999985e-02,-1.550189999999999901e-02
1.674240000000000016e-04,-5.146819999999999867e-03,-1.550189999999999901e-02
1.674880000000000064e-04,-7.720219999999999860e-03,-1.033459999999999934e-02
1.675520000000000113e-04,-5.146819999999999867e-03,-1.550189999999999901e-02
1.676160000000000161e-04,-1.544043999999999972e-02,-1.550189999999999901e-02
1.676800000000000209e-04,-5.146819999999999867e-03,-1.550189999999999901e-02
1.677439999999999986e-04,-1.029361999999999985e-02,-1.033459999999999934e-02
1.678080000000000034e-04,-1.544043999999999972e-02,-1.291824000000000097e-02
1.678720000000000082e-04,-2.573399999999999993e-03,-1.550189999999999901e-02
1.679360000000000130e-04,5.146819999999999867e-03,-2.325279999999999708e-02
1.680000000000000178e-04,-7.720219999999999860e-03,-1.550189999999999901e-02
1.680640000000000226e-04,-1.029361999999999985e-02,-2.066919999999999868e-02
1.681280000000000003e-04,-1.029361999999999985e-02,-1.033459999999999934e-02
1.681920000000000051e-04,-5.146819999999999867e-03,-2.066919999999999868e-02
1.682560000000000099e-04,-5.146819999999999867e-03,-1.808554000000000064e-02
1.683200000000000147e-04,-1.029361999999999985e-02,-1.808554000000000064e-02
1.683840000000000196e-04,-1.544043999999999972e-02,-1.808554000000000064e-02
1.684479999999999973e-04,-1.029361999999999985e-02,-2.066919999999999868e-02
1.685120000000000021e-04,-1.029361999999999985e-02,-1.808554000000000064e-02
1.685760000000000069e-04,-1.029361999999999985e-02,-1.808554000000000064e-02
1.686400000000000117e-04,-7.720219999999999860e-03,-1.808554000000000064e-02
1.687040000000000165e-04,-1.544043999999999972e-02,-1.033459999999999934e-02
1.687680000000000213e-04,-5.146819999999999867e-03,-1.808554000000000064e-02
1.688319999999999990e-04,-1.286701999999999985e-02,-1.808554000000000064e-02
1.688960000000000038e-04,-7.720219999999999860e-03,-1.291824000000000097e-02
1.689600000000000086e-04,-7.720219999999999860e-03,-1.291824000000000097e-02
1.690240000000000134e-04,-1.286701999999999985e-02,-1.291824000000000097e-02
1.690880000000000182e-04,-1.286701999999999985e-02,-1.291824000000000097e-02
1.691520000000000230e-04,-2.573399999999999993e-03,-1.808554000000000064e-02
1.692160000000000007e-04,-1.029361999999999985e-02,-1.808554000000000064e-02
1.692800000000000056e-04,-1.286701999999999985e-02,-1.550189999999999901e-02
1.693440000000000104e-04,-1.029361999999999985e-02,-1.291824000000000097e-02
1.694080000000000152e-04,-1.286701999999999985e-02,-1.291824000000000097e-02
1.694720000000000200e-04,-5.146819999999999867e-03,-1.808554000000000064e-02
1.695359999999999977e-04,-1.286701999999999985e-02,-1.291824000000000097e-02
1.696000000000000025e-04,-2.573399999999999993e-03,-1.291824000000000097e-02
1.696640000000000073e-04,-1.029361999999999985e-02,-1.291824000000000097e-02
1.697280000000000121e-04,-7.720219999999999860e-03,-1.808554000000000064e-02
1.697920000000000169e-04,-1.029361999999999985e-02,-1.550189999999999901e-02
1.698560000000000217e-04,-1.029361999999999985e-02,-1.550189999999999901e-02
1.699199999999999994e-04,-1.286701999999999985e-02,-5.167299999999999671e-03
1.699840000000000042e-04,-1.029361999999999985e-02,-1.033459999999999934e-02
1.700480000000000090e-04,-1.029361999999999985e-02,-1.291824000000000097e-02
1.701120000000000139e-04,-1.286701999999999985e-02,-1.808554000000000064e-02
1.701760000000000187e-04,-7.720219999999999860e-03,-1.808554000000000064e-02
1.702400000000000235e-04,-7.720219999999999860e-03,-1.808554000000000064e-02
1.703040000000000012e-04,-7.720219999999999860e-03,-7.750940000000000434e-03
1.703680000000000060e-04,-5.146819999999999867e-03,-1.550189999999999901e-02
1.704320000000000108e-04,-2.573399999999999993e-03,-7.750940000000000434e-03
1.704960000000000156e-04,-7.720219999999999860e-03,-7.750940000000000434e-03
1.705600000000000204e-04,-7.720219999999999860e-03,-1.291824000000000097e-02
1.706239999999999981e-04,-1.029361999999999985e-02,-1.291824000000000097e-02
1.706880000000000029e-04,-2.573399999999999993e-03,-5.167299999999999671e-03
1.707520000000000077e-04,-1.286701999999999985e-02,-1.550189999999999901e-02
1.708160000000000125e-04,-1.286701999999999985e-02,-5.167299999999999671e-03
1.708800000000000173e-04,-1.029361999999999985e-02,-1.033459999999999934e-02
1.709440000000000221e-04,-1.286701999999999985e-02,-1.033459999999999934e-02
1.710079999999999999e-04,-1.029361999999999985e-02,-1.550189999999999901e-02
1.710720000000000047e-04,-1.544043999999999972e-02,-1.291824000000000097e-02
1.711360000000000095e-04,-1.029361999999999985e-02,-1.291824000000000097e-02
1.712000000000000143e-04,-1.029361999999999985e-02,-5.167299999999999671e-03
1.712640000000000191e-04,-1.029361999999999985e-02,-1.550189999999999901e-02
1.713280000000000239e-04,-5.146819999999999867e-03,-1.033459999999999934e-02
1.713920000000000016e-04,-1.029361999999999985e-02,-1.550189999999999901e-02
1.714560000000000064e-04,-7.720219999999999860e-03,-5.167299999999999671e-03
1.715200000000000112e-04,-1.544043999999999972e-02,-1.550189999999999901e-02
1.715840000000000160e-04,-5.146819999999999867e-03,-5.167299999999999671e-03
1.716480000000000208e-04,-7.720219999999999860e-03,-1.291824000000000097e-02
1.717119999999999985e-04,-5.146819999999999867e-03,-1.291824000000000097e-02
1.717760000000000033e-04,-1.286701999999999985e-02,-1.550189999999999901e-02
1.718400000000000081e-04,-7.720219999999999860e-03,-5.167299999999999671e-03
1.719040000000000130e-04,-5.146819999999999867e-03,-1.550189999999999901e-02
1.719680000000000178e-04,-1.544043999999999972e-02,-1.291824000000000097e-02
1.720320000000000226e-04,-1.029361999999999985e-02,-5.167299999999999671e-03
1.720960000000000003e-04,-1.801383999999999971e-02,-5.167299999999999671e-03
1.721600000000000051e-04,-1.029361999999999985e-02,-1.291824000000000097e-02
1.722240000000000099e-04,-1.029361999999999985e-02,-1.291824000000000097e-02
1.722880000000000147e-04,-1.029361999999999985e-02,-2.583640000000000329e-03
1.723520000000000195e-04,-5.146819999999999867e-03,-1.550189999999999901e-02
1.724159999999999972e-04,-2.573399999999999993e-03,-1.291824000000000097e-02
1.724800000000000020e-04,-1.801383999999999971e-02,-1.291824000000000097e-02
1.725440000000000068e-04,-1.029361999999999985e-02,0.000000000000000000e+00
1.726080000000000116e-04,-5.146819999999999867e-03,-1.033459999999999934e-02
1.726720000000000164e-04,-1.286701999999999985e-02,-1.550189999999999901e-02
1.727360000000000213e-04,-1.286701999999999985e-02,-1.550189999999999901e-02
1.727999999999999990e-04,-2.058719999999999994e-02,-1.033459999999999934e-02
1.728640000000000038e-04,-1.029361999999999985e-02,-5.167299999999999671e-03
1.729280000000000086e-04,-5.146819999999999867e-03,-5.167299999999999671e-03
1.729920000000000134e-04,-1.544043999999999972e-02,-7.750940000000000434e-03
1.730560000000000182e-04,-1.286701999999999985e-02,-7.750940000000000434e-03
1.731200000000000230e-04,-1.029361999999999985e-02,-7.750940000000000434e-03
1.731840000000000007e-04,-7.720219999999999860e-03,-1.033459999999999934e-02
1.732480000000000055e-04,-7.720219999999999860e-03,-5.167299999999999671e-03
1.733120000000000103e-04,-1.029361999999999985e-02,-7.750940000000000434e-03
1.733760000000000151e-04,-1.029361999999999985e-02,-1.033459999999999934e-02
1.734400000000000199e-04,-1.029361999999999985e-02,-1.291824000000000097e-02
1.735039999999999976e-04,-1.029361999999999985e-02,-1.291824000000000097e-02
1.735680000000000024e-04,-1.801383999999999971e-02,-7.750940000000000434e-03
1.736320000000000073e-04,-5.146819999999999867e-03,-1.033459999999999934e-02
1.736960000000000121e-04,-1.544043999999999972e-02,-1.291824000000000097e-02
1.737600000000000169e-04,-7.720219999999999860e-03,-1.033459999999999934e-02
1.738240000000000217e-04,-1.801383999999999971e-02,-1.291824000000000097e-02
1.738879999999999994e-04,-1.029361999999999985e-02,-1.550189999999999901e-02
1.739520000000000042e-04,-1.286701999999999985e-02,-1.033459999999999934e-02
1.740160000000000090e-04,-1.286701999999999985e-02,-1.033459999999999934e-02
1.740800000000000138e-04,-7.720219999999999860e-03,-1.550189999999999901e-02
1.741440000000000186e-04,-7.720219999999999860e-03,-1.550189999999999901e-02
1.742080000000000234e-04,-7.720219999999999860e-03,-1.033459999999999934e-02
1.742720000000000011e-04,-1.286701999999999985e-02,-1.808554000000000064e-02
1.743360000000000059e-04,-7.720219999999999860e-03,-5.167299999999999671e-03
1.744000000000000107e-04,-5.146819999999999867e-03,-1.033459999999999934e-02
1.744640000000000156e-04,-1.544043999999999972e-02,-5.167299999999999671e-03
1.745280000000000204e-04,-1.544043999999999972e-02,-1.291824000000000097e-02
1.745919999999999981e-04,-2.058719999999999994e-02,-7.750940000000000434e-03
1.746560000000000029e-04,-1.286701999999999985e-02,-1.808554000000000064e-02
1.747200000000000077e-04,-1.286701999999999985e-02,-5.167299999999999671e-03
1.747840000000000125e-04,-1.029361999999999985e-02,-1.033459999999999934e-02
1.748480000000000173e-04,-1.029361999999999985e-02,-7.750940000000000434e-03
1.749120000000000221e-04,-1.286701999999999985e-02,-7.750940000000000434e-03
1.749759999999999998e-04,-1.029361999999999985e-02,-7.750940000000000434e-03
1.750400000000000046e-04,-1.544043999999999972e-02,-7.750940000000000434e-03
1.751040000000000094e-04,-1.029361999999999985e-02,-1.033459999999999934e-02
1.751680000000000142e-04,-1.544043999999999972e-02,-1.033459999999999934e-02
1.752320000000000190e-04,-1.286701999999999985e-02,-5.167299999999999671e-03
1.752960000000000238e-04,-1.286701999999999985e-02,-1.033459999999999934e-02
1.753600000000000016e-04,-1.544043999999999972e-02,-1.033459999999999934e-02
1.754240000000000064e-04,-1.286701999999999985e-02,-1.291824000000000097e-02
1.754880000000000112e-04,-1.029361999999999985e-02,-5.167299999999999671e-03
1.755520000000000160e-04,-1.286701999999999985e-02,-1.033459999999999934e-02
1.756160000000000208e-04,-1.029361999999999985e-02,-1.291824000000000097e-02
1.756799999999999985e-04,-5.146819999999999867e-03,-1.291824000000000097e-02
1.757440000000000033e-04,-1.286701999999999985e-02,-1.033459999999999934e-02
1.758080000000000081e-04,-1.286701999999999985e-02,-5.167299999999999671e-03
1.758720000000000129e-04,-1.801383999999999971e-02,-5.167299999999999671e-03
1.759360000000000177e-04,-1.544043999999999972e-02,-1.808554000000000064e-02
1.760000000000000225e-04,-2.058719999999999994e-02,-5.167299999999999671e-03
1.760640000000000002e-04,-1.801383999999999971e-02,-5.167299999999999671e-03
1.761280000000000050e-04,-1.286701999999999985e-02,-1.033459999999999934e-02
1.761920000000000098e-04,-2.058719999999999994e-02,-1.550189999999999901e-02
1.762560000000000147e-04,-1.544043999999999972e-02,-1.550189999999999901e-02
1.763200000000000195e-04,-1.029361999999999985e-02,-7.750940000000000434e-03
1.763840000000000243e-04,-1.029361999999999985e-02,-7.750940000000000434e-03
1.764480000000000020e-04,-1.286701999999999985e-02,-1.033459999999999934e-02
1.765120000000000068e-04,-1.801383999999999971e-02,-1.033459999999999934e-02
1.765760000000000116e-04,-1.544043999999999972e-02,-1.033459999999999934e-02
1.766400000000000164e-04,-1.286701999999999985e-02,-1.033459999999999934e-02
1.767040000000000212e-04,-1.286701999999999985e-02,-1.291824000000000097e-02
1.767679999999999989e-04,-1.801383999999999971e-02,-1.291824000000000097e-02
1.768320000000000037e-04,-1.029361999999999985e-02,-5.167299999999999671e-03
1.768960000000000085e-04,-2.058719999999999994e-02,-7.750940000000000434e-03
1.769600000000000133e-04,-1.286701999999999985e-02,-1.808554000000000064e-02
1.770240000000000181e-04,-1.286701999999999985e-02,-7.750940000000000434e-03
1.770880000000000230e-04,-1.544043999999999972e-02,-1.550189999999999901e-02
1.771520000000000007e-04,-1.286701999999999985e-02,-1.291824000000000097e-02
1.772160000000000055e-04,-2.058719999999999994e-02,-1.033459999999999934e-02
1.772800000000000103e-04,-1.801383999999999971e-02,-5.167299999999999671e-03
1.773440000000000151e-04,-2.316059999999999994e-02,-1.033459999999999934e-02
1.774080000000000199e-04,-1.544043999999999972e-02,-1.808554000000000064e-02
1.774719999999999976e-04,-1.544043999999999972e-02,-1.291824000000000097e-02
1.775360000000000024e-04,-1.029361999999999985e-02,-5.167299999999999671e-03
1.776000000000000072e-04,-1.801383999999999971e-02,-1.291824000000000097e-02
1.776640000000000120e-04,-1.029361999999999985e-02,-1.291824000000000097e-02
1.777280000000000168e-04,-7.720219999999999860e-03,-1.291824000000000097e-02
1.777920000000000216e-04,-7.720219999999999860e-03,-1.291824000000000097e-02
1.778559999999999993e-04,-1.286701999999999985e-02,-5.167299999999999671e-03
1.779200000000000041e-04,-1.029361999999999985e-02,-7.750940000000000434e-03
1.779840000000000090e-04,-1.544043999999999972e-02,-7.750940000000000434e-03
1.780480000000000138e-04,-1.286701999999999985e-02,-1.808554000000000064e-02
1.781120000000000186e-04,-1.544043999999999972e-02,0.000000000000000000e+00
1.781760000000000234e-04,-1.801383999999999971e-02,-1.550189999999999901e-02
1.782400000000000011e-04,-1.544043999999999972e-02,-1.291824000000000097e-02
1.783040000000000059e-04,-7.720219999999999860e-03,-1.550189999999999901e-02
1.783680000000000107e-04,-1.544043999999999972e-02,-1.291824000000000097e-02
1.784320000000000155e-04,-1.801383999999999971e-02,-1.291824000000000097e-02
1.784960000000000203e-04,-1.029361999999999985e-02,-1.291824000000000097e-02
1.785599999999999980e-04,-1.801383999999999971e-02,-7.750940000000000434e-03
1.786240000000000028e-04,-1.286701999999999985e-02,-1.033459999999999934e-02
1.786880000000000076e-04,-1.544043999999999972e-02,-1.033459999999999934e-02
1.787520000000000124e-04,-1.544043999999999972e-02,-1.291824000000000097e-02
1.788160000000000173e-04,-1.029361999999999985e-02,-1.291824000000000097e-02
1.788800000000000221e-04,-1.544043999999999972e-02,-1.033459999999999934e-02
1.789439999999999998e-04,-2.058719999999999994e-02,-1.033459999999999934e-02
1.790080000000000046e-04,-1.544043999999999972e-02,-1.808554000000000064e-02
1.790720000000000094e-04,-1.286701999999999985e-02,-1.808554000000000064e-02
1.791360000000000142e-04,-1.544043999999999972e-02,-1.550189999999999901e-02
1.792000000000000190e-04,-1.801383999999999971e-02,-1.033459999999999934e-02
1.792640000000000238e-04,-1.286701999999999985e-02,-5.167299999999999671e-03
1.793280000000000015e-04,-1.029361999999999985e-02,-1.033459999999999934e-02
1.793920000000000063e-04,-1.801383999999999971e-02,-1.291824000000000097e-02
1.794560000000000111e-04,-1.286701999999999985e-02,-1.550189999999999901e-02
1.795200000000000159e-04,-2.058719999999999994e-02,-1.291824000000000097e-02
1.795840000000000207e-04,-7.720219999999999860e-03,-1.550189999999999901e-02
1.796479999999999984e-04,-7.720219999999999860e-03,-1.033459999999999934e-02
1.797120000000000033e-04,-1.544043999999999972e-02,-1.808554000000000064e-02
1.797760000000000081e-04,-1.029361999999999985e-02,-1.550189999999999901e-02
1.798400000000000129e-04,-1.029361999999999985e-02,-1.033459999999999934e-02
1.799040000000000177e-04,-1.029361999999999985e-02,-1.291824000000000097e-02
1.799680000000000225e-04,-1.544043999999999972e-02,-1.033459999999999934e-02
1.800320000000000002e-04,-1.286701999999999985e-02,-1.291824000000000097e-02
1.800960000000000050e-04,-7.720219999999999860e-03,-1.291824000000000097e-02
1.801600000000000098e-04,-1.286701999999999985e-02,-1.033459999999999934e-02
1.802240000000000146e-04,-1.029361999999999985e-02,-2.066919999999999868e-02
1.802880000000000194e-04,-1.029361999999999985e-02,-1.550189999999999901e-02
1.803520000000000242e-04,-1.286701999999999985e-02,-1.033459999999999934e-02
1.804160000000000019e-04,-1.029361999999999985e-02,-1.291824000000000097e-02
1.804800000000000067e-04,-1.544043999999999972e-02,-7.750940000000000434e-03
1.805440000000000115e-04,-1.029361999999999985e-02,-1.291824000000000097e-02
1.806080000000000164e-04,-1.544043999999999972e-02,-2.066919999999999868e-02
1.806720000000000212e-04,-1.029361999999999985e-02,-1.808554000000000064e-02
1.807359999999999989e-04,-2.573399999999999993e-03,-1.550189999999999901e-02
1.808000000000000037e-04,-1.029361999999999985e-02,-1.808554000000000064e-02
1.808640000000000085e-04,-7.720219999999999860e-03,-2.066919999999999868e-02
1.809280000000000133e-04,-1.286701999999999985e-02,-7.750940000000000434e-03
1.809920000000000181e-04,-1.286701999999999985e-02,-1.550189999999999901e-02
1.810560000000000229e-04,-7.720219999999999860e-03,-2.066919999999999868e-02
1.811200000000000006e-04,-1.029361999999999985e-02,-1.033459999999999934e-02
1.811840000000000054e-04,-1.029361999999999985e-02,-1.808554000000000064e-02
1.812480000000000102e-04,-5.146819999999999867e-03,-1.550189999999999901e-02
1.813120000000000150e-04,-1.801383999999999971e-02,-1.808554000000000064e-02
1.813760000000000198e-04,-7.720219999999999860e-03,-1.291824000000000097e-02
1.814400000000000247e-04,-5.146819999999999867e-03,-1.550189999999999901e-02
1.815040000000000024e-04,-1.029361999999999985e-02,-1.291824000000000097e-02
1.815680000000000072e-04,-1.029361999999999985e-02,-2.325279999999999708e-02
1.816320000000000120e-04,-1.286701999999999985e-02,-1.550189999999999901e-02
1.816960000000000168e-04,-5.146819999999999867e-03,-1.291824000000000097e-02
1.817600000000000216e-04,-5.146819999999999867e-03,-1.550189999999999901e-02
1.818239999999999993e-04,-1.544043999999999972e-02,-1.550189999999999901e-02
1.818880000000000041e-04,-7.720219999999999860e-03,-1.550189999999999901e-02
1.819520000000000089e-04,-1.286701999999999985e-02,-1.550189999999999901e-02
1.820160000000000137e-04,-1.029361999999999985e-02,-1.808554000000000064e-02
1.820800000000000185e-04,-2.573399999999999993e-03,-1.550189999999999901e-02
1.821440000000000233e-04,-1.029361999999999985e-02,-1.291824000000000097e-02
1.822080000000000010e-04,-1.029361999999999985e-02,-1.291824000000000097e-02
1.822720000000000058e-04,-1.286701999999999985e-02,-1.550189999999999901e-02
1.823360000000000107e-04,-1.029361999999999985e-02,-1.550189999999999901e-02
1.824000000000000155e-04,-1.029361999999999985e-02,-1.808554000000000064e-02
1.824640000000000203e-04,-5.146819999999999867e-03,-2.066919999999999868e-02
1.825279999999999980e-04,-5.146819999999999867e-03,-1.291824000000000097e-02
1.825920000000000028e-04,-5.146819999999999867e-03,-1.808554000000000064e-02
1.826560000000000076e-04,-5.146819999999999867e-03,-1.808554000000000064e-02
1.827200000000000124e-04,-1.029361999999999985e-02,-1.033459999999999934e-02
1.827840000000000172e-04,-1.029361999999999985e-02,-7.750940000000000434e-03
1.828480000000000220e-04,-5.146819999999999867e-03,-1.808554000000000064e-02
1.829119999999999997e-04,-7.720219999999999860e-03,-1.291824000000000097e-02
1.829760000000000045e-04,-2.573399999999999993e-03,-1.291824000000000097e-02
1.830400000000000093e-04,-1.029361999999999985e-02,-1.550189999999999901e-02
1.831040000000000141e-04,-1.029361999999999985e-02,-2.066919999999999868e-02
1.831680000000000190e-04,-1.544043999999999972e-02,-1.550189999999999901e-02
1.832320000000000238e-04,-2.573399999999999993e-03,-2.066919999999999868e-02
1.832960000000000015e-04,-1.544043999999999972e-02,-1.033459999999999934e-02
1.833600000000000063e-04,-7.720219999999999860e-03,-1.550189999999999901e-02
1.834240000000000111e-04,-1.286701999999999985e-02,-1.033459999999999934e-02
1.834880000000000159e-04,-1.029361999999999985e-02,-1.550189999999999901e-02
1.835520000000000207e-04,-7.720219999999999860e-03,-1.291824000000000097e-02
1.836159999999999984e-04,-1.029361999999999985e-02,-2.325279999999999708e-02
1.836800000000000032e-04,-7.720219999999999860e-03,-2.066919999999999868e-02
1.837440000000000080e-04,-1.029361999999999985e-02,-1.550189999999999901e-02
1.838080000000000128e-04,0.000000000000000000e+00,-1.808554000000000064e-02
1.838720000000000176e-04,-7.720219999999999860e-03,-1.808554000000000064e-02
1.839360000000000224e-04,0.000000000000000000e+00,-1.291824000000000097e-02
1.840000000000000001e-04,-7.720219999999999860e-03,-1.291824000000000097e-02
1.840640000000000050e-04,-1.029361999999999985e-02,-1.808554000000000064e-02
1.841280000000000098e-04,-7.720219999999999860e-03,-1.291824000000000097e-02
1.841920000000000146e-04,-2.573399999999999993e-03,-1.808554000000000064e-02
1.842560000000000194e-04,-1.286701999999999985e-02,-1.291824000000000097e-02
1.843200000000000242e-04,-1.029361999999999985e-02,-1.550189999999999901e-02
1.843840000000000019e-04,-7.720219999999999860e-03,-1.291824000000000097e-02
1.844480000000000067e-04,-2.573399999999999993e-03,-1.033459999999999934e-02
1.845120000000000115e-04,-1.286701999999999985e-02,-1.291824000000000097e-02
1.845760000000000163e-04,-1.544043999999999972e-02,-1.808554000000000064e-02
1.846400000000000211e-04,-1.029361999999999985e-02,-1.550189999999999901e-02
1.847039999999999988e-04,-1.029361999999999985e-02,-2.066919999999999868e-02
1.847680000000000036e-04,-2.573399999999999993e-03,-1.550189999999999901e-02
1.848320000000000084e-04,-2.573399999999999993e-03,-1.291824000000000097e-02
1.848960000000000132e-04,0.000000000000000000e+00,-2.066919999999999868e-02
1.849600000000000181e-04,-7.720219999999999860e-03,-2.325279999999999708e-02
1.850240000000000229e-04,-5.146819999999999867e-03,-1.033459999999999934e-02
1.850880000000000006e-04,0.000000000000000000e+00,-1.550189999999999901e-02
1.851520000000000054e-04,-1.029361999999999985e-02,-1.550189999999999901e-02
1.852160000000000102e-04,-5.146819999999999867e-03,-1.291824000000000097e-02
1.852800000000000150e-04,-1.029361999999999985e-02,-1.550189999999999901e-02
1.853440000000000198e-04,-5.146819999999999867e-03,-1.291824000000000097e-02
1.854080000000000246e-04,-7.720219999999999860e-03,-1.550189999999999901e-02
1.854720000000000023e-04,-5.146819999999999867e-03,-1.291824000000000097e-02
1.855360000000000071e-04,-1.286701999999999985e-02,-1.808554000000000064e-02
1.856000000000000119e-04,-2.573399999999999993e-03,-1.550189999999999901e-02
1.856640000000000167e-04,-7.720219999999999860e-03,-1.550189999999999901e-02
1.857280000000000215e-04,-7.720219999999999860e-03,-1.550189999999999901e-02
1.857919999999999992e-04,0.000000000000000000e+00,-1.808554000000000064e-02
1.858560000000000041e-04,-7.720219999999999860e-03,-1.033459999999999934e-02
1.859200000000000089e-04,-7.720219999999999860e-03,-1.291824000000000097e-02
1.859840000000000137e-04,0.000000000000000000e+00,-1.291824000000000097e-02
1.860480000000000185e-04,-1.029361999999999985e-02,-2.325279999999999708e-02
1.861120000000000233e-04,-1.544043999999999972e-02,-1.033459999999999934e-02
1.861760000000000010e-04,-2.573399999999999993e-03,-1.808554000000000064e-02
1.862400000000000058e-04,-5.146819999999999867e-03,-1.033459999999999934e-02
1.863040000000000106e-04,-2.573399999999999993e-03,-1.550189999999999901e-02
1.863680000000000154e-04,-1.029361999999999985e-02,-2.066919999999999868e-02
1.864320000000000202e-04,-2.573399999999999993e-03,-1.291824000000000097e-02
1.864960000000000250e-04,-1.029361999999999985e-02,-1.550189999999999901e-02
1.865600000000000027e-04,-7.720219999999999860e-03,-1.808554000000000064e-02
1.866240000000000075e-04,-5.146819999999999867e-03,-1.291824000000000097e-02
1.866880000000000124e-04,-1.544043999999999972e-02,-2.066919999999999868e-02
1.867520000000000172e-04,-2.573399999999999993e-03,-7.750940000000000434e-03
1.868160000000000220e-04,-1.544043999999999972e-02,-1.808554000000000064e-02
1.868799999999999997e-04,-7.720219999999999860e-03,-7.750940000000000434e-03
1.869440000000000045e-04,-5.146819999999999867e-03,-1.550189999999999901e-02
1.870080000000000093e-04,-1.286701999999999985e-02,-1.808554000000000064e-02
1.870720000000000141e-04,-1.286701999999999985e-02,-1.033459999999999934e-02
1.871360000000000189e-04,-7.720219999999999860e-03,-7.750940000000000434e-03
1.872000000000000237e-04,-1.544043999999999972e-02,-1.033459999999999934e-02
1.872640000000000014e-04,-5.146819999999999867e-03,-1.808554000000000064e-02
1.873280000000000062e-04,-1.029361999999999985e-02,-1.291824000000000097e-02
1.873920000000000110e-04,-1.286701999999999985e-02,-7.750940000000000434e-03
1.874560000000000158e-04,-5.146819999999999867e-03,-1.291824000000000097e-02
1.875200000000000207e-04,-1.286701999999999985e-02,-1.808554000000000064e-02
1.875839999999999984e-04,-1.286701999999999985e-02,-1.033459999999999934e-02
1.876480000000000032e-04,-2.573399999999999993e-03,-5.167299999999999671e-03
1.877120000000000080e-04,-1.286701999999999985e-02,-1.033459999999999934e-02
1.877760000000000128e-04,-1.544043999999999972e-02,-1.291824000000000097e-02
1.878400000000000176e-04,-1.286701999999999985e-02,-7.750940000000000434e-03
1.879040000000000224e-04,-2.058719999999999994e-02,-1.033459999999999934e-02
1.879680000000000001e-04,-1.801383999999999971e-02,-1.033459999999999934e-02
1.880320000000000049e-04,-1.801383999999999971e-02,-1.550189999999999901e-02
1.880960000000000097e-04,-1.029361999999999985e-02,-1.291824000000000097e-02
1.881600000000000145e-04,-1.029361999999999985e-02,-1.550189999999999901e-02
1.882240000000000193e-04,-1.286701999999999985e-02,-1.033459999999999934e-02
1.882880000000000241e-04,-1.801383999999999971e-02,-7.750940000000000434e-03
1.883520000000000018e-04,-2.058719999999999994e-02,-5.167299999999999671e-03
1.884160000000000067e-04,-1.544043999999999972e-02,-1.033459999999999934e-02
1.884800000000000115e-04,-1.286701999999999985e-02,-7.750940000000000434e-03
1.885440000000000163e-04,-1.801383999999999971e-02,-1.291824000000000097e-02
1.886080000000000211e-04,-1.029361999999999985e-02,-1.550189999999999901e-02
1.886719999999999988e-04,-1.286701999999999985e-02,-1.291824000000000097e-02
1.887360000000000036e-04,-1.801383999999999971e-02,-1.291824000000000097e-02
1.888000000000000084e-04,-1.286701999999999985e-02,-5.167299999999999671e-03
1.888640000000000132e-04,-1.801383999999999971e-02,-1.550189999999999901e-02
1.889280000000000180e-04,-1.029361999999999985e-02,-7.750940000000000434e-03
1.889920000000000228e-04,-1.029361999999999985e-02,-1.550189999999999901e-02
1.890560000000000005e-04,-1.544043999999999972e-02,-7.750940000000000434e-03
1.891200000000000053e-04,-1.286701999999999985e-02,-1.291824000000000097e-02
1.891840000000000101e-04,-1.286701999999999985e-02,-2.583640000000000329e-03
1.892480000000000149e-04,-1.286701999999999985e-02,-1.033459999999999934e-02
1.893120000000000198e-04,-1.801383999999999971e-02,-1.033459999999999934e-02
1.893760000000000246e-04,-1.544043999999999972e-02,-1.291824000000000097e-02
1.894400000000000023e-04,-1.029361999999999985e-02,-1.033459999999999934e-02
1.895040000000000071e-04,-1.286701999999999985e-02,-1.550189999999999901e-02
1.895680000000000119e-04,-5.146819999999999867e-03,-1.291824000000000097e-02
1.896320000000000167e-04,-1.544043999999999972e-02,-1.033459999999999934e-02
1.896960000000000215e-04,-1.286701999999999985e-02,-1.291824000000000097e-02
1.897599999999999992e-04,-1.544043999999999972e-02,-1.033459999999999934e-02
1.898240000000000040e-04,-1.544043999999999972e-02,-1.291824000000000097e-02
1.898880000000000088e-04,-2.058719999999999994e-02,-1.291824000000000097e-02
1.899520000000000136e-04,-1.544043999999999972e-02,-1.033459999999999934e-02
1.900160000000000184e-04,-1.544043999999999972e-02,-1.033459999999999934e-02
1.900800000000000232e-04,-1.544043999999999972e-02,-1.033459999999999934e-02
1.901440000000000010e-04,-1.029361999999999985e-02,-7.750940000000000434e-03
1.902080000000000058e-04,-1.029361999999999985e-02,-1.033459999999999934e-02
1.902720000000000106e-04,-1.286701999999999985e-02,-1.550189999999999901e-02
1.903360000000000154e-04,-7.720219999999999860e-03,-1.808554000000000064e-02
1.904000000000000202e-04,-2.573399999999999993e-02,-1.808554000000000064e-02
1.904640000000000250e-04,-1.029361999999999985e-02,-1.291824000000000097e-02
1.905280000000000027e-04,-1.801383999999999971e-02,-1.291824000000000097e-02
1.905920000000000075e-04,-1.286701999999999985e-02,-1.550189999999999901e-02
1.906560000000000123e-04,0.000000000000000000e+00,-1.808554000000000064e-02
1.907200000000000171e-04,-1.029361999999999985e-02,-1.291824000000000097e-02
1.907840000000000219e-04,-1.029361999999999985e-02,-1.033459999999999934e-02
1.908479999999999996e-04,-1.286701999999999985e-02,-1.033459999999999934e-02
1.909120000000000044e-04,-1.286701999999999985e-02,-1.033459999999999934e-02
1.909760000000000092e-04,-1.286701999999999985e-02,-1.291824000000000097e-02
1.910400000000000141e-04,-1.286701999999999985e-02,-7.750940000000000434e-03
1.911040000000000189e-04,-1.029361999999999985e-02,-1.808554000000000064e-02
1.911680000000000237e-04,-1.544043999999999972e-02,-1.291824000000000097e-02
1.912320000000000014e-04,-1.029361999999999985e-02,-1.033459999999999934e-02
1.912960000000000062e-04,-1.286701999999999985e-02,-1.033459999999999934e-02
1.913600000000000110e-04,-1.801383999999999971e-02,-1.550189999999999901e-02
1.914240000000000158e-04,-1.801383999999999971e-02,-1.808554000000000064e-02
1.914880000000000206e-04,-7.720219999999999860e-03,-7.750940000000000434e-03
1.915520000000000254e-04,-1.029361999999999985e-02,-1.291824000000000097e-02
1.916160000000000031e-04,-1.544043999999999972e-02,-2.066919999999999868e-02
1.916800000000000079e-04,-2.058719999999999994e-02,-7.750940000000000434e-03
1.917440000000000127e-04,-2.058719999999999994e-02,-5.167299999999999671e-03
1.918080000000000175e-04,-1.801383999999999971e-02,-1.291824000000000097e-02
1.918720000000000224e-04,-1.286701999999999985e-02,-1.291824000000000097e-02
1.919360000000000001e-04,-2.058719999999999994e-02,-1.291824000000000097e-02
1.920000000000000049e-04,-1.286701999999999985e-02,-1.808554000000000064e-02
1.920640000000000097e-04,-1.286701999999999985e-02,-1.291824000000000097e-02
1.921280000000000145e-04,-1.544043999999999972e-02,-1.291824000000000097e-02
1.921920000000000193e-04,-2.316059999999999994e-02,-1.550189999999999901e-02
1.922560000000000241e-04,-2.058719999999999994e-02,-1.033459999999999934e-02
1.923200000000000018e-04,-1.544043999999999972e-02,-1.550189999999999901e-02
1.923840000000000066e-04,-1.801383999999999971e-02,-1.033459999999999934e-02
1.924480000000000114e-04,-1.029361999999999985e-02,-1.291824000000000097e-02
1.925120000000000162e-04,-1.801383999999999971e-02,-1.033459999999999934e-02
1.925760000000000210e-04,-1.801383999999999971e-02,-7.750940000000000434e-03
1.926399999999999987e-04,-1.029361999999999985e-02,-1.550189999999999901e-02
1.927040000000000035e-04,-7.720219999999999860e-03,-1.291824000000000097e-02
1.927680000000000084e-04,-2.058719999999999994e-02,-7.750940000000000434e-03
1.928320000000000132e-04,-1.544043999999999972e-02,-2.066919999999999868e-02
1.928960000000000180e-04,-7.720219999999999860e-03,-1.550189999999999901e-02
1.929600000000000228e-04,-1.286701999999999985e-02,-1.550189999999999901e-02
1.930240000000000005e-04,-1.801383999999999971e-02,-5.167299999999999671e-03
1.930880000000000053e-04,-2.058719999999999994e-02,-1.808554000000000064e-02
1.931520000000000101e-04,-1.801383999999999971e-02,-1.033459999999999934e-02
1.932160000000000149e-04,-1.286701999999999985e-02,-1.808554000000000064e-02
1.932800000000000197e-04,-1.286701999999999985e-02,-1.550189999999999901e-02
1.933440000000000245e-04,-1.286701999999999985e-02,-1.291824000000000097e-02
1.934080000000000022e-04,-2.058719999999999994e-02,-1.033459999999999934e-02
1.934720000000000070e-04,-1.801383999999999971e-02,-1.291824000000000097e-02
1.935360000000000118e-04,-1.801383999999999971e-02,-1.033459999999999934e-02
1.936000000000000167e-04,-1.286701999999999985e-02,-1.550189999999999901e-02
1.936640000000000215e-04,-1.544043999999999972e-02,-1.808554000000000064e-02
1.937279999999999992e-04,-1.286701999999999985e-02,-1.291824000000000097e-02
1.937920000000000040e-04,-2.058719999999999994e-02,-1.550189999999999901e-02
1.938560000000000088e-04,-1.029361999999999985e-02,-1.808554000000000064e-02
1.939200000000000136e-04,-1.286701999999999985e-02,-1.808554000000000064e-02
1.939840000000000184e-04,-1.029361999999999985e-02,-2.066919999999999868e-02
1.940480000000000232e-04,-1.544043999999999972e-02,-1.550189999999999901e-02
1.941120000000000009e-04,-1.544043999999999972e-02,-1.033459999999999934e-02
1.941760000000000057e-04,-1.286701999999999985e-02,-1.033459999999999934e-02
1.942400000000000105e-04,-1.544043999999999972e-02,-1.550189999999999901e-02
1.943040000000000153e-04,-2.058719999999999994e-02,-1.291824000000000097e-02
1.943680000000000201e-04,-1.544043999999999972e-02,-1.033459999999999934e-02
1.944320000000000249e-04,-1.801383999999999971e-02,-1.291824000000000097e-02
1.944960000000000027e-04,-1.544043999999999972e-02,-1.808554000000000064e-02
1.945600000000000075e-04,-1.544043999999999972e-02,-1.550189999999999901e-02
1.946240000000000123e-04,-1.286701999999999985e-02,-7.750940000000000434e-03
1.946880000000000171e-04,-1.029361999999999985e-02,-1.291824000000000097e-02
1.947520000000000219e-04,-1.286701999999999985e-02,-1.033459999999999934e-02
1.948159999999999996e-04,-1.286701999999999985e-02,-1.550189999999999901e-02
1.948800000000000044e-04,-7.720219999999999860e-03,-1.033459999999999934e-02
1.949440000000000092e-04,-1.286701999999999985e-02,-2.066919999999999868e-02
1.950080000000000140e-04,-1.286701999999999985e-02,-1.291824000000000097e-02
1.950720000000000188e-04,-7.720219999999999860e-03,-1.033459999999999934e-02
1.951360000000000236e-04,-1.029361999999999985e-02,-1.291824000000000097e-02
1.952000000000000013e-04,-1.029361999999999985e-02,-1.291824000000000097e-02
1.952640000000000061e-04,-1.544043999999999972e-02,-1.033459999999999934e-02
1.953280000000000109e-04,-1.029361999999999985e-02,-1.291824000000000097e-02
1.953920000000000158e-04,-1.029361999999999985e-02,-1.033459999999999934e-02
1.954560000000000206e-04,-1.029361999999999985e-02,-2.325279999999999708e-02
1.955200000000000254e-04,-1.544043999999999972e-02,-1.550189999999999901e-02
1.955840000000000031e-04,-2.573399999999999993e-02,-1.808554000000000064e-02
1.956480000000000079e-04,-1.286701999999999985e-02,-1.291824000000000097e-02
1.957120000000000127e-04,-1.544043999999999972e-02,-7.750940000000000434e-03
1.957760000000000175e-04,-7.720219999999999860e-03,-1.808554000000000064e-02
1.958400000000000223e-04,-1.801383999999999971e-02,-1.033459999999999934e-02
1.959040000000000000e-04,-2.316059999999999994e-02,-1.291824000000000097e-02
1.959680000000000048e-04,-1.286701999999999985e-02,-1.550189999999999901e-02
1.960320000000000096e-04,-2.058719999999999994e-02,-2.066919999999999868e-02
1.960960000000000144e-04,-7.720219999999999860e-03,-1.291824000000000097e-02
1.961600000000000192e-04,-1.544043999999999972e-02,-1.550189999999999901e-02
1.962240000000000241e-04,-1.286701999999999985e-02,-1.550189999999999901e-02
1.962880000000000018e-04,-1.544043999999999972e-02,-1.291824000000000097e-02
1.963520000000000066e-04,-1.029361999999999985e-02,-1.033459999999999934e-02
1.964160000000000114e-04,-1.801383999999999971e-02,-7.750940000000000434e-03
1.964800000000000162e-04,-5.146819999999999867e-03,-1.808554000000000064e-02
1.965440000000000210e-04,-1.544043999999999972e-02,-1.033459999999999934e-02
1.966080000000000258e-04,-1.029361999999999985e-02,-1.550189999999999901e-02
1.966720000000000035e-04,-7.720219999999999860e-03,-1.550189999999999901e-02
1.967360000000000083e-04,-5.146819999999999867e-03,-1.033459999999999934e-02
1.968000000000000131e-04,-1.801383999999999971e-02,-1.291824000000000097e-02
1.968640000000000179e-04,-1.286701999999999985e-02,-1.550189999999999901e-02
1.969280000000000227e-04,-7.720219999999999860e-03,-1.291824000000000097e-02
1.969920000000000004e-04,-1.801383999999999971e-02,-1.550189999999999901e-02
1.970560000000000052e-04,-1.286701999999999985e-02,-1.550189999999999901e-02
1.971200000000000101e-04,-1.801383999999999971e-02,-1.808554000000000064e-02
1.971840000000000149e-04,-1.544043999999999972e-02,-7.750940000000000434e-03
1.972480000000000197e-04,-1.029361999999999985e-02,-2.066919999999999868e-02
1.973120000000000245e-04,-1.544043999999999972e-02,-1.550189999999999901e-02
1.973760000000000022e-04,-1.544043999999999972e-02,-1.033459999999999934e-02
1.974400000000000070e-04,-7.720219999999999860e-03,-1.550189999999999901e-02
1.975040000000000118e-04,-2.058719999999999994e-02,-1.033459999999999934e-02
1.975680000000000166e-04,-7.720219999999999860e-03,-1.291824000000000097e-02
1.976320000000000214e-04,-1.801383999999999971e-02,-1.808554000000000064e-02
1.976959999999999991e-04,-7.720219999999999860e-03,-1.808554000000000064e-02
1.977600000000000039e-04,-1.801383999999999971e-02,-2.325279999999999708e-02
1.978240000000000087e-04,-7.720219999999999860e-03,-7.750940000000000434e-03
1.978880000000000135e-04,-7.720219999999999860e-03,-1.808554000000000064e-02
1.979520000000000184e-04,-1.286701999999999985e-02,-2.325279999999999708e-02
1.980160000000000232e-04,-1.286701999999999985e-02,-1.291824000000000097e-02
1.980800000000000009e-04,-1.286701999999999985e-02,-1.550189999999999901e-02
1.981440000000000057e-04,-2.058719999999999994e-02,-1.550189999999999901e-02
1.982080000000000105e-04,-1.029361999999999985e-02,-1.033459999999999934e-02
1.982720000000000153e-04,-2.573399999999999993e-03,-1.808554000000000064e-02
1.983360000000000201e-04,-1.286701999999999985e-02,-2.066919999999999868e-02
1.984000000000000249e-04,0.000000000000000000e+00,-2.066919999999999868e-02
1.984640000000000026e-04,-7.720219999999999860e-03,-2.066919999999999868e-02
1.985280000000000074e-04,-5.146819999999999867e-03,-2.842019999999999963e-02
1.985920000000000122e-04,-7.720219999999999860e-03,-1.550189999999999901e-02
1.986560000000000170e-04,-5.146819999999999867e-03,-1.550189999999999901e-02
1.987200000000000218e-04,-1.029361999999999985e-02,-1.808554000000000064e-02
1.987839999999999995e-04,-7.720219999999999860e-03,-2.583639999999999895e-02
1.988480000000000044e-04,-7.720219999999999860e-03,-1.291824000000000097e-02
1.989120000000000092e-04,-1.544043999999999972e-02,-1.808554000000000064e-02
1.989760000000000140e-04,-7.720219999999999860e-03,-1.291824000000000097e-02
1.990400000000000188e-04,-7.720219999999999860e-03,-1.808554000000000064e-02
1.991040000000000236e-04,-5.146819999999999867e-03,-1.808554000000000064e-02
1.991680000000000013e-04,-5.146819999999999867e-03,-2.325279999999999708e-02
1.992320000000000061e-04,-1.286701999999999985e-02,-2.066919999999999868e-02
1.992960000000000109e-04,-1.029361999999999985e-02,-1.291824000000000097e-02
1.993600000000000157e-04,-5.146819999999999867e-03,-1.291824000000000097e-02
1.994240000000000205e-04,-7.720219999999999860e-03,-1.808554000000000064e-02
1.994880000000000253e-04,-7.720219999999999860e-03,-1.808554000000000064e-02
1.995520000000000030e-04,-7.720219999999999860e-03,-7.750940000000000434e-03
1.996160000000000078e-04,-1.029361999999999985e-02,-2.325279999999999708e-02
1.996800000000000126e-04,-2.573399999999999993e-03,-2.066919999999999868e-02
1.997440000000000175e-04,-5.146819999999999867e-03,-1.550189999999999901e-02
1.998080000000000223e-04,-1.029361999999999985e-02,-1.291824000000000097e-02
1.998720000000000000e-04,0.000000000000000000e+00,-1.808554000000000064e-02
1.999360000000000048e-04,0.000000000000000000e+00,-1.291824000000000097e-02
2.000000000000000096e-04,-5.146819999999999867e-03,-1.550189999999999901e-02
2.000640000000000144e-04,-5.146819999999999867e-03,-1.808554000000000064e-02
2.001280000000000192e-04,-7.720219999999999860e-03,-1.291824000000000097e-02
2.001920000000000240e-04,-1.029361999999999985e-02,-1.808554000000000064e-02
2.002560000000000017e-04,-7.720219999999999860e-03,-1.291824000000000097e-02
2.003200000000000065e-04,-5.146819999999999867e-03,-1.808554000000000064e-02
2.003840000000000113e-04,-7.720219999999999860e-03,-1.033459999999999934e-02
2.004480000000000161e-04,-5.146819999999999867e-03,-1.033459999999999934e-02
2.005120000000000209e-04,-5.146819999999999867e-03,-1.808554000000000064e-02
2.005760000000000258e-04,-5.146819999999999867e-03,-1.808554000000000064e-02
2.006400000000000035e-04,-7.720219999999999860e-03,-1.550189999999999901e-02
2.007040000000000083e-04,-1.029361999999999985e-02,-1.033459999999999934e-02
2.007680000000000131e-04,-2.573399999999999993e-03,-1.550189999999999901e-02
2.008320000000000179e-04,-1.544043999999999972e-02,-1.550189999999999901e-02
2.008960000000000227e-04,-5.146819999999999867e-03,-1.550189999999999901e-02
2.009600000000000004e-04,-2.573399999999999993e-03,-7.750940000000000434e-03
2.010240000000000052e-04,-5.146819999999999867e-03,-1.550189999999999901e-02
2.010880000000000100e-04,-1.029361999999999985e-02,-1.550189999999999901e-02
2.011520000000000148e-04,-1.029361999999999985e-02,-1.550189999999999901e-02
2.012160000000000196e-04,-5.146819999999999867e-03,-1.550189999999999901e-02
2.012800000000000244e-04,-1.029361999999999985e-02,-1.550189999999999901e-02
2.013440000000000021e-04,-1.286701999999999985e-02,-1.808554000000000064e-02
2.014080000000000069e-04,-1.029361999999999985e-02,-5.167299999999999671e-03
2.014720000000000118e-04,-7.720219999999999860e-03,-1.033459999999999934e-02
2.015360000000000166e-04,-7.720219999999999860e-03,-1.550189999999999901e-02
2.016000000000000214e-04,-1.029361999999999985e-02,-1.808554000000000064e-02
2.016639999999999991e-04,-7.720219999999999860e-03,-1.550189999999999901e-02
2.017280000000000039e-04,0.000000000000000000e+00,-1.808554000000000064e-02
2.017920000000000087e-04,-2.573399999999999993e-03,-1.808554000000000064e-02
2.018560000000000135e-04,-1.286701999999999985e-02,-1.550189999999999901e-02
2.019200000000000183e-04,0.000000000000000000e+00,-1.291824000000000097e-02
2.019840000000000231e-04,-7.720219999999999860e-03,-1.808554000000000064e-02
2.020480000000000008e-04,-5.146819999999999867e-03,-1.808554000000000064e-02
2.021120000000000056e-04,-1.286701999999999985e-02,-1.550189999999999901e-02
2.021760000000000104e-04,-1.029361999999999985e-02,-1.033459999999999934e-02
2.022400000000000152e-04,-2.573399999999999993e-03,-1.291824000000000097e-02
2.023040000000000201e-04,0.000000000000000000e+00,-1.291824000000000097e-02
2.023680000000000249e-04,-2.573399999999999993e-03,-1.550189999999999901e-02
2.024320000000000026e-04,-7.720219999999999860e-03,-1.808554000000000064e-02
2.024960000000000074e-04,-2.573399999999999993e-03,-1.550189999999999901e-02
2.025600000000000122e-04,-5.146819999999999867e-03,-1.033459999999999934e-02
2.026240000000000170e-04,-7.720219999999999860e-03,-1.291824000000000097e-02
2.026880000000000218e-04,-5.146819999999999867e-03,-5.167299999999999671e-03
2.027519999999999995e-04,-2.573399999999999993e-03,-1.291824000000000097e-02
2.028160000000000043e-04,-1.544043999999999972e-02,-1.291824000000000097e-02
2.028800000000000091e-04,-7.720219999999999860e-03,-7.750940000000000434e-03
2.029440000000000139e-04,-1.029361999999999985e-02,-1.808554000000000064e-02
2.030080000000000187e-04,-5.146819999999999867e-03,-1.550189999999999901e-02
2.030720000000000235e-04,-5.146819999999999867e-03,-1.550189999999999901e-02
2.031360000000000012e-04,0.000000000000000000e+00,-2.583640000000000329e-03
2.032000000000000061e-04,-5.146819999999999867e-03,-1.550189999999999901e-02
2.032640000000000109e-04,-5.146819999999999867e-03,-7.750940000000000434e-03
2.033280000000000157e-04,0.000000000000000000e+00,-1.033459999999999934e-02
2.033920000000000205e-04,-5.146819999999999867e-03,-1.033459999999999934e-02
2.034560000000000253e-04,-2.573399999999999993e-03,-7.750940000000000434e-03
2.035200000000000030e-04,-2.573399999999999993e-03,-7.750940000000000434e-03
2.035840000000000078e-04,-7.720219999999999860e-03,-1.033459999999999934e-02
2.036480000000000126e-04,0.000000000000000000e+00,-1.033459999999999934e-02
2.037120000000000174e-04,-7.720219999999999860e-03,-1.291824000000000097e-02
2.037760000000000222e-04,-5.146819999999999867e-03,-1.291824000000000097e-02
2.038399999999999999e-04,-1.029361999999999985e-02,-1.550189999999999901e-02
2.039040000000000047e-04,-5.146819999999999867e-03,-1.291824000000000097e-02
2.039680000000000095e-04,-2.573399999999999993e-03,-1.808554000000000064e-02
2.040320000000000143e-04,-7.720219999999999860e-03,-1.808554000000000064e-02
2.040960000000000192e-04,-5.146819999999999867e-03,-5.167299999999999671e-03
2.041600000000000240e-04,-7.720219999999999860e-03,-7.750940000000000434e-03
2.042240000000000017e-04,-2.573399999999999993e-03,-1.291824000000000097e-02
2.042880000000000065e-04,2.573399999999999993e-03,-1.550189999999999901e-02
2.043520000000000113e-04,-7.720219999999999860e-03,-1.291824000000000097e-02
2.044160000000000161e-04,-2.573399999999999993e-03,-1.033459999999999934e-02
2.044800000000000209e-04,-7.720219999999999860e-03,-7.750940000000000434e-03
2.045440000000000257e-04,0.000000000000000000e+00,-1.291824000000000097e-02
2.046080000000000034e-04,-5.146819999999999867e-03,-2.583640000000000329e-03
2.046720000000000082e-04,-5.146819999999999867e-03,-1.033459999999999934e-02
2.047360000000000130e-04,-5.146819999999999867e-03,-1.808554000000000064e-02
2.048000000000000178e-04,-7.720219999999999860e-03,-7.750940000000000434e-03
2.048640000000000226e-04,-2.573399999999999993e-03,-5.167299999999999671e-03
2.049280000000000003e-04,-1.029361999999999985e-02,-1.550189999999999901e-02
2.049920000000000052e-04,-2.573399999999999993e-03,-7.750940000000000434e-03
2.050560000000000100e-04,-2.573399999999999993e-03,-1.291824000000000097e-02
2.051200000000000148e-04,-7.720219999999999860e-03,-7.750940000000000434e-03
2.051840000000000196e-04,-7.720219999999999860e-03,-1.033459999999999934e-02
2.052480000000000244e-04,-5.146819999999999867e-03,-2.583640000000000329e-03
2.053120000000000021e-04,-7.720219999999999860e-03,-1.033459999999999934e-02
2.053760000000000069e-04,-7.720219999999999860e-03,-1.291824000000000097e-02
2.054400000000000117e-04,-1.029361999999999985e-02,-5.167299999999999671e-03
2.055040000000000165e-04,-2.573399999999999993e-03,-1.291824000000000097e-02
2.055680000000000213e-04,-7.720219999999999860e-03,-1.033459999999999934e-02
2.056320000000000261e-04,-5.146819999999999867e-03,-1.291824000000000097e-02
2.056960000000000038e-04,-1.286701999999999985e-02,-1.291824000000000097e-02
2.057600000000000086e-04,-7.720219999999999860e-03,-1.550189999999999901e-02
2.058240000000000135e-04,-1.286701999999999985e-02,-7.750940000000000434e-03
2.058880000000000183e-04,-7.720219999999999860e-03,-7.750940000000000434e-03
2.059520000000000231e-04,-1.286701999999999985e-02,-7.750940000000000434e-03
2.060160000000000008e-04,-1.544043999999999972e-02,-1.291824000000000097e-02
2.060800000000000056e-04,-7.720219999999999860e-03,-1.291824000000000097e-02
2.061440000000000104e-04,-1.544043999999999972e-02,-1.033459999999999934e-02
2.062080000000000152e-04,-7.720219999999999860e-03,-1.291824000000000097e-02
2.062720000000000200e-04,-7.720219999999999860e-03,-1.291824000000000097e-02
2.063360000000000248e-04,-5.146819999999999867e-03,-1.291824000000000097e-02
2.064000000000000025e-04,-1.286701999999999985e-02,-1.291824000000000097e-02
2.064640000000000073e-04,-1.544043999999999972e-02,-2.583640000000000329e-03
2.065280000000000121e-04,-1.029361999999999985e-02,-1.550189999999999901e-02
2.065920000000000169e-04,-1.029361999999999985e-02,-1.033459999999999934e-02
2.066560000000000218e-04,-2.573399999999999993e-03,-1.033459999999999934e-02
2.067199999999999995e-04,-1.286701999999999985e-02,-1.808554000000000064e-02
2.067840000000000043e-04,-5.146819999999999867e-03,-1.291824000000000097e-02
2.068480000000000091e-04,-1.029361999999999985e-02,-1.033459999999999934e-02
2.069120000000000139e-04,-1.029361999999999985e-02,-1.808554000000000064e-02
2.069760000000000187e-04,-1.029361999999999985e-02,-2.583640000000000329e-03
2.070400000000000235e-04,-1.029361999999999985e-02,-1.550189999999999901e-02
2.071040000000000012e-04,-2.058719999999999994e-02,-7.750940000000000434e-03
2.071680000000000060e-04,-1.286701999999999985e-02,-1.291824000000000097e-02
2.072320000000000108e-04,-7.720219999999999860e-03,-7.750940000000000434e-03
2.072960000000000156e-04,-1.029361999999999985e-02,-1.550189999999999901e-02
2.073600000000000204e-04,-1.544043999999999972e-02,-1.550189999999999901e-02
2.074240000000000252e-04,-1.544043999999999972e-02,-1.291824000000000097e-02
2.074880000000000029e-04,-1.029361999999999985e-02,-1.291824000000000097e-02
2.075520000000000078e-04,-1.544043999999999972e-02,-2.066919999999999868e-02
2.076160000000000126e-04,-1.029361999999999985e-02,-1.291824000000000097e-02
2.076800000000000174e-04,-1.029361999999999985e-02,-1.291824000000000097e-02
2.077440000000000222e-04,-1.286701999999999985e-02,-7.750940000000000434e-03
2.078079999999999999e-04,-1.544043999999999972e-02,-1.550189999999999901e-02
2.078720000000000047e-04,-7.720219999999999860e-03,-1.550189999999999901e-02
2.079360000000000095e-04,-1.544043999999999972e-02,-7.750940000000000434e-03
2.080000000000000143e-04,-1.544043999999999972e-02,-1.550189999999999901e-02
2.080640000000000191e-04,-1.286701999999999985e-02,-7.750940000000000434e-03
2.081280000000000239e-04,-2.573399999999999993e-03,-1.550189999999999901e-02
2.081920000000000016e-04,-1.801383999999999971e-02,-7.750940000000000434e-03
2.082560000000000064e-04,-2.573399999999999993e-02,-1.550189999999999901e-02
2.083200000000000112e-04,-1.544043999999999972e-02,-1.033459999999999934e-02
2.083840000000000160e-04,-1.544043999999999972e-02,-1.550189999999999901e-02
2.084480000000000209e-04,-7.720219999999999860e-03,-1.033459999999999934e-02
2.085120000000000257e-04,-1.029361999999999985e-02,-1.033459999999999934e-02
2.085760000000000034e-04,-1.544043999999999972e-02,-1.033459999999999934e-02
2.086400000000000082e-04,-1.286701999999999985e-02,-7.750940000000000434e-03
2.087040000000000130e-04,-1.286701999999999985e-02,-1.550189999999999901e-02
2.087680000000000178e-04,-7.720219999999999860e-03,-7.750940000000000434e-03
2.088320000000000226e-04,-1.286701999999999985e-02,-2.066919999999999868e-02
2.088960000000000003e-04,-1.286701999999999985e-02,-1.550189999999999901e-02
2.089600000000000051e-04,-1.286701999999999985e-02,-1.550189999999999901e-02
2.090240000000000099e-04,-1.801383999999999971e-02,-1.033459999999999934e-02
2.090880000000000147e-04,-1.286701999999999985e-02,-1.550189999999999901e-02
2.091520000000000195e-04,-2.058719999999999994e-02,-1.550189999999999901e-02
2.092160000000000243e-04,-1.544043999999999972e-02,-2.066919999999999868e-02
2.092800000000000020e-04,-2.573399999999999993e-03,-1.550189999999999901e-02
2.093440000000000069e-04,-1.286701999999999985e-02,-1.033459999999999934e-02
2.094080000000000117e-04,-1.544043999999999972e-02,-1.291824000000000097e-02
2.094720000000000165e-04,-1.286701999999999985e-02,-1.033459999999999934e-02
2.095360000000000213e-04,-1.801383999999999971e-02,-1.291824000000000097e-02
2.096000000000000261e-04,-1.801383999999999971e-02,-1.808554000000000064e-02
2.096640000000000038e-04,-1.801383999999999971e-02,-1.291824000000000097e-02
2.097280000000000086e-04,-1.286701999999999985e-02,-5.167299999999999671e-03
2.097920000000000134e-04,-5.146819999999999867e-03,-1.033459999999999934e-02
2.098560000000000182e-04,-1.286701999999999985e-02,-1.291824000000000097e-02
2.099200000000000230e-04,-1.029361999999999985e-02,-1.291824000000000097e-02
2.099840000000000007e-04,-1.286701999999999985e-02,-1.550189999999999901e-02
2.100480000000000055e-04,-2.058719999999999994e-02,-1.808554000000000064e-02
2.101120000000000103e-04,-1.801383999999999971e-02,-1.033459999999999934e-02
2.101760000000000152e-04,-1.286701999999999985e-02,-1.808554000000000064e-02
2.102400000000000200e-04,-2.316059999999999994e-02,-2.066919999999999868e-02
2.103040000000000248e-04,-1.801383999999999971e-02,-1.550189999999999901e-02
2.103680000000000025e-04,-1.801383999999999971e-02,-1.808554000000000064e-02
2.104320000000000073e-04,-1.801383999999999971e-02,-1.808554000000000064e-02
2.104960000000000121e-04,-1.801383999999999971e-02,-2.066919999999999868e-02
2.105600000000000169e-04,-1.801383999999999971e-02,-1.808554000000000064e-02
2.106240000000000217e-04,-2.058719999999999994e-02,-2.066919999999999868e-02
2.106880000000000265e-04,-1.286701999999999985e-02,-1.550189999999999901e-02
2.107520000000000042e-04,-1.801383999999999971e-02,-7.750940000000000434e-03
2.108160000000000090e-04,-2.058719999999999994e-02,-1.808554000000000064e-02
2.108800000000000138e-04,-1.286701999999999985e-02,-2.066919999999999868e-02
2.109440000000000186e-04,-1.029361999999999985e-02,-7.750940000000000434e-03
2.110080000000000235e-04,-1.029361999999999985e-02,-1.808554000000000064e-02
2.110720000000000012e-04,-1.286701999999999985e-02,-1.550189999999999901e-02
2.111360000000000060e-04,-1.544043999999999972e-02,-1.550189999999999901e-02
2.112000000000000108e-04,-2.316059999999999994e-02,-1.550189999999999901e-02
2.112640000000000156e-04,-1.286701999999999985e-02,-1.033459999999999934e-02
2.113280000000000204e-04,-1.801383999999999971e-02,-1.550189999999999901e-02
2.113920000000000252e-04,-2.316059999999999994e-02,-1.808554000000000064e-02
2.114560000000000029e-04,-2.058719999999999994e-02,-1.808554000000000064e-02
2.115200000000000077e-04,-2.058719999999999994e-02,-1.550189999999999901e-02
2.115840000000000125e-04,-1.801383999999999971e-02,-1.550189999999999901e-02
2.116480000000000173e-04,-2.058719999999999994e-02,-1.550189999999999901e-02
2.117120000000000221e-04,-1.801383999999999971e-02,-1.550189999999999901e-02
2.117759999999999998e-04,-1.801383999999999971e-02,-1.550189999999999901e-02
2.118400000000000046e-04,-1.801383999999999971e-02,-1.291824000000000097e-02
2.119040000000000095e-04,-1.544043999999999972e-02,-1.808554000000000064e-02
2.119680000000000143e-04,-1.544043999999999972e-02,-1.808554000000000064e-02
2.120320000000000191e-04,-1.801383999999999971e-02,-1.550189999999999901e-02
2.120960000000000239e-04,-7.720219999999999860e-03,-1.033459999999999934e-02
2.121600000000000016e-04,-1.544043999999999972e-02,-1.291824000000000097e-02
2.122240000000000064e-04,-2.316059999999999994e-02,-1.550189999999999901e-02
2.122880000000000112e-04,-2.058719999999999994e-02,-1.808554000000000064e-02
2.123520000000000160e-04,-1.801383999999999971e-02,-1.033459999999999934e-02
2.124160000000000208e-04,-1.544043999999999972e-02,-1.808554000000000064e-02
2.124800000000000256e-04,-1.801383999999999971e-02,-1.550189999999999901e-02
2.125440000000000033e-04,-1.544043999999999972e-02,-1.291824000000000097e-02
2.126080000000000081e-04,-1.801383999999999971e-02,-1.808554000000000064e-02
2.126720000000000129e-04,-1.801383999999999971e-02,-1.808554000000000064e-02
2.127360000000000177e-04,-1.286701999999999985e-02,-1.291824000000000097e-02
2.128000000000000226e-04,-2.830739999999999992e-02,-1.291824000000000097e-02
2.128640000000000003e-04,-1.286701999999999985e-02,-2.066919999999999868e-02
2.129280000000000051e-04,-1.544043999999999972e-02,-1.291824000000000097e-02
2.129920000000000099e-04,-1.544043999999999972e-02,-1.033459999999999934e-02
2.130560000000000147e-04,-2.058719999999999994e-02,-1.033459999999999934e-02
2.131200000000000195e-04,-1.544043999999999972e-02,-7.750940000000000434e-03
2.131840000000000243e-04,-1.801383999999999971e-02,-1.033459999999999934e-02
2.132480000000000020e-04,-1.801383999999999971e-02,-1.550189999999999901e-02
2.133120000000000068e-04,-1.286701999999999985e-02,-1.550189999999999901e-02
2.133760000000000116e-04,-1.544043999999999972e-02,-1.291824000000000097e-02
2.134400000000000164e-04,-2.058719999999999994e-02,-1.291824000000000097e-02
2.135040000000000212e-04,-1.286701999999999985e-02,-7.750940000000000434e-03
2.135680000000000260e-04,-2.058719999999999994e-02,-1.808554000000000064e-02
2.136320000000000037e-04,-1.544043999999999972e-02,-2.066919999999999868e-02
2.136960000000000086e-04,-1.544043999999999972e-02,-1.808554000000000064e-02
2.137600000000000134e-04,-1.801383999999999971e-02,-1.033459999999999934e-02
2.138240000000000182e-04,-1.286701999999999985e-02,-1.808554000000000064e-02
2.138880000000000230e-04,-1.029361999999999985e-02,-7.750940000000000434e-03
2.139520000000000007e-04,-2.058719999999999994e-02,-1.033459999999999934e-02
2.140160000000000055e-04,-2.316059999999999994e-02,-1.808554000000000064e-02
2.140800000000000103e-04,-1.544043999999999972e-02,-1.291824000000000097e-02
2.141440000000000151e-04,-1.286701999999999985e-02,-1.808554000000000064e-02
2.142080000000000199e-04,-2.573399999999999993e-03,-1.550189999999999901e-02
2.142720000000000247e-04,-2.058719999999999994e-02,-5.167299999999999671e-03
2.143360000000000024e-04,-1.544043999999999972e-02,-7.750940000000000434e-03
2.144000000000000072e-04,-1.544043999999999972e-02,-1.291824000000000097e-02
2.144640000000000120e-04,-7.720219999999999860e-03,-1.808554000000000064e-02
2.145280000000000169e-04,-2.316059999999999994e-02,-1.550189999999999901e-02
2.145920000000000217e-04,-1.544043999999999972e-02,-1.033459999999999934e-02
2.146560000000000265e-04,-2.573399999999999993e-02,-1.808554000000000064e-02
2.147200000000000042e-04,-1.801383999999999971e-02,-2.583639999999999895e-02
2.147840000000000090e-04,-1.544043999999999972e-02,-1.291824000000000097e-02
2.148480000000000138e-04,-1.801383999999999971e-02,-1.291824000000000097e-02
2.149120000000000186e-04,-1.544043999999999972e-02,-1.291824000000000097e-02
2.149760000000000234e-04,-1.544043999999999972e-02,-1.808554000000000064e-02
2.150400000000000011e-04,-1.544043999999999972e-02,-2.066919999999999868e-02
2.151040000000000059e-04,-1.286701999999999985e-02,-1.291824000000000097e-02
2.151680000000000107e-04,-2.058719999999999994e-02,-1.808554000000000064e-02
2.152320000000000155e-04,-1.029361999999999985e-02,-1.808554000000000064e-02
2.152960000000000203e-04,-1.286701999999999985e-02,-7.750940000000000434e-03
2.153600000000000252e-04,-2.573399999999999993e-02,-1.808554000000000064e-02
2.154240000000000029e-04,-1.801383999999999971e-02,-1.550189999999999901e-02
2.154880000000000077e-04,-1.544043999999999972e-02,-1.550189999999999901e-02
2.155520000000000125e-04,-1.801383999999999971e-02,-1.291824000000000097e-02
2.156160000000000173e-04,-1.029361999999999985e-02,-2.325279999999999708e-02
2.156800000000000221e-04,-1.801383999999999971e-02,-1.808554000000000064e-02
2.157440000000000269e-04,-1.286701999999999985e-02,-1.808554000000000064e-02
2.158080000000000046e-04,-2.316059999999999994e-02,-1.550189999999999901e-02
2.158720000000000094e-04,-2.316059999999999994e-02,-5.167299999999999671e-03
2.159360000000000142e-04,-1.544043999999999972e-02,-1.033459999999999934e-02
2.160000000000000190e-04,-7.720219999999999860e-03,-7.750940000000000434e-03
2.160640000000000238e-04,-2.058719999999999994e-02,-1.033459999999999934e-02
2.161280000000000015e-04,-1.801383999999999971e-02,-5.167299999999999671e-03
2.161920000000000063e-04,-1.801383999999999971e-02,-7.750940000000000434e-03
2.162560000000000112e-04,-1.286701999999999985e-02,-1.291824000000000097e-02
2.163200000000000160e-04,-1.286701999999999985e-02,-1.291824000000000097e-02
2.163840000000000208e-04,-1.029361999999999985e-02,-1.291824000000000097e-02
2.164480000000000256e-04,-2.316059999999999994e-02,-1.291824000000000097e-02
2.165120000000000033e-04,-1.544043999999999972e-02,-1.291824000000000097e-02
2.165760000000000081e-04,-1.544043999999999972e-02,-1.033459999999999934e-02
2.166400000000000129e-04,-1.029361999999999985e-02,-1.550189999999999901e-02
2.167040000000000177e-04,-1.801383999999999971e-02,-7.750940000000000434e-03
2.167680000000000225e-04,-1.029361999999999985e-02,0.000000000000000000e+00
2.168320000000000002e-04,-1.286701999999999985e-02,-1.291824000000000097e-02
2.168960000000000050e-04,-2.058719999999999994e-02,-1.291824000000000097e-02
2.169600000000000098e-04,-1.544043999999999972e-02,-2.583640000000000329e-03
2.170240000000000146e-04,-1.029361999999999985e-02,-1.291824000000000097e-02
2.170880000000000194e-04,-1.801383999999999971e-02,-1.033459999999999934e-02
2.171520000000000243e-04,-2.058719999999999994e-02,-7.750940000000000434e-03
2.172160000000000020e-04,-2.058719999999999994e-02,-1.291824000000000097e-02
2.172800000000000068e-04,-1.029361999999999985e-02,-1.033459999999999934e-02
2.173440000000000116e-04,-7.720219999999999860e-03,-2.583640000000000329e-03
2.174080000000000164e-04,-1.544043999999999972e-02,-1.808554000000000064e-02
2.174720000000000212e-04,-1.286701999999999985e-02,-5.167299999999999671e-03
2.175360000000000260e-04,-1.544043999999999972e-02,-1.033459999999999934e-02
2.176000000000000037e-04,-1.286701999999999985e-02,-1.550189999999999901e-02
2.176640000000000085e-04,-1.029361999999999985e-02,-1.550189999999999901e-02
2.177280000000000133e-04,-1.286701999999999985e-02,-1.291824000000000097e-02
2.177920000000000181e-04,-2.573399999999999993e-03,-1.033459999999999934e-02
2.178560000000000229e-04,0.000000000000000000e+00,-1.033459999999999934e-02
2.179200000000000006e-04,-1.286701999999999985e-02,-1.033459999999999934e-02
2.179840000000000055e-04,0.000000000000000000e+00,-7.750940000000000434e-03
2.180480000000000103e-04,-1.029361999999999985e-02,-1.291824000000000097e-02
2.181120000000000151e-04,-1.029361999999999985e-02,-1.033459999999999934e-02
2.181760000000000199e-04,-1.029361999999999985e-02,-1.033459999999999934e-02
2.182400000000000247e-04,-1.544043999999999972e-02,-7.750940000000000434e-03
2.183040000000000024e-04,-1.029361999999999985e-02,-2.325279999999999708e-02
2.183680000000000072e-04,-1.029361999999999985e-02,-1.550189999999999901e-02
2.184320000000000120e-04,-1.029361999999999985e-02,-1.550189999999999901e-02
2.184960000000000168e-04,-1.286701999999999985e-02,-1.550189999999999901e-02
2.185600000000000216e-04,-1.029361999999999985e-02,-1.291824000000000097e-02
2.186240000000000264e-04,-2.573399999999999993e-03,-1.033459999999999934e-02
2.186880000000000041e-04,-1.286701999999999985e-02,-5.167299999999999671e-03
2.187520000000000089e-04,-2.573399999999999993e-03,-1.291824000000000097e-02
2.188160000000000137e-04,-7.720219999999999860e-03,-1.291824000000000097e-02
2.188800000000000186e-04,-1.029361999999999985e-02,-1.550189999999999901e-02
2.189440000000000234e-04,-7.720219999999999860e-03,-1.550189999999999901e-02
2.190080000000000011e-04,0.000000000000000000e+00,-1.033459999999999934e-02
2.190720000000000059e-04,-2.573399999999999993e-03,-7.750940000000000434e-03
2.191360000000000107e-04,-1.029361999999999985e-02,-1.550189999999999901e-02
2.192000000000000155e-04,-1.029361999999999985e-02,-1.550189999999999901e-02
2.192640000000000203e-04,-5.146819999999999867e-03,-5.167299999999999671e-03
2.193280000000000251e-04,-7.720219999999999860e-03,-7.750940000000000434e-03
2.193920000000000028e-04,-7.720219999999999860e-03,-1.550189999999999901e-02
2.194560000000000076e-04,-1.544043999999999972e-02,-7.750940000000000434e-03
2.195200000000000124e-04,-1.286701999999999985e-02,-2.066919999999999868e-02
2.195840000000000172e-04,-1.286701999999999985e-02,-1.550189999999999901e-02
2.196480000000000220e-04,-1.029361999999999985e-02,-1.550189999999999901e-02
2.197120000000000269e-04,-1.286701999999999985e-02,-1.291824000000000097e-02
2.197760000000000046e-04,-1.029361999999999985e-02,-5.167299999999999671e-03
2.198400000000000094e-04,-5.146819999999999867e-03,-5.167299999999999671e-03
2.199040000000000142e-04,-1.286701999999999985e-02,-1.033459999999999934e-02
2.199680000000000190e-04,-1.286701999999999985e-02,-1.550189999999999901e-02
2.200320000000000238e-04,-5.146819999999999867e-03,-1.550189999999999901e-02
2.200960000000000015e-04,0.000000000000000000e+00,-1.291824000000000097e-02
2.201600000000000063e-04,-1.029361999999999985e-02,-1.550189999999999901e-02
2.202240000000000111e-04,-2.058719999999999994e-02,-1.291824000000000097e-02
2.202880000000000159e-04,-1.286701999999999985e-02,-7.750940000000000434e-03
2.203520000000000207e-04,-1.029361999999999985e-02,-2.066919999999999868e-02
2.204160000000000255e-04,-5.146819999999999867e-03,-1.808554000000000064e-02
2.204800000000000032e-04,-1.029361999999999985e-02,-7.750940000000000434e-03
2.205440000000000080e-04,-1.029361999999999985e-02,-1.033459999999999934e-02
2.206080000000000129e-04,-2.573399999999999993e-03,-1.550189999999999901e-02
2.206720000000000177e-04,-7.720219999999999860e-03,-7.750940000000000434e-03
2.207360000000000225e-04,-1.029361999999999985e-02,-1.808554000000000064e-02
2.208000000000000273e-04,-1.286701999999999985e-02,-1.550189999999999901e-02
2.208640000000000050e-04,-5.146819999999999867e-03,-7.750940000000000434e-03
2.209280000000000098e-04,-1.286701999999999985e-02,-1.033459999999999934e-02
2.209920000000000146e-04,-5.146819999999999867e-03,-1.550189999999999901e-02
2.210560000000000194e-04,-7.720219999999999860e-03,-7.750940000000000434e-03
2.211200000000000242e-04,-1.029361999999999985e-02,-1.550189999999999901e-02
2.211840000000000019e-04,-1.029361999999999985e-02,-1.033459999999999934e-02
2.212480000000000067e-04,-1.286701999999999985e-02,-7.750940000000000434e-03
2.213120000000000115e-04,-5.146819999999999867e-03,-7.750940000000000434e-03
2.213760000000000163e-04,-7.720219999999999860e-03,-2.066919999999999868e-02
2.214400000000000212e-04,-5.146819999999999867e-03,-1.550189999999999901e-02
2.215040000000000260e-04,-1.029361999999999985e-02,-1.291824000000000097e-02
2.215680000000000037e-04,-1.029361999999999985e-02,-1.550189999999999901e-02
2.216320000000000085e-04,-1.029361999999999985e-02,-1.033459999999999934e-02
2.216960000000000133e-04,-2.573399999999999993e-03,-1.550189999999999901e-02
2.217600000000000181e-04,0.000000000000000000e+00,-1.291824000000000097e-02
2.218240000000000229e-04,0.000000000000000000e+00,-1.033459999999999934e-02
2.218880000000000006e-04,-2.573399999999999993e-03,-1.550189999999999901e-02
2.219520000000000054e-04,-1.029361999999999985e-02,-1.033459999999999934e-02
2.220160000000000102e-04,-2.573399999999999993e-03,-1.033459999999999934e-02
2.220800000000000150e-04,-5.146819999999999867e-03,-1.808554000000000064e-02
2.221440000000000198e-04,-7.720219999999999860e-03,-1.291824000000000097e-02
2.222080000000000246e-04,-1.029361999999999985e-02,-2.325279999999999708e-02
2.222720000000000023e-04,-7.720219999999999860e-03,-2.066919999999999868e-02
2.223360000000000072e-04,-1.544043999999999972e-02,-7.750940000000000434e-03
2.224000000000000120e-04,-5.146819999999999867e-03,-7.750940000000000434e-03
2.224640000000000168e-04,-7.720219999999999860e-03,-7.750940000000000434e-03
2.225280000000000216e-04,-1.544043999999999972e-02,-1.550189999999999901e-02
2.225920000000000264e-04,-2.573399999999999993e-03,-1.550189999999999901e-02
2.226560000000000041e-04,-5.146819999999999867e-03,-1.808554000000000064e-02
2.227200000000000089e-04,-2.573399999999999993e-03,-1.033459999999999934e-02
2.227840000000000137e-04,-2.573399999999999993e-03,-5.167299999999999671e-03
2.228480000000000185e-04,-5.146819999999999867e-03,-1.808554000000000064e-02
2.229120000000000233e-04,-5.146819999999999867e-03,-1.033459999999999934e-02
2.229760000000000010e-04,-1.286701999999999985e-02,-1.550189999999999901e-02
2.230400000000000058e-04,-1.029361999999999985e-02,-1.550189999999999901e-02
2.231040000000000106e-04,-2.573399999999999993e-03,-1.550189999999999901e-02
2.231680000000000154e-04,-2.573399999999999993e-03,-1.550189999999999901e-02
2.232320000000000203e-04,-2.573399999999999993e-03,-1.550189999999999901e-02
2.232960000000000251e-04,-7.720219999999999860e-03,-1.550189999999999901e-02
2.233600000000000028e-04,-2.573399999999999993e-03,-1.291824000000000097e-02
2.234240000000000076e-04,-5.146819999999999867e-03,-1.033459999999999934e-02
2.234880000000000124e-04,2.573399999999999993e-03,-1.291824000000000097e-02
2.235520000000000172e-04,-2.573399999999999993e-03,-1.291824000000000097e-02
2.236160000000000220e-04,-2.573399999999999993e-03,-1.291824000000000097e-02
2.236800000000000268e-04,-2.573399999999999993e-03,-1.291824000000000097e-02
2.237440000000000045e-04,-1.286701999999999985e-02,-1.033459999999999934e-02
2.238080000000000093e-04,-5.146819999999999867e-03,-1.291824000000000097e-02
2.238720000000000141e-04,-5.146819999999999867e-03,-1.291824000000000097e-02
2.239360000000000189e-04,-1.029361999999999985e-02,-1.291824000000000097e-02
2.240000000000000237e-04,-2.573399999999999993e-03,-2.066919999999999868e-02
2.240640000000000014e-04,-1.286701999999999985e-02,-1.550189999999999901e-02
2.241280000000000063e-04,-2.573399999999999993e-03,-1.291824000000000097e-02
2.241920000000000111e-04,-2.573399999999999993e-03,-1.550189999999999901e-02
2.242560000000000159e-04,-1.029361999999999985e-02,-1.808554000000000064e-02
2.243200000000000207e-04,-2.573399999999999993e-03,-1.808554000000000064e-02
2.243840000000000255e-04,0.000000000000000000e+00,-1.550189999999999901e-02
2.244480000000000032e-04,-7.720219999999999860e-03,-1.550189999999999901e-02
2.245120000000000080e-04,0.000000000000000000e+00,-1.550189999999999901e-02
2.245760000000000128e-04,-1.029361999999999985e-02,-1.808554000000000064e-02
2.246400000000000176e-04,-1.029361999999999985e-02,-1.291824000000000097e-02
2.247040000000000224e-04,0.000000000000000000e+00,-1.291824000000000097e-02
2.247680000000000272e-04,-1.029361999999999985e-02,-1.550189999999999901e-02
2.248320000000000049e-04,-5.146819999999999867e-03,-1.291824000000000097e-02
2.248960000000000097e-04,-2.573399999999999993e-03,-1.033459999999999934e-02
2.249600000000000146e-04,-1.286701999999999985e-02,-1.550189999999999901e-02
2.250240000000000194e-04,-7.720219999999999860e-03,-1.550189999999999901e-02
2.250880000000000242e-04,-5.146819999999999867e-03,-1.291824000000000097e-02
2.251520000000000019e-04,-2.573399999999999993e-03,-5.167299999999999671e-03
2.252160000000000067e-04,-2.573399999999999993e-03,-5.167299999999999671e-03
2.252800000000000115e-04,-1.029361999999999985e-02,-7.750940000000000434e-03
2.253440000000000163e-04,-5.146819999999999867e-03,-1.033459999999999934e-02
2.254080000000000211e-04,-5.146819999999999867e-03,-1.291824000000000097e-02
2.254720000000000259e-04,-1.029361999999999985e-02,-7.750940000000000434e-03
2.255360000000000036e-04,-7.720219999999999860e-03,-1.291824000000000097e-02
2.256000000000000084e-04,-1.029361999999999985e-02,-1.033459999999999934e-02
2.256640000000000132e-04,-2.573399999999999993e-03,-1.033459999999999934e-02
2.257280000000000180e-04,-1.286701999999999985e-02,-7.750940000000000434e-03
2.257920000000000229e-04,-5.146819999999999867e-03,-1.550189999999999901e-02
2.258560000000000006e-04,-5.146819999999999867e-03,-1.033459999999999934e-02
2.259200000000000054e-04,-1.029361999999999985e-02,-1.291824000000000097e-02
2.259840000000000102e-04,0.000000000000000000e+00,-1.291824000000000097e-02
2.260480000000000150e-04,-2.573399999999999993e-03,-7.750940000000000434e-03
2.261120000000000198e-04,-1.286701999999999985e-02,-1.291824000000000097e-02
2.261760000000000246e-04,-2.573399999999999993e-03,-1.550189999999999901e-02
2.262400000000000023e-04,-1.029361999999999985e-02,-1.808554000000000064e-02
2.263040000000000071e-04,-1.029361999999999985e-02,-7.750940000000000434e-03
2.263680000000000119e-04,-7.720219999999999860e-03,-1.033459999999999934e-02
2.264320000000000167e-04,-7.720219999999999860e-03,-1.808554000000000064e-02
2.264960000000000215e-04,-2.573399999999999993e-03,-1.808554000000000064e-02
2.265600000000000263e-04,-2.573399999999999993e-03,-1.808554000000000064e-02
2.266240000000000040e-04,-7.720219999999999860e-03,-1.550189999999999901e-02
2.266880000000000089e-04,-1.286701999999999985e-02,-1.291824000000000097e-02
2.267520000000000137e-04,-1.029361999999999985e-02,-1.550189999999999901e-02
2.268160000000000185e-04,0.000000000000000000e+00,-1.033459999999999934e-02
2.268800000000000233e-04,-1.286701999999999985e-02,-1.033459999999999934e-02
2.269440000000000010e-04,-1.286701999999999985e-02,-1.033459999999999934e-02
2.270080000000000058e-04,-7.720219999999999860e-03,-1.033459999999999934e-02
2.270720000000000106e-04,-7.720219999999999860e-03,-1.291824000000000097e-02
2.271360000000000154e-04,-1.286701999999999985e-02,-1.291824000000000097e-02
2.272000000000000202e-04,-1.029361999999999985e-02,-7.750940000000000434e-03
2.272640000000000250e-04,-2.573399999999999993e-03,-1.291824000000000097e-02
2.273280000000000027e-04,-1.286701999999999985e-02,-7.750940000000000434e-03
2.273920000000000075e-04,-1.029361999999999985e-02,-1.808554000000000064e-02
2.274560000000000123e-04,-1.029361999999999985e-02,-1.808554000000000064e-02
2.275200000000000171e-04,-1.029361999999999985e-02,-1.291824000000000097e-02
2.275840000000000220e-04,-1.286701999999999985e-02,-1.033459999999999934e-02
2.276480000000000268e-04,-1.286701999999999985e-02,-1.291824000000000097e-02
2.277120000000000045e-04,-7.720219999999999860e-03,-1.550189999999999901e-02
2.277760000000000093e-04,-1.029361999999999985e-02,-1.033459999999999934e-02
2.278400000000000141e-04,-1.544043999999999972e-02,-1.550189999999999901e-02
2.279040000000000189e-04,-1.286701999999999985e-02,-2.066919999999999868e-02
2.279680000000000237e-04,-7.720219999999999860e-03,-1.550189999999999901e-02
2.280320000000000014e-04,-1.029361999999999985e-02,-7.750940000000000434e-03
2.280960000000000062e-04,-1.029361999999999985e-02,-1.808554000000000064e-02
2.281600000000000110e-04,-1.286701999999999985e-02,-1.808554000000000064e-02
2.282240000000000158e-04,-2.058719999999999994e-02,-1.291824000000000097e-02
2.282880000000000206e-04,-1.029361999999999985e-02,-7.750940000000000434e-03
2.283520000000000254e-04,-7.720219999999999860e-03,-5.167299999999999671e-03
2.284160000000000031e-04,-1.029361999999999985e-02,-1.291824000000000097e-02
2.284800000000000080e-04,-1.029361999999999985e-02,-5.167299999999999671e-03
2.285440000000000128e-04,-2.058719999999999994e-02,-1.291824000000000097e-02
2.286080000000000176e-04,-1.286701999999999985e-02,-1.291824000000000097e-02
2.286720000000000224e-04,-2.058719999999999994e-02,-1.291824000000000097e-02
2.287360000000000272e-04,-1.029361999999999985e-02,-1.291824000000000097e-02
2.288000000000000049e-04,-1.029361999999999985e-02,-1.291824000000000097e-02
2.288640000000000097e-04,-1.544043999999999972e-02,-1.291824000000000097e-02
2.289280000000000145e-04,-1.286701999999999985e-02,-1.291824000000000097e-02
2.289920000000000193e-04,-7.720219999999999860e-03,-1.550189999999999901e-02
2.290560000000000241e-04,-1.544043999999999972e-02,-1.033459999999999934e-02
2.291200000000000018e-04,-1.544043999999999972e-02,-1.291824000000000097e-02
2.291840000000000066e-04,-1.286701999999999985e-02,-1.550189999999999901e-02
2.292480000000000114e-04,-1.286701999999999985e-02,-7.750940000000000434e-03
2.293120000000000163e-04,-1.029361999999999985e-02,-1.291824000000000097e-02
2.293760000000000211e-04,-1.286701999999999985e-02,-1.033459999999999934e-02
2.294400000000000259e-04,-1.544043999999999972e-02,-1.550189999999999901e-02
2.295040000000000036e-04,-1.801383999999999971e-02,-2.583640000000000329e-03
2.295680000000000084e-04,-1.544043999999999972e-02,-1.033459999999999934e-02
2.296320000000000132e-04,-1.286701999999999985e-02,-5.167299999999999671e-03
2.296960000000000180e-04,-1.801383999999999971e-02,-7.750940000000000434e-03
2.297600000000000228e-04,-7.720219999999999860e-03,-1.291824000000000097e-02
2.298240000000000276e-04,-2.058719999999999994e-02,-7.750940000000000434e-03
2.298880000000000053e-04,-1.286701999999999985e-02,-7.750940000000000434e-03
2.299520000000000101e-04,-1.544043999999999972e-02,-1.033459999999999934e-02
2.300160000000000149e-04,-2.058719999999999994e-02,-1.033459999999999934e-02
2.300800000000000197e-04,-2.058719999999999994e-02,-7.750940000000000434e-03
2.301440000000000246e-04,-1.286701999999999985e-02,-1.033459999999999934e-02
2.302080000000000023e-04,-1.544043999999999972e-02,-7.750940000000000434e-03
2.302720000000000071e-04,-1.544043999999999972e-02,-5.167299999999999671e-03
2.303360000000000119e-04,-1.801383999999999971e-02,-1.033459999999999934e-02
2.304000000000000167e-04,-1.029361999999999985e-02,-1.550189999999999901e-02
2.304640000000000215e-04,-2.316059999999999994e-02,-1.291824000000000097e-02
2.305280000000000263e-04,-1.286701999999999985e-02,-1.033459999999999934e-02
2.305920000000000040e-04,-1.286701999999999985e-02,-1.550189999999999901e-02
2.306560000000000088e-04,-1.801383999999999971e-02,-1.033459999999999934e-02
2.307200000000000136e-04,-1.286701999999999985e-02,-1.033459999999999934e-02
2.307840000000000184e-04,-1.544043999999999972e-02,-1.808554000000000064e-02
2.308480000000000232e-04,-1.801383999999999971e-02,-7.750940000000000434e-03
2.309120000000000009e-04,-1.544043999999999972e-02,-1.033459999999999934e-02
2.309760000000000057e-04,-2.058719999999999994e-02,-1.033459999999999934e-02
2.310400000000000106e-04,-1.286701999999999985e-02,-1.291824000000000097e-02
2.311040000000000154e-04,-1.029361999999999985e-02,-1.550189999999999901e-02
2.311680000000000202e-04,-1.286701999999999985e-02,-1.550189999999999901e-02
2.312320000000000250e-04,-2.058719999999999994e-02,-1.550189999999999901e-02
2.312960000000000027e-04,-1.801383999999999971e-02,-1.033459999999999934e-02
2.313600000000000075e-04,-1.544043999999999972e-02,-1.033459999999999934e-02
2.314240000000000123e-04,-1.801383999999999971e-02,-7.750940000000000434e-03
2.314880000000000171e-04,-1.286701999999999985e-02,-2.066919999999999868e-02
2.315520000000000219e-04,-2.058719999999999994e-02,-7.750940000000000434e-03
2.316160000000000267e-04,-2.316059999999999994e-02,-1.808554000000000064e-02
2.316800000000000044e-04,-1.029361999999999985e-02,-1.033459999999999934e-02
2.317440000000000092e-04,-1.286701999999999985e-02,-7.750940000000000434e-03
2.318080000000000140e-04,-1.544043999999999972e-02,-1.291824000000000097e-02
2.318720000000000188e-04,-2.058719999999999994e-02,-1.808554000000000064e-02
2.319360000000000237e-04,-1.544043999999999972e-02,-7.750940000000000434e-03
2.320000000000000014e-04,-1.544043999999999972e-02,-1.550189999999999901e-02
2.320640000000000062e-04,-2.316059999999999994e-02,-1.808554000000000064e-02
2.321280000000000110e-04,-1.029361999999999985e-02,-1.033459999999999934e-02
2.321920000000000158e-04,-1.286701999999999985e-02,-1.033459999999999934e-02
2.322560000000000206e-04,-1.029361999999999985e-02,-1.033459999999999934e-02
2.323200000000000254e-04,-1.544043999999999972e-02,-1.033459999999999934e-02
2.323840000000000031e-04,-1.286701999999999985e-02,-7.750940000000000434e-03
2.324480000000000079e-04,-1.029361999999999985e-02,-1.808554000000000064e-02
2.325120000000000127e-04,-2.058719999999999994e-02,-1.808554000000000064e-02
2.325760000000000175e-04,-2.058719999999999994e-02,-1.808554000000000064e-02
2.326400000000000223e-04,-1.801383999999999971e-02,-1.291824000000000097e-02
2.327040000000000271e-04,-1.286701999999999985e-02,-1.033459999999999934e-02
2.327680000000000048e-04,-1.286701999999999985e-02,-1.291824000000000097e-02
2.328320000000000097e-04,-1.286701999999999985e-02,-2.066919999999999868e-02
2.328960000000000145e-04,-2.058719999999999994e-02,-2.842019999999999963e-02
2.329600000000000193e-04,-1.544043999999999972e-02,-1.291824000000000097e-02
2.330240000000000241e-04,-1.801383999999999971e-02,-1.033459999999999934e-02
2.330880000000000018e-04,-1.544043999999999972e-02,-1.550189999999999901e-02
2.331520000000000066e-04,-1.801383999999999971e-02,-1.033459999999999934e-02
2.332160000000000114e-04,-5.146819999999999867e-03,-1.291824000000000097e-02
2.332800000000000162e-04,-1.286701999999999985e-02,-1.033459999999999934e-02
2.333440000000000210e-04,-1.544043999999999972e-02,-1.550189999999999901e-02
2.334080000000000258e-04,-1.029361999999999985e-02,-1.291824000000000097e-02
2.334720000000000035e-04,-2.573399999999999993e-03,-1.291824000000000097e-02
2.335360000000000083e-04,-1.801383999999999971e-02,-1.033459999999999934e-02
2.336000000000000131e-04,-1.029361999999999985e-02,-1.033459999999999934e-02
2.336640000000000180e-04,-1.801383999999999971e-02,-1.808554000000000064e-02
2.337280000000000228e-04,-2.316059999999999994e-02,-2.066919999999999868e-02
2.337920000000000276e-04,-1.801383999999999971e-02,-1.291824000000000097e-02
2.338560000000000053e-04,-1.544043999999999972e-02,-1.550189999999999901e-02
2.339200000000000101e-04,-1.286701999999999985e-02,-1.033459999999999934e-02
2.339840000000000149e-04,-1.286701999999999985e-02,-1.550189999999999901e-02
2.340480000000000197e-04,-1.544043999999999972e-02,-1.808554000000000064e-02
2.341120000000000245e-04,-1.286701999999999985e-02,-1.291824000000000097e-02
2.341760000000000022e-04,-1.544043999999999972e-02,-1.550189999999999901e-02
2.342400000000000070e-04,-1.029361999999999985e-02,-1.808554000000000064e-02
2.343040000000000118e-04,-1.029361999999999985e-02,-2.066919999999999868e-02
2.343680000000000166e-04,-1.029361999999999985e-02,-1.808554000000000064e-02
2.344320000000000214e-04,-2.058719999999999994e-02,-1.550189999999999901e-02
2.344960000000000263e-04,-1.286701999999999985e-02,-5.167299999999999671e-03
2.345600000000000040e-04,-1.286701999999999985e-02,-1.550189999999999901e-02
2.346240000000000088e-04,-1.544043999999999972e-02,-1.291824000000000097e-02
2.346880000000000136e-04,-2.058719999999999994e-02,-1.550189999999999901e-02
2.347520000000000184e-04,-1.029361999999999985e-02,-2.325279999999999708e-02
2.348160000000000232e-04,-1.029361999999999985e-02,-1.550189999999999901e-02
2.348800000000000280e-04,-1.544043999999999972e-02,-1.291824000000000097e-02
2.349440000000000057e-04,-1.801383999999999971e-02,-1.033459999999999934e-02
2.350080000000000105e-04,-7.720219999999999860e-03,-1.291824000000000097e-02
2.350720000000000153e-04,-2.573399999999999993e-03,-5.167299999999999671e-03
2.351360000000000201e-04,-1.029361999999999985e-02,-5.167299999999999671e-03
2.352000000000000249e-04,-1.286701999999999985e-02,-2.325279999999999708e-02
2.352640000000000026e-04,-1.029361999999999985e-02,-1.033459999999999934e-02
2.353280000000000074e-04,-1.286701999999999985e-02,-1.033459999999999934e-02
2.353920000000000123e-04,-1.801383999999999971e-02,-1.550189999999999901e-02
2.354560000000000171e-04,-1.544043999999999972e-02,-1.033459999999999934e-02
2.355200000000000219e-04,-5.146819999999999867e-03,-1.550189999999999901e-02
2.355840000000000267e-04,-7.720219999999999860e-03,-1.550189999999999901e-02
2.356480000000000044e-04,-7.720219999999999860e-03,-1.033459999999999934e-02
2.357120000000000092e-04,-1.544043999999999972e-02,-1.550189999999999901e-02
2.357760000000000140e-04,-1.029361999999999985e-02,-1.550189999999999901e-02
2.358400000000000188e-04,-1.029361999999999985e-02,-1.033459999999999934e-02
2.359040000000000236e-04,-5.146819999999999867e-03,-1.550189999999999901e-02
2.359680000000000013e-04,-1.029361999999999985e-02,-1.291824000000000097e-02
2.360320000000000061e-04,-1.286701999999999985e-02,-1.291824000000000097e-02
2.360960000000000109e-04,-1.544043999999999972e-02,-2.325279999999999708e-02
2.361600000000000157e-04,-7.720219999999999860e-03,-1.550189999999999901e-02
2.362240000000000205e-04,-1.286701999999999985e-02,-1.808554000000000064e-02
2.362880000000000254e-04,-1.286701999999999985e-02,-1.550189999999999901e-02
2.363520000000000031e-04,-1.029361999999999985e-02,-1.808554000000000064e-02
2.364160000000000079e-04,-7.720219999999999860e-03,-1.550189999999999901e-02
2.364800000000000127e-04,2.573399999999999993e-03,-1.550189999999999901e-02
2.365440000000000175e-04,-7.720219999999999860e-03,-1.808554000000000064e-02
2.366080000000000223e-04,-1.029361999999999985e-02,-1.033459999999999934e-02
2.366720000000000271e-04,-1.286701999999999985e-02,-1.550189999999999901e-02
2.367360000000000048e-04,-1.286701999999999985e-02,-1.291824000000000097e-02
2.368000000000000096e-04,-5.146819999999999867e-03,-1.033459999999999934e-02
2.368640000000000144e-04,-1.029361999999999985e-02,-2.066919999999999868e-02
2.369280000000000192e-04,-5.146819999999999867e-03,-1.033459999999999934e-02
2.369920000000000240e-04,-5.146819999999999867e-03,-2.066919999999999868e-02
2.370560000000000017e-04,-2.573399999999999993e-03,-1.291824000000000097e-02
2.371200000000000065e-04,-1.029361999999999985e-02,-1.291824000000000097e-02
2.371840000000000114e-04,-1.286701999999999985e-02,-1.033459999999999934e-02
2.372480000000000162e-04,-1.544043999999999972e-02,-2.066919999999999868e-02
2.373120000000000210e-04,-1.029361999999999985e-02,-2.066919999999999868e-02
2.373760000000000258e-04,-5.146819999999999867e-03,-1.291824000000000097e-02
2.374400000000000035e-04,-1.544043999999999972e-02,-1.550189999999999901e-02
2.375040000000000083e-04,-5.146819999999999867e-03,-1.291824000000000097e-02
2.375680000000000131e-04,-5.146819999999999867e-03,-1.550189999999999901e-02
2.376320000000000179e-04,-5.146819999999999867e-03,-1.550189999999999901e-02
2.376960000000000227e-04,-5.146819999999999867e-03,-1.291824000000000097e-02
2.377600000000000275e-04,-5.146819999999999867e-03,-1.291824000000000097e-02
2.378240000000000052e-04,-1.029361999999999985e-02,-1.033459999999999934e-02
2.378880000000000100e-04,-7.720219999999999860e-03,-1.550189999999999901e-02
2.379520000000000148e-04,-1.801383999999999971e-02,-1.550189999999999901e-02
2.380160000000000197e-04,-7.720219999999999860e-03,-1.291824000000000097e-02
2.380800000000000245e-04,-1.801383999999999971e-02,-2.066919999999999868e-02
2.381440000000000022e-04,-5.146819999999999867e-03,-2.066919999999999868e-02
2.382080000000000070e-04,-5.146819999999999867e-03,-1.291824000000000097e-02
2.382720000000000118e-04,-5.146819999999999867e-03,-1.291824000000000097e-02
2.383360000000000166e-04,-5.146819999999999867e-03,-2.325279999999999708e-02
2.384000000000000214e-04,-5.146819999999999867e-03,-1.550189999999999901e-02
2.384640000000000262e-04,-2.573399999999999993e-03,-1.550189999999999901e-02
2.385280000000000039e-04,-1.286701999999999985e-02,-2.066919999999999868e-02
2.385920000000000087e-04,-7.720219999999999860e-03,-2.066919999999999868e-02
2.386560000000000135e-04,-1.029361999999999985e-02,-1.291824000000000097e-02
2.387200000000000183e-04,-5.146819999999999867e-03,-1.291824000000000097e-02
2.387840000000000231e-04,-1.029361999999999985e-02,-1.033459999999999934e-02
2.388480000000000280e-04,-5.146819999999999867e-03,-1.291824000000000097e-02
2.389120000000000057e-04,-1.029361999999999985e-02,-1.550189999999999901e-02
2.389760000000000105e-04,-1.286701999999999985e-02,-1.291824000000000097e-02
2.390400000000000153e-04,-1.286701999999999985e-02,-1.291824000000000097e-02
2.391040000000000201e-04,-7.720219999999999860e-03,-1.550189999999999901e-02
2.391680000000000249e-04,-5.146819999999999867e-03,-1.033459999999999934e-02
2.392320000000000026e-04,-1.286701999999999985e-02,-7.750940000000000434e-03
2.392960000000000074e-04,-2.573399999999999993e-03,-7.750940000000000434e-03
2.393600000000000122e-04,-1.029361999999999985e-02,-1.033459999999999934e-02
2.394240000000000170e-04,-1.286701999999999985e-02,-1.291824000000000097e-02
2.394880000000000218e-04,-7.720219999999999860e-03,-1.550189999999999901e-02
2.395520000000000266e-04,-1.544043999999999972e-02,-2.066919999999999868e-02
2.396160000000000043e-04,-1.029361999999999985e-02,-1.033459999999999934e-02
2.396800000000000091e-04,-1.286701999999999985e-02,-1.033459999999999934e-02
2.397440000000000140e-04,-1.286701999999999985e-02,-1.291824000000000097e-02
2.398080000000000188e-04,-7.720219999999999860e-03,-1.550189999999999901e-02
2.398720000000000236e-04,-1.029361999999999985e-02,-1.291824000000000097e-02
2.399360000000000284e-04,-7.720219999999999860e-03,-7.750940000000000434e-03
2.400000000000000061e-04,-1.801383999999999971e-02,-1.033459999999999934e-02
2.400640000000000109e-04,-1.286701999999999985e-02,-1.291824000000000097e-02
2.401280000000000157e-04,-1.286701999999999985e-02,-7.750940000000000434e-03
2.401920000000000205e-04,-1.029361999999999985e-02,-1.033459999999999934e-02
2.402560000000000253e-04,-7.720219999999999860e-03,-1.033459999999999934e-02
2.403200000000000030e-04,-1.544043999999999972e-02,-7.750940000000000434e-03
2.403840000000000078e-04,-1.029361999999999985e-02,-2.583640000000000329e-03
2.404480000000000126e-04,-2.573399999999999993e-03,-1.033459999999999934e-02
2.405120000000000174e-04,-1.029361999999999985e-02,-7.750940000000000434e-03
2.405760000000000222e-04,-1.544043999999999972e-02,-1.291824000000000097e-02
2.406400000000000271e-04,-7.720219999999999860e-03,-7.750940000000000434e-03
2.407040000000000048e-04,-1.544043999999999972e-02,-2.583640000000000329e-03
2.407680000000000096e-04,-1.286701999999999985e-02,-1.291824000000000097e-02
2.408320000000000144e-04,-1.286701999999999985e-02,-1.291824000000000097e-02
2.408960000000000192e-04,-1.286701999999999985e-02,-1.808554000000000064e-02
2.409600000000000240e-04,-1.544043999999999972e-02,-7.750940000000000434e-03
2.410240000000000017e-04,-2.573399999999999993e-03,-1.033459999999999934e-02
2.410880000000000065e-04,-1.544043999999999972e-02,-1.033459999999999934e-02
2.411520000000000113e-04,-1.801383999999999971e-02,-5.167299999999999671e-03
2.412160000000000161e-04,-1.286701999999999985e-02,-1.808554000000000064e-02
2.412800000000000209e-04,-1.544043999999999972e-02,-5.167299999999999671e-03
2.413440000000000257e-04,-1.029361999999999985e-02,-1.033459999999999934e-02
2.414080000000000034e-04,-7.720219999999999860e-03,-1.291824000000000097e-02
2.414720000000000082e-04,-1.286701999999999985e-02,-1.291824000000000097e-02
2.415360000000000131e-04,-1.286701999999999985e-02,-1.808554000000000064e-02
2.416000000000000179e-04,-5.146819999999999867e-03,-7.750940000000000434e-03
2.416640000000000227e-04,-1.029361999999999985e-02,-5.167299999999999671e-03
2.417280000000000275e-04,-1.029361999999999985e-02,-7.750940000000000434e-03
2.417920000000000052e-04,-1.029361999999999985e-02,-5.167299999999999671e-03
2.418560000000000100e-04,-1.286701999999999985e-02,-1.808554000000000064e-02
2.419200000000000148e-04,0.000000000000000000e+00,-1.033459999999999934e-02
2.419840000000000196e-04,-7.720219999999999860e-03,-2.583640000000000329e-03
2.420480000000000244e-04,-1.029361999999999985e-02,-7.750940000000000434e-03
2.421120000000000021e-04,-5.146819999999999867e-03,-1.291824000000000097e-02
2.421760000000000069e-04,-7.720219999999999860e-03,-1.550189999999999901e-02
2.422400000000000117e-04,-1.286701999999999985e-02,-1.033459999999999934e-02
2.423040000000000165e-04,-1.286701999999999985e-02,-5.167299999999999671e-03
2.423680000000000214e-04,-1.544043999999999972e-02,-1.291824000000000097e-02
2.424320000000000262e-04,-1.801383999999999971e-02,-1.033459999999999934e-02
2.424960000000000039e-04,-7.720219999999999860e-03,-7.750940000000000434e-03
2.425600000000000087e-04,-1.544043999999999972e-02,-1.550189999999999901e-02
2.426240000000000135e-04,-2.573399999999999993e-03,-5.167299999999999671e-03
2.426880000000000183e-04,-1.029361999999999985e-02,-5.167299999999999671e-03
2.427520000000000231e-04,-1.801383999999999971e-02,-1.033459999999999934e-02
2.428160000000000279e-04,-1.801383999999999971e-02,-1.808554000000000064e-02
2.428800000000000056e-04,-1.286701999999999985e-02,-1.291824000000000097e-02
2.429440000000000104e-04,-1.286701999999999985e-02,-7.750940000000000434e-03
2.430080000000000152e-04,-1.029361999999999985e-02,-1.550189999999999901e-02
2.430720000000000200e-04,-1.544043999999999972e-02,-1.291824000000000097e-02
2.431360000000000248e-04,-1.544043999999999972e-02,-1.291824000000000097e-02
2.432000000000000025e-04,-1.029361999999999985e-02,-1.291824000000000097e-02
2.432640000000000074e-04,-1.544043999999999972e-02,-1.550189999999999901e-02
2.433280000000000122e-04,-1.286701999999999985e-02,-1.550189999999999901e-02
2.433920000000000170e-04,-1.544043999999999972e-02,-1.033459999999999934e-02
2.434560000000000218e-04,-1.801383999999999971e-02,-7.750940000000000434e-03
2.435200000000000266e-04,-1.286701999999999985e-02,-1.291824000000000097e-02
2.435840000000000043e-04,-1.801383999999999971e-02,-1.033459999999999934e-02
2.436480000000000091e-04,-1.286701999999999985e-02,-5.167299999999999671e-03
2.437120000000000139e-04,-1.286701999999999985e-02,-2.583640000000000329e-03
2.437760000000000187e-04,-1.286701999999999985e-02,-7.750940000000000434e-03
2.438400000000000235e-04,-1.286701999999999985e-02,-1.291824000000000097e-02
2.439040000000000283e-04,-2.058719999999999994e-02,-1.291824000000000097e-02
2.439680000000000060e-04,-1.286701999999999985e-02,-1.291824000000000097e-02
2.440320000000000108e-04,-5.146819999999999867e-03,-7.750940000000000434e-03
2.440960000000000157e-04,-1.544043999999999972e-02,-1.808554000000000064e-02
2.441599999999999934e-04,-1.544043999999999972e-02,-7.750940000000000434e-03
2.442240000000000253e-04,-5.146819999999999867e-03,-5.167299999999999671e-03
2.442880000000000030e-04,-1.544043999999999972e-02,-7.750940000000000434e-03
2.443520000000000349e-04,-1.544043999999999972e-02,-5.167299999999999671e-03
2.444160000000000126e-04,-1.029361999999999985e-02,-1.291824000000000097e-02
2.444799999999999903e-04,-1.286701999999999985e-02,-1.550189999999999901e-02
2.445440000000000222e-04,-1.286701999999999985e-02,-1.033459999999999934e-02
2.446079999999999999e-04,-1.029361999999999985e-02,-1.291824000000000097e-02
2.446720000000000318e-04,-1.029361999999999985e-02,-7.750940000000000434e-03
2.447360000000000095e-04,-1.286701999999999985e-02,-1.033459999999999934e-02
2.448000000000000414e-04,-1.286701999999999985e-02,-5.167299999999999671e-03
2.448640000000000191e-04,-1.029361999999999985e-02,-7.750940000000000434e-03
2.449279999999999968e-04,-1.544043999999999972e-02,-1.033459999999999934e-02
2.449920000000000288e-04,-1.286701999999999985e-02,-7.750940000000000434e-03
2.450560000000000065e-04,-7.720219999999999860e-03,-1.291824000000000097e-02
2.451200000000000384e-04,-1.286701999999999985e-02,-5.167299999999999671e-03
2.451840000000000161e-04,-1.544043999999999972e-02,-7.750940000000000434e-03
2.452479999999999938e-04,-1.286701999999999985e-02,-1.291824000000000097e-02
2.453120000000000257e-04,-1.286701999999999985e-02,-1.033459999999999934e-02
2.453760000000000034e-04,-1.029361999999999985e-02,-1.033459999999999934e-02
2.454400000000000353e-04,-1.286701999999999985e-02,-1.033459999999999934e-02
2.455040000000000130e-04,-1.029361999999999985e-02,-2.583640000000000329e-03
2.455679999999999907e-04,-1.801383999999999971e-02,-1.291824000000000097e-02
2.456320000000000226e-04,-1.544043999999999972e-02,-7.750940000000000434e-03
2.456960000000000003e-04,-1.286701999999999985e-02,-1.291824000000000097e-02
2.457600000000000322e-04,-1.801383999999999971e-02,-1.033459999999999934e-02
2.458240000000000100e-04,-1.801383999999999971e-02,-1.550189999999999901e-02
2.458880000000000419e-04,-1.286701999999999985e-02,-1.033459999999999934e-02
2.459520000000000196e-04,-1.029361999999999985e-02,-1.291824000000000097e-02
2.460159999999999973e-04,-1.029361999999999985e-02,-1.033459999999999934e-02
2.460800000000000292e-04,-7.720219999999999860e-03,-1.550189999999999901e-02
2.461440000000000069e-04,-1.029361999999999985e-02,-1.291824000000000097e-02
2.462080000000000388e-04,-2.573399999999999993e-03,-1.550189999999999901e-02
2.462720000000000165e-04,-5.146819999999999867e-03,-1.291824000000000097e-02
2.463359999999999942e-04,-1.029361999999999985e-02,-1.033459999999999934e-02
2.464000000000000261e-04,-2.316059999999999994e-02,-1.033459999999999934e-02
2.464640000000000038e-04,-2.316059999999999994e-02,-1.808554000000000064e-02
2.465280000000000357e-04,-1.801383999999999971e-02,-1.033459999999999934e-02
2.465920000000000134e-04,-1.029361999999999985e-02,-1.550189999999999901e-02
2.466559999999999911e-04,-1.029361999999999985e-02,-1.550189999999999901e-02
2.467200000000000231e-04,-2.058719999999999994e-02,-1.808554000000000064e-02
2.467840000000000008e-04,-1.029361999999999985e-02,-7.750940000000000434e-03
2.468480000000000327e-04,-1.286701999999999985e-02,-1.808554000000000064e-02
2.469120000000000104e-04,-5.146819999999999867e-03,-1.550189999999999901e-02
2.469760000000000423e-04,-1.029361999999999985e-02,-2.066919999999999868e-02
2.470400000000000200e-04,-1.544043999999999972e-02,-1.808554000000000064e-02
2.471039999999999977e-04,-1.801383999999999971e-02,-1.550189999999999901e-02
2.471680000000000296e-04,-1.029361999999999985e-02,-1.291824000000000097e-02
2.472320000000000073e-04,-1.286701999999999985e-02,-1.033459999999999934e-02
2.472960000000000392e-04,-1.029361999999999985e-02,-1.808554000000000064e-02
2.473600000000000169e-04,-1.286701999999999985e-02,-1.033459999999999934e-02
2.474239999999999946e-04,-1.029361999999999985e-02,-1.291824000000000097e-02
2.474880000000000265e-04,-7.720219999999999860e-03,-1.808554000000000064e-02
2.475520000000000042e-04,-2.058719999999999994e-02,-1.033459999999999934e-02
2.476160000000000362e-04,-7.720219999999999860e-03,-1.550189999999999901e-02
2.476800000000000139e-04,-1.544043999999999972e-02,-1.550189999999999901e-02
2.477439999999999916e-04,-1.544043999999999972e-02,-2.325279999999999708e-02
2.478080000000000235e-04,-7.720219999999999860e-03,-1.550189999999999901e-02
2.478720000000000012e-04,-1.029361999999999985e-02,-1.291824000000000097e-02
2.479360000000000331e-04,-1.029361999999999985e-02,-1.550189999999999901e-02
2.480000000000000108e-04,-2.573399999999999993e-03,-1.033459999999999934e-02
2.480639999999999885e-04,-7.720219999999999860e-03,-2.066919999999999868e-02
2.481280000000000204e-04,-1.029361999999999985e-02,-1.291824000000000097e-02
2.481919999999999981e-04,-7.720219999999999860e-03,-1.033459999999999934e-02
2.482560000000000300e-04,-1.029361999999999985e-02,-1.291824000000000097e-02
2.483200000000000077e-04,-7.720219999999999860e-03,-7.750940000000000434e-03
2.483840000000000396e-04,-1.029361999999999985e-02,-2.066919999999999868e-02
2.484480000000000174e-04,-1.544043999999999972e-02,-1.291824000000000097e-02
2.485119999999999951e-04,-5.146819999999999867e-03,-1.291824000000000097e-02
2.485760000000000270e-04,-7.720219999999999860e-03,-1.291824000000000097e-02
2.486400000000000047e-04,-5.146819999999999867e-03,-1.291824000000000097e-02
2.487040000000000366e-04,-1.801383999999999971e-02,-1.550189999999999901e-02
2.487680000000000143e-04,-1.029361999999999985e-02,-1.291824000000000097e-02
2.488319999999999920e-04,-1.029361999999999985e-02,-2.066919999999999868e-02
2.488960000000000239e-04,-2.573399999999999993e-03,-1.550189999999999901e-02
2.489600000000000016e-04,-7.720219999999999860e-03,-1.033459999999999934e-02
2.490240000000000335e-04,-7.720219999999999860e-03,-5.167299999999999671e-03
2.490880000000000112e-04,-1.029361999999999985e-02,-1.808554000000000064e-02
2.491519999999999889e-04,-1.029361999999999985e-02,-1.033459999999999934e-02
2.492160000000000208e-04,-7.720219999999999860e-03,-1.033459999999999934e-02
2.492799999999999985e-04,-5.146819999999999867e-03,-1.550189999999999901e-02
2.493440000000000305e-04,-1.029361999999999985e-02,-1.808554000000000064e-02
2.494080000000000082e-04,-2.573399999999999993e-03,-7.750940000000000434e-03
2.494720000000000401e-04,-1.029361999999999985e-02,-1.291824000000000097e-02
2.495360000000000178e-04,-7.720219999999999860e-03,-1.291824000000000097e-02
2.495999999999999955e-04,0.000000000000000000e+00,-1.808554000000000064e-02
2.496640000000000274e-04,-1.286701999999999985e-02,-1.291824000000000097e-02
2.497280000000000051e-04,-7.720219999999999860e-03,-1.033459999999999934e-02
2.497920000000000370e-04,-5.146819999999999867e-03,-1.033459999999999934e-02
2.498560000000000147e-04,-7.720219999999999860e-03,-1.808554000000000064e-02
2.499199999999999924e-04,-1.286701999999999985e-02,-1.808554000000000064e-02
2.499840000000000243e-04,-7.720219999999999860e-03,-1.550189999999999901e-02
2.500480000000000020e-04,0.000000000000000000e+00,-1.550189999999999901e-02
2.501120000000000339e-04,0.000000000000000000e+00,-1.550189999999999901e-02
2.501760000000000117e-04,-7.720219999999999860e-03,-1.550189999999999901e-02
2.502399999999999894e-04,-7.720219999999999860e-03,-1.808554000000000064e-02
2.503040000000000213e-04,-1.801383999999999971e-02,-1.033459999999999934e-02
2.503679999999999990e-04,-1.286701999999999985e-02,-1.291824000000000097e-02
2.504320000000000309e-04,-5.146819999999999867e-03,-1.550189999999999901e-02
2.504960000000000086e-04,-2.573399999999999993e-03,-1.550189999999999901e-02
2.505600000000000405e-04,-2.573399999999999993e-03,-2.325279999999999708e-02
2.506240000000000182e-04,-1.286701999999999985e-02,-1.550189999999999901e-02
2.506879999999999959e-04,-5.146819999999999867e-03,-1.808554000000000064e-02
2.507520000000000278e-04,-1.029361999999999985e-02,-1.808554000000000064e-02
2.508160000000000055e-04,-1.029361999999999985e-02,-1.291824000000000097e-02
2.508800000000000374e-04,-1.029361999999999985e-02,-1.808554000000000064e-02
2.509440000000000151e-04,-1.029361999999999985e-02,-1.033459999999999934e-02
2.510079999999999928e-04,-1.286701999999999985e-02,-2.066919999999999868e-02
2.510720000000000248e-04,-5.146819999999999867e-03,-1.550189999999999901e-02
2.511360000000000025e-04,2.573399999999999993e-03,-1.550189999999999901e-02
2.512000000000000344e-04,0.000000000000000000e+00,-1.550189999999999901e-02
2.512640000000000121e-04,-5.146819999999999867e-03,-1.033459999999999934e-02
2.513279999999999898e-04,-5.146819999999999867e-03,-1.291824000000000097e-02
2.513920000000000217e-04,-1.029361999999999985e-02,-1.291824000000000097e-02
2.514559999999999994e-04,-1.029361999999999985e-02,-1.550189999999999901e-02
2.515200000000000313e-04,0.000000000000000000e+00,-1.808554000000000064e-02
2.515840000000000090e-04,-7.720219999999999860e-03,-1.033459999999999934e-02
2.516480000000000409e-04,-5.146819999999999867e-03,-1.033459999999999934e-02
2.517120000000000186e-04,0.000000000000000000e+00,-1.291824000000000097e-02
2.517759999999999963e-04,-7.720219999999999860e-03,-1.808554000000000064e-02
2.518400000000000282e-04,-5.146819999999999867e-03,-1.550189999999999901e-02
2.519040000000000059e-04,-2.573399999999999993e-03,-2.066919999999999868e-02
2.519680000000000379e-04,-7.720219999999999860e-03,-1.550189999999999901e-02
2.520320000000000156e-04,-7.720219999999999860e-03,-1.291824000000000097e-02
2.520959999999999933e-04,-1.029361999999999985e-02,-1.550189999999999901e-02
2.521600000000000252e-04,-2.573399999999999993e-03,-1.808554000000000064e-02
2.522240000000000029e-04,-2.573399999999999993e-03,-1.808554000000000064e-02
2.522880000000000348e-04,-5.146819999999999867e-03,-1.808554000000000064e-02
2.523520000000000125e-04,-5.146819999999999867e-03,-1.808554000000000064e-02
2.524159999999999902e-04,-5.146819999999999867e-03,-2.066919999999999868e-02
2.524800000000000221e-04,-2.573399999999999993e-03,-1.808554000000000064e-02
2.525439999999999998e-04,-2.573399999999999993e-03,-1.550189999999999901e-02
2.526080000000000317e-04,-5.146819999999999867e-03,-1.291824000000000097e-02
2.526720000000000094e-04,-7.720219999999999860e-03,-1.550189999999999901e-02
2.527360000000000414e-04,-5.146819999999999867e-03,-1.033459999999999934e-02
2.528000000000000191e-04,-2.573399999999999993e-03,-1.550189999999999901e-02
2.528639999999999968e-04,-5.146819999999999867e-03,-1.291824000000000097e-02
2.529280000000000287e-04,-5.146819999999999867e-03,-1.808554000000000064e-02
2.529920000000000064e-04,-7.720219999999999860e-03,-2.325279999999999708e-02
2.530560000000000383e-04,-5.146819999999999867e-03,-1.033459999999999934e-02
2.531200000000000160e-04,-5.146819999999999867e-03,-2.066919999999999868e-02
2.531839999999999937e-04,0.000000000000000000e+00,-1.550189999999999901e-02
2.532480000000000256e-04,-7.720219999999999860e-03,-1.291824000000000097e-02
2.533120000000000033e-04,-2.573399999999999993e-03,-1.808554000000000064e-02
2.533760000000000352e-04,0.000000000000000000e+00,-1.808554000000000064e-02
2.534400000000000129e-04,-2.573399999999999993e-03,-1.033459999999999934e-02
2.535039999999999906e-04,-7.720219999999999860e-03,-1.033459999999999934e-02
2.535680000000000225e-04,0.000000000000000000e+00,-1.033459999999999934e-02
2.536320000000000002e-04,-1.286701999999999985e-02,-1.033459999999999934e-02
2.536960000000000322e-04,-5.146819999999999867e-03,-1.291824000000000097e-02
2.537600000000000099e-04,-5.146819999999999867e-03,-1.550189999999999901e-02
2.538240000000000418e-04,0.000000000000000000e+00,-1.291824000000000097e-02
2.538880000000000195e-04,-2.573399999999999993e-03,-1.550189999999999901e-02
2.539519999999999972e-04,0.000000000000000000e+00,-1.808554000000000064e-02
2.540160000000000291e-04,2.573399999999999993e-03,-1.291824000000000097e-02
2.540800000000000068e-04,-7.720219999999999860e-03,-1.808554000000000064e-02
2.541440000000000387e-04,-7.720219999999999860e-03,-1.550189999999999901e-02
2.542080000000000164e-04,-7.720219999999999860e-03,-1.033459999999999934e-02
2.542719999999999941e-04,-7.720219999999999860e-03,-1.808554000000000064e-02
2.543360000000000260e-04,-7.720219999999999860e-03,-1.550189999999999901e-02
2.544000000000000037e-04,-5.146819999999999867e-03,-1.033459999999999934e-02
2.544640000000000356e-04,-5.146819999999999867e-03,-1.550189999999999901e-02
2.545280000000000134e-04,-1.286701999999999985e-02,-7.750940000000000434e-03
2.545919999999999911e-04,-1.029361999999999985e-02,-1.291824000000000097e-02
2.546560000000000230e-04,-1.286701999999999985e-02,-1.033459999999999934e-02
2.547200000000000007e-04,-5.146819999999999867e-03,-1.291824000000000097e-02
2.547840000000000326e-04,-1.286701999999999985e-02,-1.808554000000000064e-02
2.548480000000000103e-04,-7.720219999999999860e-03,-2.325279999999999708e-02
2.549120000000000422e-04,-7.720219999999999860e-03,-1.291824000000000097e-02
2.549760000000000199e-04,-1.029361999999999985e-02,-7.750940000000000434e-03
2.550399999999999976e-04,-5.146819999999999867e-03,-1.808554000000000064e-02
2.551040000000000295e-04,-1.029361999999999985e-02,-1.033459999999999934e-02
2.551680000000000072e-04,-1.544043999999999972e-02,-1.291824000000000097e-02
2.552320000000000391e-04,-1.029361999999999985e-02,-1.550189999999999901e-02
2.552960000000000168e-04,-5.146819999999999867e-03,-2.066919999999999868e-02
2.553599999999999945e-04,-5.146819999999999867e-03,-1.808554000000000064e-02
2.554240000000000265e-04,-7.720219999999999860e-03,-1.291824000000000097e-02
2.554880000000000042e-04,-1.544043999999999972e-02,-1.291824000000000097e-02
2.555520000000000361e-04,-1.544043999999999972e-02,-7.750940000000000434e-03
2.556160000000000138e-04,-1.029361999999999985e-02,-1.808554000000000064e-02
2.556799999999999915e-04,-1.286701999999999985e-02,-1.291824000000000097e-02
2.557440000000000234e-04,-1.544043999999999972e-02,-2.325279999999999708e-02
2.558080000000000011e-04,-1.029361999999999985e-02,-1.033459999999999934e-02
2.558720000000000330e-04,-7.720219999999999860e-03,-1.550189999999999901e-02
2.559360000000000107e-04,-1.544043999999999972e-02,-7.750940000000000434e-03
2.560000000000000426e-04,-7.720219999999999860e-03,-1.550189999999999901e-02
2.560640000000000203e-04,-1.029361999999999985e-02,-1.291824000000000097e-02
2.561279999999999980e-04,-1.029361999999999985e-02,-1.550189999999999901e-02
2.561920000000000299e-04,-7.720219999999999860e-03,-1.550189999999999901e-02
2.562560000000000076e-04,-1.286701999999999985e-02,-1.550189999999999901e-02
2.563200000000000396e-04,-7.720219999999999860e-03,-1.291824000000000097e-02
2.563840000000000173e-04,-1.544043999999999972e-02,-1.808554000000000064e-02
2.564479999999999950e-04,-5.146819999999999867e-03,-2.325279999999999708e-02
2.565120000000000269e-04,-1.286701999999999985e-02,-1.033459999999999934e-02
2.565760000000000046e-04,-7.720219999999999860e-03,-1.291824000000000097e-02
2.566400000000000365e-04,-1.801383999999999971e-02,-7.750940000000000434e-03
2.567040000000000142e-04,-1.544043999999999972e-02,-5.167299999999999671e-03
2.567679999999999919e-04,-1.286701999999999985e-02,-1.033459999999999934e-02
2.568320000000000238e-04,-1.544043999999999972e-02,-1.033459999999999934e-02
2.568960000000000015e-04,-1.286701999999999985e-02,-1.033459999999999934e-02
2.569600000000000334e-04,-5.146819999999999867e-03,-1.033459999999999934e-02
2.570240000000000111e-04,-7.720219999999999860e-03,-1.033459999999999934e-02
2.570880000000000431e-04,-1.544043999999999972e-02,-1.033459999999999934e-02
2.571520000000000208e-04,-1.286701999999999985e-02,-1.033459999999999934e-02
2.572159999999999985e-04,-1.544043999999999972e-02,-1.291824000000000097e-02
2.572800000000000304e-04,-1.286701999999999985e-02,-1.033459999999999934e-02
2.573440000000000081e-04,-2.058719999999999994e-02,-7.750940000000000434e-03
2.574080000000000400e-04,-1.801383999999999971e-02,-7.750940000000000434e-03
2.574720000000000177e-04,-7.720219999999999860e-03,-7.750940000000000434e-03
2.575359999999999954e-04,-1.286701999999999985e-02,-1.291824000000000097e-02
2.576000000000000273e-04,-1.286701999999999985e-02,-7.750940000000000434e-03
2.576640000000000050e-04,-7.720219999999999860e-03,-1.808554000000000064e-02
2.577280000000000369e-04,-1.029361999999999985e-02,-1.550189999999999901e-02
2.577920000000000146e-04,-1.544043999999999972e-02,-1.550189999999999901e-02
2.578559999999999923e-04,-7.720219999999999860e-03,-1.291824000000000097e-02
2.579200000000000242e-04,-7.720219999999999860e-03,-1.033459999999999934e-02
2.579840000000000019e-04,-1.029361999999999985e-02,-1.033459999999999934e-02
2.580480000000000339e-04,-7.720219999999999860e-03,-7.750940000000000434e-03
2.581120000000000116e-04,-1.029361999999999985e-02,-1.291824000000000097e-02
2.581759999999999893e-04,-1.029361999999999985e-02,-1.033459999999999934e-02
2.582400000000000212e-04,-5.146819999999999867e-03,-1.033459999999999934e-02
2.583039999999999989e-04,-1.029361999999999985e-02,-1.808554000000000064e-02
2.583680000000000308e-04,-1.029361999999999985e-02,-1.033459999999999934e-02
2.584320000000000085e-04,-1.801383999999999971e-02,-1.291824000000000097e-02
2.584960000000000404e-04,-1.544043999999999972e-02,-1.550189999999999901e-02
2.585600000000000181e-04,-1.801383999999999971e-02,-1.033459999999999934e-02
2.586239999999999958e-04,-7.720219999999999860e-03,0.000000000000000000e+00
2.586880000000000277e-04,-7.720219999999999860e-03,-1.550189999999999901e-02
2.587520000000000054e-04,-1.029361999999999985e-02,-1.291824000000000097e-02
2.588160000000000373e-04,-1.286701999999999985e-02,-1.291824000000000097e-02
2.588800000000000151e-04,-1.286701999999999985e-02,-7.750940000000000434e-03
2.589439999999999928e-04,-1.801383999999999971e-02,-1.291824000000000097e-02
2.590080000000000247e-04,-1.029361999999999985e-02,-5.167299999999999671e-03
2.590720000000000024e-04,-1.286701999999999985e-02,-1.291824000000000097e-02
2.591360000000000343e-04,-1.544043999999999972e-02,-2.066919999999999868e-02
2.592000000000000120e-04,-1.801383999999999971e-02,-1.550189999999999901e-02
2.592639999999999897e-04,-1.544043999999999972e-02,-2.325279999999999708e-02
2.593280000000000216e-04,-1.286701999999999985e-02,-7.750940000000000434e-03
2.593919999999999993e-04,-1.544043999999999972e-02,-1.033459999999999934e-02
2.594560000000000312e-04,-5.146819999999999867e-03,-5.167299999999999671e-03
2.595200000000000089e-04,-1.029361999999999985e-02,-1.550189999999999901e-02
2.595840000000000408e-04,-1.029361999999999985e-02,-1.033459999999999934e-02
2.596480000000000185e-04,-1.801383999999999971e-02,-1.550189999999999901e-02
2.597119999999999962e-04,-1.286701999999999985e-02,-1.291824000000000097e-02
2.597760000000000282e-04,-1.029361999999999985e-02,-1.291824000000000097e-02
2.598400000000000059e-04,-7.720219999999999860e-03,-5.167299999999999671e-03
2.599040000000000378e-04,-1.801383999999999971e-02,-1.291824000000000097e-02
2.599680000000000155e-04,-1.801383999999999971e-02,-2.066919999999999868e-02
2.600319999999999932e-04,-1.801383999999999971e-02,-1.291824000000000097e-02
2.600960000000000251e-04,-1.544043999999999972e-02,-1.550189999999999901e-02
2.601600000000000028e-04,-1.544043999999999972e-02,-1.033459999999999934e-02
2.602240000000000347e-04,-1.801383999999999971e-02,-1.033459999999999934e-02
2.602880000000000124e-04,-1.286701999999999985e-02,-1.291824000000000097e-02
2.603519999999999901e-04,-1.029361999999999985e-02,-1.291824000000000097e-02
2.604160000000000220e-04,-1.029361999999999985e-02,-1.033459999999999934e-02
2.604799999999999997e-04,-2.316059999999999994e-02,-1.033459999999999934e-02
2.605440000000000316e-04,-1.801383999999999971e-02,-1.033459999999999934e-02
2.606080000000000093e-04,-1.286701999999999985e-02,-2.066919999999999868e-02
2.606720000000000413e-04,-5.146819999999999867e-03,-1.033459999999999934e-02
2.607360000000000190e-04,-7.720219999999999860e-03,-7.750940000000000434e-03
2.607999999999999967e-04,-1.286701999999999985e-02,-5.167299999999999671e-03
2.608640000000000286e-04,-1.286701999999999985e-02,-2.583640000000000329e-03
2.609280000000000063e-04,-1.801383999999999971e-02,-1.033459999999999934e-02
2.609920000000000382e-04,-1.801383999999999971e-02,-1.291824000000000097e-02
2.610560000000000159e-04,-1.544043999999999972e-02,-7.750940000000000434e-03
2.611199999999999936e-04,-1.544043999999999972e-02,-1.550189999999999901e-02
2.611840000000000255e-04,-2.058719999999999994e-02,-1.033459999999999934e-02
2.612480000000000032e-04,-1.286701999999999985e-02,-2.583640000000000329e-03
2.613120000000000351e-04,-2.573399999999999993e-03,-7.750940000000000434e-03
2.613760000000000128e-04,-1.544043999999999972e-02,-7.750940000000000434e-03
2.614399999999999905e-04,-1.029361999999999985e-02,-1.033459999999999934e-02
2.615040000000000225e-04,-1.029361999999999985e-02,-1.291824000000000097e-02
2.615680000000000002e-04,-1.801383999999999971e-02,-1.550189999999999901e-02
2.616320000000000321e-04,-2.316059999999999994e-02,-7.750940000000000434e-03
2.616960000000000098e-04,-1.801383999999999971e-02,-1.291824000000000097e-02
2.617600000000000417e-04,-1.029361999999999985e-02,-1.033459999999999934e-02
2.618240000000000194e-04,-1.544043999999999972e-02,-7.750940000000000434e-03
2.618879999999999971e-04,-1.544043999999999972e-02,-7.750940000000000434e-03
2.619520000000000290e-04,-1.801383999999999971e-02,-7.750940000000000434e-03
2.620160000000000067e-04,-1.801383999999999971e-02,-1.808554000000000064e-02
2.620800000000000386e-04,-7.720219999999999860e-03,-7.750940000000000434e-03
2.621440000000000163e-04,-1.544043999999999972e-02,-5.167299999999999671e-03
2.622079999999999940e-04,-2.058719999999999994e-02,-1.033459999999999934e-02
2.622720000000000259e-04,-1.286701999999999985e-02,-2.066919999999999868e-02
2.623360000000000036e-04,-2.573399999999999993e-03,-1.291824000000000097e-02
2.624000000000000356e-04,-1.029361999999999985e-02,-7.750940000000000434e-03
2.624640000000000133e-04,-1.544043999999999972e-02,-1.033459999999999934e-02
2.625279999999999910e-04,-1.544043999999999972e-02,-7.750940000000000434e-03
2.625920000000000229e-04,-1.801383999999999971e-02,-1.291824000000000097e-02
2.626560000000000006e-04,-1.286701999999999985e-02,-7.750940000000000434e-03
2.627200000000000325e-04,-2.058719999999999994e-02,-1.550189999999999901e-02
2.627840000000000102e-04,-1.544043999999999972e-02,-1.550189999999999901e-02
2.628480000000000421e-04,-1.544043999999999972e-02,-2.583640000000000329e-03
2.629120000000000198e-04,-1.029361999999999985e-02,-1.808554000000000064e-02
2.629759999999999975e-04,-1.029361999999999985e-02,-1.291824000000000097e-02
2.630400000000000294e-04,-1.029361999999999985e-02,-1.550189999999999901e-02
2.631040000000000071e-04,-1.544043999999999972e-02,-1.033459999999999934e-02
2.631680000000000390e-04,-1.286701999999999985e-02,-1.033459999999999934e-02
2.632320000000000168e-04,-1.544043999999999972e-02,-1.033459999999999934e-02
2.632959999999999945e-04,-1.801383999999999971e-02,-5.167299999999999671e-03
2.633600000000000264e-04,-1.801383999999999971e-02,-1.550189999999999901e-02
2.634240000000000041e-04,-1.544043999999999972e-02,-2.583640000000000329e-03
2.634880000000000360e-04,-1.544043999999999972e-02,-5.167299999999999671e-03
2.635520000000000137e-04,-1.801383999999999971e-02,-2.066919999999999868e-02
2.636159999999999914e-04,-1.801383999999999971e-02,-1.291824000000000097e-02
2.636800000000000233e-04,-1.286701999999999985e-02,-1.033459999999999934e-02
2.637440000000000010e-04,-1.801383999999999971e-02,-1.033459999999999934e-02
2.638080000000000329e-04,-1.544043999999999972e-02,-5.167299999999999671e-03
2.638720000000000106e-04,-1.801383999999999971e-02,-7.750940000000000434e-03
2.639360000000000425e-04,-1.029361999999999985e-02,-1.808554000000000064e-02
2.640000000000000202e-04,-1.286701999999999985e-02,-1.550189999999999901e-02
2.640639999999999979e-04,-1.544043999999999972e-02,-1.550189999999999901e-02
2.641280000000000299e-04,-2.058719999999999994e-02,-1.808554000000000064e-02
2.641920000000000076e-04,-2.058719999999999994e-02,-2.325279999999999708e-02
2.642560000000000395e-04,-5.146819999999999867e-03,-1.808554000000000064e-02
2.643200000000000172e-04,-1.801383999999999971e-02,-1.550189999999999901e-02
2.643839999999999949e-04,-2.058719999999999994e-02,-1.291824000000000097e-02
2.644480000000000268e-04,-1.029361999999999985e-02,-1.033459999999999934e-02
2.645120000000000045e-04,-1.544043999999999972e-02,-1.550189999999999901e-02
2.645760000000000364e-04,-1.801383999999999971e-02,-1.550189999999999901e-02
2.646400000000000141e-04,-1.801383999999999971e-02,-7.750940000000000434e-03
2.647039999999999918e-04,-2.058719999999999994e-02,-1.808554000000000064e-02
2.647680000000000237e-04,-1.029361999999999985e-02,-1.550189999999999901e-02
2.648320000000000014e-04,-1.801383999999999971e-02,-1.550189999999999901e-02
2.648960000000000333e-04,-2.316059999999999994e-02,-1.291824000000000097e-02
2.649600000000000110e-04,-1.286701999999999985e-02,-1.808554000000000064e-02
2.650240000000000430e-04,-2.058719999999999994e-02,-1.291824000000000097e-02
2.650880000000000207e-04,-1.286701999999999985e-02,-2.066919999999999868e-02
2.651519999999999984e-04,-1.544043999999999972e-02,-1.550189999999999901e-02
2.652160000000000303e-04,-1.801383999999999971e-02,-2.325279999999999708e-02
2.652800000000000080e-04,-1.544043999999999972e-02,-1.033459999999999934e-02
2.653440000000000399e-04,-1.029361999999999985e-02,-1.550189999999999901e-02
2.654080000000000176e-04,-1.801383999999999971e-02,-2.066919999999999868e-02
2.654719999999999953e-04,-1.801383999999999971e-02,-2.066919999999999868e-02
2.655360000000000272e-04,-2.058719999999999994e-02,-1.550189999999999901e-02
2.656000000000000049e-04,-1.286701999999999985e-02,-1.291824000000000097e-02
2.656640000000000368e-04,-1.029361999999999985e-02,-7.750940000000000434e-03
2.657280000000000145e-04,-1.286701999999999985e-02,-1.550189999999999901e-02
2.657919999999999922e-04,-2.058719999999999994e-02,-1.033459999999999934e-02
2.658560000000000242e-04,-1.544043999999999972e-02,-1.808554000000000064e-02
2.659200000000000019e-04,-2.316059999999999994e-02,-1.033459999999999934e-02
2.659840000000000338e-04,-1.544043999999999972e-02,-1.550189999999999901e-02
2.660480000000000115e-04,-1.801383999999999971e-02,-1.033459999999999934e-02
2.661120000000000434e-04,-1.286701999999999985e-02,-1.550189999999999901e-02
2.661760000000000211e-04,-1.029361999999999985e-02,-1.291824000000000097e-02
2.662399999999999988e-04,-1.286701999999999985e-02,-1.550189999999999901e-02
2.663040000000000307e-04,-5.146819999999999867e-03,-7.750940000000000434e-03
2.663680000000000084e-04,-1.801383999999999971e-02,-1.808554000000000064e-02
2.664320000000000403e-04,-1.801383999999999971e-02,-2.066919999999999868e-02
2.664960000000000180e-04,-1.286701999999999985e-02,-1.808554000000000064e-02
2.665599999999999957e-04,-7.720219999999999860e-03,-1.033459999999999934e-02
2.666240000000000276e-04,-7.720219999999999860e-03,-1.291824000000000097e-02
2.666880000000000053e-04,-5.146819999999999867e-03,-1.291824000000000097e-02
2.667520000000000373e-04,-1.544043999999999972e-02,-1.808554000000000064e-02
2.668160000000000150e-04,-1.801383999999999971e-02,-1.550189999999999901e-02
2.668799999999999927e-04,-7.720219999999999860e-03,-1.033459999999999934e-02
2.669440000000000246e-04,-1.029361999999999985e-02,-1.550189999999999901e-02
2.670080000000000023e-04,-1.544043999999999972e-02,-1.291824000000000097e-02
2.670720000000000342e-04,-1.544043999999999972e-02,-1.291824000000000097e-02
2.671360000000000119e-04,-1.544043999999999972e-02,-1.291824000000000097e-02
2.671999999999999896e-04,-1.544043999999999972e-02,-7.750940000000000434e-03
2.672640000000000215e-04,-2.058719999999999994e-02,-2.066919999999999868e-02
2.673279999999999992e-04,-1.544043999999999972e-02,-1.550189999999999901e-02
2.673920000000000311e-04,-1.029361999999999985e-02,-1.550189999999999901e-02
2.674560000000000088e-04,-1.029361999999999985e-02,-7.750940000000000434e-03
2.675200000000000407e-04,-1.544043999999999972e-02,-1.808554000000000064e-02
2.675840000000000185e-04,-1.029361999999999985e-02,-7.750940000000000434e-03
2.676479999999999962e-04,-1.286701999999999985e-02,-1.550189999999999901e-02
2.677120000000000281e-04,-1.029361999999999985e-02,-1.291824000000000097e-02
2.677760000000000058e-04,-1.286701999999999985e-02,-1.550189999999999901e-02
2.678400000000000377e-04,-1.544043999999999972e-02,-1.291824000000000097e-02
2.679040000000000154e-04,-1.544043999999999972e-02,-1.291824000000000097e-02
2.679679999999999931e-04,-1.544043999999999972e-02,-1.808554000000000064e-02
2.680320000000000250e-04,-1.286701999999999985e-02,-7.750940000000000434e-03
2.680960000000000027e-04,-1.029361999999999985e-02,-1.550189999999999901e-02
2.681600000000000346e-04,-1.286701999999999985e-02,-2.325279999999999708e-02
2.682240000000000123e-04,-1.029361999999999985e-02,-1.291824000000000097e-02
2.682879999999999900e-04,-7.720219999999999860e-03,-1.033459999999999934e-02
2.683520000000000219e-04,-1.029361999999999985e-02,-2.066919999999999868e-02
2.684159999999999996e-04,-1.286701999999999985e-02,-1.033459999999999934e-02
2.684800000000000316e-04,-1.544043999999999972e-02,-5.167299999999999671e-03
2.685440000000000093e-04,-1.544043999999999972e-02,-1.291824000000000097e-02
2.686080000000000412e-04,-1.029361999999999985e-02,-1.291824000000000097e-02
2.686720000000000189e-04,-5.146819999999999867e-03,-2.066919999999999868e-02
2.687359999999999966e-04,-1.029361999999999985e-02,-1.291824000000000097e-02
2.688000000000000285e-04,-1.801383999999999971e-02,-7.750940000000000434e-03
2.688640000000000062e-04,-5.146819999999999867e-03,-5.167299999999999671e-03
2.689280000000000381e-04,-1.029361999999999985e-02,-1.550189999999999901e-02
2.689920000000000158e-04,-1.029361999999999985e-02,-1.550189999999999901e-02
2.690559999999999935e-04,-1.029361999999999985e-02,-1.291824000000000097e-02
2.691200000000000254e-04,-1.286701999999999985e-02,-1.550189999999999901e-02
2.691840000000000031e-04,-1.286701999999999985e-02,-1.291824000000000097e-02
2.692480000000000350e-04,-7.720219999999999860e-03,-1.808554000000000064e-02
2.693120000000000127e-04,-7.720219999999999860e-03,-1.033459999999999934e-02
2.693759999999999905e-04,-2.573399999999999993e-03,-1.291824000000000097e-02
2.694400000000000224e-04,-1.286701999999999985e-02,-1.808554000000000064e-02
2.695040000000000001e-04,-2.573399999999999993e-03,-1.808554000000000064e-02
2.695680000000000320e-04,-7.720219999999999860e-03,-2.066919999999999868e-02
2.696320000000000097e-04,-5.146819999999999867e-03,-1.808554000000000064e-02
2.696960000000000416e-04,-7.720219999999999860e-03,-1.291824000000000097e-02
2.697600000000000193e-04,-1.286701999999999985e-02,-1.033459999999999934e-02
2.698239999999999970e-04,-2.573399999999999993e-03,-1.033459999999999934e-02
2.698880000000000289e-04,-1.286701999999999985e-02,-1.808554000000000064e-02
2.699520000000000066e-04,-7.720219999999999860e-03,-1.291824000000000097e-02
2.700160000000000385e-04,-7.720219999999999860e-03,-1.550189999999999901e-02
2.700800000000000162e-04,-2.573399999999999993e-03,-1.291824000000000097e-02
2.701439999999999939e-04,-7.720219999999999860e-03,-2.066919999999999868e-02
2.702080000000000259e-04,-1.286701999999999985e-02,-2.066919999999999868e-02
2.702720000000000036e-04,-1.544043999999999972e-02,-1.291824000000000097e-02
2.703360000000000355e-04,-2.573399999999999993e-03,-1.550189999999999901e-02
2.704000000000000132e-04,-1.029361999999999985e-02,-7.750940000000000434e-03
2.704639999999999909e-04,-7.720219999999999860e-03,-1.550189999999999901e-02
2.705280000000000228e-04,-7.720219999999999860e-03,-7.750940000000000434e-03
2.705920000000000005e-04,-5.146819999999999867e-03,-1.808554000000000064e-02
2.706560000000000324e-04,-5.146819999999999867e-03,-1.550189999999999901e-02
2.707200000000000101e-04,-1.801383999999999971e-02,-1.291824000000000097e-02
2.707840000000000420e-04,-1.029361999999999985e-02,-1.808554000000000064e-02
2.708480000000000197e-04,-2.573399999999999993e-03,-1.291824000000000097e-02
2.709119999999999974e-04,-1.029361999999999985e-02,-1.550189999999999901e-02
2.709760000000000293e-04,-7.720219999999999860e-03,-1.033459999999999934e-02
2.710400000000000070e-04,-5.146819999999999867e-03,-7.750940000000000434e-03
2.711040000000000390e-04,-7.720219999999999860e-03,-1.550189999999999901e-02
2.711680000000000167e-04,-1.286701999999999985e-02,-1.033459999999999934e-02
2.712319999999999944e-04,-7.720219999999999860e-03,-1.550189999999999901e-02
2.712960000000000263e-04,-7.720219999999999860e-03,-1.550189999999999901e-02
2.713600000000000040e-04,0.000000000000000000e+00,-1.550189999999999901e-02
2.714240000000000359e-04,-7.720219999999999860e-03,-1.033459999999999934e-02
2.714880000000000136e-04,-5.146819999999999867e-03,-2.325279999999999708e-02
2.715519999999999913e-04,-5.146819999999999867e-03,-2.066919999999999868e-02
2.716160000000000232e-04,-1.029361999999999985e-02,-1.808554000000000064e-02
2.716800000000000009e-04,-7.720219999999999860e-03,-1.550189999999999901e-02
2.717440000000000328e-04,-1.544043999999999972e-02,-1.291824000000000097e-02
2.718080000000000105e-04,-7.720219999999999860e-03,-5.167299999999999671e-03
2.718720000000000424e-04,-1.286701999999999985e-02,-1.291824000000000097e-02
2.719360000000000202e-04,0.000000000000000000e+00,-1.808554000000000064e-02
2.719999999999999979e-04,-5.146819999999999867e-03,-1.033459999999999934e-02
2.720640000000000298e-04,-7.720219999999999860e-03,-1.033459999999999934e-02
2.721280000000000075e-04,-7.720219999999999860e-03,-1.808554000000000064e-02
2.721920000000000394e-04,-7.720219999999999860e-03,-1.808554000000000064e-02
2.722560000000000171e-04,-1.029361999999999985e-02,-1.033459999999999934e-02
2.723199999999999948e-04,-2.573399999999999993e-03,-2.066919999999999868e-02
2.723840000000000267e-04,-1.286701999999999985e-02,-1.550189999999999901e-02
2.724480000000000044e-04,-5.146819999999999867e-03,-1.291824000000000097e-02
2.725120000000000363e-04,-2.573399999999999993e-03,-2.066919999999999868e-02
2.725760000000000140e-04,-5.146819999999999867e-03,-1.550189999999999901e-02
2.726399999999999917e-04,-1.286701999999999985e-02,-7.750940000000000434e-03
2.727040000000000236e-04,-7.720219999999999860e-03,-1.291824000000000097e-02
2.727680000000000013e-04,-1.544043999999999972e-02,-1.033459999999999934e-02
2.728320000000000333e-04,-2.573399999999999993e-03,-1.291824000000000097e-02
2.728960000000000110e-04,-7.720219999999999860e-03,-1.033459999999999934e-02
2.729600000000000429e-04,-2.573399999999999993e-03,-1.550189999999999901e-02
2.730240000000000206e-04,-2.573399999999999993e-03,-1.550189999999999901e-02
2.730879999999999983e-04,-2.573399999999999993e-03,-1.808554000000000064e-02
2.731520000000000302e-04,-5.146819999999999867e-03,-5.167299999999999671e-03
2.732160000000000079e-04,-2.573399999999999993e-03,-2.583639999999999895e-02
2.732800000000000398e-04,-5.146819999999999867e-03,-1.550189999999999901e-02
2.733440000000000175e-04,-2.573399999999999993e-03,-1.808554000000000064e-02
2.734079999999999952e-04,-1.029361999999999985e-02,-1.550189999999999901e-02
2.734720000000000271e-04,-2.573399999999999993e-03,-1.291824000000000097e-02
2.735360000000000048e-04,-7.720219999999999860e-03,-1.291824000000000097e-02
2.736000000000000367e-04,-1.029361999999999985e-02,-1.291824000000000097e-02
2.736640000000000145e-04,-7.720219999999999860e-03,-1.808554000000000064e-02
2.737279999999999922e-04,-2.573399999999999993e-03,-7.750940000000000434e-03
2.737920000000000241e-04,-5.146819999999999867e-03,-1.033459999999999934e-02
2.738560000000000018e-04,-2.573399999999999993e-03,-1.291824000000000097e-02
2.739200000000000337e-04,-5.146819999999999867e-03,-1.033459999999999934e-02
2.739840000000000114e-04,-5.146819999999999867e-03,-1.291824000000000097e-02
2.740480000000000433e-04,-1.029361999999999985e-02,-1.033459999999999934e-02
2.741120000000000210e-04,-7.720219999999999860e-03,-7.750940000000000434e-03
2.741759999999999987e-04,-1.029361999999999985e-02,-1.033459999999999934e-02
2.742400000000000306e-04,-2.573399999999999993e-03,-1.550189999999999901e-02
2.743040000000000083e-04,-2.573399999999999993e-03,-1.033459999999999934e-02
2.743680000000000402e-04,-1.029361999999999985e-02,-7.750940000000000434e-03
2.744320000000000179e-04,-7.720219999999999860e-03,-1.550189999999999901e-02
2.744959999999999956e-04,-1.544043999999999972e-02,-1.291824000000000097e-02
2.745600000000000276e-04,-2.573399999999999993e-03,-1.291824000000000097e-02
2.746240000000000053e-04,-7.720219999999999860e-03,-7.750940000000000434e-03
2.746880000000000372e-04,-7.720219999999999860e-03,-5.167299999999999671e-03
2.747520000000000149e-04,-1.544043999999999972e-02,-7.750940000000000434e-03
2.748159999999999926e-04,-1.544043999999999972e-02,-1.291824000000000097e-02
2.748800000000000245e-04,-1.286701999999999985e-02,-1.291824000000000097e-02
2.749440000000000022e-04,-1.286701999999999985e-02,-1.291824000000000097e-02
2.750080000000000341e-04,-1.286701999999999985e-02,-1.291824000000000097e-02
2.750720000000000118e-04,-7.720219999999999860e-03,-1.033459999999999934e-02
2.751360000000000437e-04,-1.029361999999999985e-02,-1.291824000000000097e-02
2.752000000000000214e-04,-1.029361999999999985e-02,-5.167299999999999671e-03
2.752639999999999991e-04,-7.720219999999999860e-03,-1.033459999999999934e-02
2.753280000000000310e-04,-7.720219999999999860e-03,-1.291824000000000097e-02
2.753920000000000087e-04,-1.544043999999999972e-02,-2.583640000000000329e-03
2.754560000000000407e-04,-1.029361999999999985e-02,-1.550189999999999901e-02
2.755200000000000184e-04,-1.286701999999999985e-02,-1.550189999999999901e-02
2.755839999999999961e-04,-1.286701999999999985e-02,-1.291824000000000097e-02
2.756480000000000280e-04,-1.029361999999999985e-02,-1.033459999999999934e-02
2.757120000000000057e-04,-7.720219999999999860e-03,-1.291824000000000097e-02
2.757760000000000376e-04,-1.286701999999999985e-02,-1.033459999999999934e-02
2.758400000000000153e-04,-1.286701999999999985e-02,-1.033459999999999934e-02
2.759039999999999930e-04,-1.029361999999999985e-02,-1.033459999999999934e-02
2.759680000000000249e-04,-1.286701999999999985e-02,-1.033459999999999934e-02
2.760320000000000026e-04,-1.029361999999999985e-02,-5.167299999999999671e-03
2.760960000000000345e-04,-1.286701999999999985e-02,-1.550189999999999901e-02
2.761600000000000122e-04,-2.058719999999999994e-02,-1.033459999999999934e-02
2.762240000000000441e-04,-1.029361999999999985e-02,-1.033459999999999934e-02
2.762880000000000219e-04,-7.720219999999999860e-03,-1.033459999999999934e-02
2.763519999999999996e-04,-1.286701999999999985e-02,-1.291824000000000097e-02
2.764160000000000315e-04,-1.544043999999999972e-02,-1.291824000000000097e-02
2.764800000000000092e-04,-5.146819999999999867e-03,-7.750940000000000434e-03
2.765440000000000411e-04,-7.720219999999999860e-03,-7.750940000000000434e-03
2.766080000000000188e-04,-1.544043999999999972e-02,-7.750940000000000434e-03
2.766719999999999965e-04,-1.029361999999999985e-02,-1.033459999999999934e-02
2.767360000000000284e-04,-1.286701999999999985e-02,-1.550189999999999901e-02
2.768000000000000061e-04,-1.029361999999999985e-02,-2.066919999999999868e-02
2.768640000000000380e-04,-2.058719999999999994e-02,-7.750940000000000434e-03
2.769280000000000157e-04,-2.058719999999999994e-02,-7.750940000000000434e-03
2.769919999999999934e-04,-1.544043999999999972e-02,-1.808554000000000064e-02
2.770560000000000253e-04,-7.720219999999999860e-03,-1.550189999999999901e-02
2.771200000000000030e-04,-1.029361999999999985e-02,-1.808554000000000064e-02
2.771840000000000350e-04,-1.029361999999999985e-02,-1.291824000000000097e-02
2.772480000000000127e-04,-7.720219999999999860e-03,-1.033459999999999934e-02
2.773119999999999904e-04,-1.286701999999999985e-02,-2.066919999999999868e-02
2.773760000000000223e-04,-2.573399999999999993e-03,-1.291824000000000097e-02
2.774400000000000000e-04,-7.720219999999999860e-03,-2.066919999999999868e-02
2.775040000000000319e-04,-1.544043999999999972e-02,-1.550189999999999901e-02
2.775680000000000096e-04,-7.720219999999999860e-03,-1.033459999999999934e-02
2.776320000000000415e-04,-5.146819999999999867e-03,-7.750940000000000434e-03
2.776960000000000192e-04,-2.058719999999999994e-02,-7.750940000000000434e-03
2.777599999999999969e-04,-7.720219999999999860e-03,-1.291824000000000097e-02
2.778240000000000288e-04,-1.286701999999999985e-02,-2.066919999999999868e-02
2.778880000000000065e-04,-1.029361999999999985e-02,-1.808554000000000064e-02
2.779520000000000384e-04,-1.544043999999999972e-02,-7.750940000000000434e-03
2.780160000000000162e-04,-1.286701999999999985e-02,-1.550189999999999901e-02
2.780799999999999939e-04,-2.058719999999999994e-02,-1.033459999999999934e-02
2.781440000000000258e-04,-1.286701999999999985e-02,-2.325279999999999708e-02
2.782080000000000035e-04,-1.286701999999999985e-02,-1.033459999999999934e-02
2.782720000000000354e-04,-2.058719999999999994e-02,-1.550189999999999901e-02
2.783360000000000131e-04,-1.286701999999999985e-02,-2.066919999999999868e-02
2.783999999999999908e-04,-1.801383999999999971e-02,-1.550189999999999901e-02
2.784640000000000227e-04,-1.029361999999999985e-02,-1.550189999999999901e-02
2.785280000000000004e-04,-7.720219999999999860e-03,-1.291824000000000097e-02
2.785920000000000323e-04,-1.286701999999999985e-02,-1.291824000000000097e-02
2.786560000000000100e-04,-1.286701999999999985e-02,-1.550189999999999901e-02
2.787200000000000419e-04,-1.801383999999999971e-02,-1.808554000000000064e-02
2.787840000000000196e-04,-1.544043999999999972e-02,-1.550189999999999901e-02
2.788479999999999973e-04,-1.286701999999999985e-02,-1.550189999999999901e-02
2.789120000000000293e-04,-1.029361999999999985e-02,-1.550189999999999901e-02
2.789760000000000070e-04,-1.286701999999999985e-02,-7.750940000000000434e-03
2.790400000000000389e-04,-1.286701999999999985e-02,-1.550189999999999901e-02
2.791040000000000166e-04,-1.544043999999999972e-02,-1.808554000000000064e-02
2.791679999999999943e-04,-1.544043999999999972e-02,-7.750940000000000434e-03
2.792320000000000262e-04,-7.720219999999999860e-03,-1.291824000000000097e-02
2.792960000000000039e-04,-1.029361999999999985e-02,-7.750940000000000434e-03
2.793600000000000358e-04,-1.544043999999999972e-02,-2.066919999999999868e-02
2.794240000000000135e-04,-1.286701999999999985e-02,-7.750940000000000434e-03
2.794879999999999912e-04,-1.544043999999999972e-02,-1.550189999999999901e-02
2.795520000000000231e-04,-7.720219999999999860e-03,-1.550189999999999901e-02
2.796160000000000008e-04,-1.801383999999999971e-02,-1.550189999999999901e-02
2.796800000000000327e-04,-1.544043999999999972e-02,-1.291824000000000097e-02
2.797440000000000104e-04,-2.316059999999999994e-02,-1.033459999999999934e-02
2.798080000000000424e-04,-2.058719999999999994e-02,-1.550189999999999901e-02
2.798720000000000201e-04,-1.286701999999999985e-02,-1.550189999999999901e-02
2.799359999999999978e-04,-1.801383999999999971e-02,-1.808554000000000064e-02
2.800000000000000297e-04,-1.801383999999999971e-02,-1.550189999999999901e-02
2.800640000000000074e-04,-1.286701999999999985e-02,-1.808554000000000064e-02
2.801280000000000393e-04,-1.029361999999999985e-02,-1.033459999999999934e-02
2.801920000000000170e-04,-1.286701999999999985e-02,-1.550189999999999901e-02
2.802559999999999947e-04,-1.029361999999999985e-02,-1.550189999999999901e-02
2.803200000000000266e-04,-1.801383999999999971e-02,0.000000000000000000e+00
2.803840000000000043e-04,-1.544043999999999972e-02,-7.750940000000000434e-03
2.804480000000000362e-04,-5.146819999999999867e-03,-1.033459999999999934e-02
2.805120000000000139e-04,-7.720219999999999860e-03,-1.550189999999999901e-02
2.805759999999999916e-04,-1.029361999999999985e-02,-1.033459999999999934e-02
2.806400000000000236e-04,-1.801383999999999971e-02,-1.550189999999999901e-02
2.807040000000000013e-04,-1.801383999999999971e-02,-1.291824000000000097e-02
2.807680000000000332e-04,-1.544043999999999972e-02,-1.033459999999999934e-02
2.808320000000000109e-04,-1.544043999999999972e-02,-1.033459999999999934e-02
2.808960000000000428e-04,-1.286701999999999985e-02,-1.550189999999999901e-02
2.809600000000000205e-04,-1.801383999999999971e-02,-1.808554000000000064e-02
2.810239999999999982e-04,-1.544043999999999972e-02,-1.291824000000000097e-02
2.810880000000000301e-04,-1.801383999999999971e-02,-1.033459999999999934e-02
2.811520000000000078e-04,-1.801383999999999971e-02,-1.033459999999999934e-02
2.812160000000000397e-04,-1.801383999999999971e-02,-7.750940000000000434e-03
2.812800000000000174e-04,-1.801383999999999971e-02,-1.550189999999999901e-02
2.813439999999999951e-04,-1.544043999999999972e-02,-1.291824000000000097e-02
2.814080000000000270e-04,-1.544043999999999972e-02,-1.550189999999999901e-02
2.814720000000000047e-04,-1.286701999999999985e-02,-1.291824000000000097e-02
2.815360000000000367e-04,-1.544043999999999972e-02,-1.808554000000000064e-02
2.816000000000000144e-04,-1.544043999999999972e-02,-1.808554000000000064e-02
2.816639999999999921e-04,-1.544043999999999972e-02,-1.291824000000000097e-02
2.817280000000000240e-04,-1.544043999999999972e-02,-1.033459999999999934e-02
2.817920000000000017e-04,-1.029361999999999985e-02,-7.750940000000000434e-03
2.818560000000000336e-04,-2.058719999999999994e-02,-1.550189999999999901e-02
2.819200000000000113e-04,-1.544043999999999972e-02,-1.291824000000000097e-02
2.819840000000000432e-04,0.000000000000000000e+00,-7.750940000000000434e-03
2.820480000000000209e-04,-5.146819999999999867e-03,-1.291824000000000097e-02
2.821119999999999986e-04,-7.720219999999999860e-03,0.000000000000000000e+00
2.821760000000000305e-04,-7.720219999999999860e-03,-1.033459999999999934e-02
2.822400000000000082e-04,-5.146819999999999867e-03,-7.750940000000000434e-03
2.823040000000000401e-04,-1.029361999999999985e-02,-2.066919999999999868e-02
2.823680000000000179e-04,-2.573399999999999993e-03,-1.291824000000000097e-02
2.824319999999999956e-04,-7.720219999999999860e-03,-1.550189999999999901e-02
2.824960000000000275e-04,-1.029361999999999985e-02,-1.291824000000000097e-02
2.825600000000000052e-04,-1.286701999999999985e-02,-1.291824000000000097e-02
2.826240000000000371e-04,-7.720219999999999860e-03,-5.167299999999999671e-03
2.826880000000000148e-04,-2.573399999999999993e-03,-7.750940000000000434e-03
2.827519999999999925e-04,-7.720219999999999860e-03,-1.550189999999999901e-02
2.828160000000000244e-04,-7.720219999999999860e-03,-1.808554000000000064e-02
2.828800000000000021e-04,-5.146819999999999867e-03,-1.550189999999999901e-02
2.829440000000000340e-04,-1.286701999999999985e-02,-1.550189999999999901e-02
2.830080000000000117e-04,-1.286701999999999985e-02,-2.066919999999999868e-02
2.830720000000000436e-04,2.573399999999999993e-03,-2.583639999999999895e-02
2.831360000000000213e-04,-7.720219999999999860e-03,-1.550189999999999901e-02
2.831999999999999990e-04,-1.029361999999999985e-02,-1.550189999999999901e-02
2.832640000000000310e-04,-1.286701999999999985e-02,-2.066919999999999868e-02
2.833280000000000087e-04,-1.801383999999999971e-02,-1.291824000000000097e-02
2.833920000000000406e-04,-1.544043999999999972e-02,-1.033459999999999934e-02
2.834560000000000183e-04,-1.029361999999999985e-02,-1.808554000000000064e-02
2.835199999999999960e-04,-1.286701999999999985e-02,-1.808554000000000064e-02
2.835840000000000279e-04,-1.029361999999999985e-02,-7.750940000000000434e-03
2.836480000000000056e-04,-1.029361999999999985e-02,-2.325279999999999708e-02
2.837120000000000375e-04,-1.029361999999999985e-02,-2.066919999999999868e-02
2.837760000000000152e-04,-5.146819999999999867e-03,-1.808554000000000064e-02
2.838399999999999929e-04,-1.544043999999999972e-02,-1.033459999999999934e-02
2.839040000000000248e-04,-1.286701999999999985e-02,-1.550189999999999901e-02
2.839680000000000025e-04,-5.146819999999999867e-03,-1.550189999999999901e-02
2.840320000000000344e-04,-7.720219999999999860e-03,-1.291824000000000097e-02
2.840960000000000121e-04,-5.146819999999999867e-03,-1.808554000000000064e-02
2.841600000000000441e-04,-7.720219999999999860e-03,-1.808554000000000064e-02
2.842240000000000218e-04,-7.720219999999999860e-03,-1.550189999999999901e-02
2.842879999999999995e-04,-1.029361999999999985e-02,-1.550189999999999901e-02
2.843520000000000314e-04,-7.720219999999999860e-03,-1.291824000000000097e-02
2.844160000000000091e-04,-1.286701999999999985e-02,-1.291824000000000097e-02
2.844800000000000410e-04,-1.286701999999999985e-02,-1.550189999999999901e-02
2.845440000000000187e-04,-1.801383999999999971e-02,-1.291824000000000097e-02
2.846079999999999964e-04,-1.029361999999999985e-02,-1.808554000000000064e-02
2.846720000000000283e-04,0.000000000000000000e+00,-1.550189999999999901e-02
2.847360000000000060e-04,-1.029361999999999985e-02,-7.750940000000000434e-03
2.848000000000000379e-04,-1.801383999999999971e-02,-1.550189999999999901e-02
2.848640000000000156e-04,-5.146819999999999867e-03,-1.550189999999999901e-02
2.849279999999999933e-04,-1.029361999999999985e-02,-1.550189999999999901e-02
2.849920000000000253e-04,-5.146819999999999867e-03,-1.550189999999999901e-02
2.850560000000000030e-04,-1.544043999999999972e-02,-1.550189999999999901e-02
2.851200000000000349e-04,-5.146819999999999867e-03,-1.550189999999999901e-02
2.851840000000000126e-04,-1.286701999999999985e-02,-1.808554000000000064e-02
2.852480000000000445e-04,-7.720219999999999860e-03,-1.033459999999999934e-02
2.853120000000000222e-04,-1.544043999999999972e-02,-1.033459999999999934e-02
2.853759999999999999e-04,-1.286701999999999985e-02,-1.808554000000000064e-02
2.854400000000000318e-04,-7.720219999999999860e-03,-7.750940000000000434e-03
2.855040000000000095e-04,-1.286701999999999985e-02,-1.550189999999999901e-02
2.855680000000000414e-04,-7.720219999999999860e-03,-1.808554000000000064e-02
2.856320000000000191e-04,-7.720219999999999860e-03,-1.550189999999999901e-02
2.856959999999999968e-04,-1.286701999999999985e-02,-1.291824000000000097e-02
2.857600000000000287e-04,-5.146819999999999867e-03,-2.325279999999999708e-02
2.858240000000000064e-04,-5.146819999999999867e-03,-1.550189999999999901e-02
2.858880000000000384e-04,-7.720219999999999860e-03,-1.550189999999999901e-02
2.859520000000000161e-04,-2.573399999999999993e-03,-1.808554000000000064e-02
2.860159999999999938e-04,-1.029361999999999985e-02,-1.808554000000000064e-02
2.860800000000000257e-04,-7.720219999999999860e-03,-1.550189999999999901e-02
2.861440000000000034e-04,-7.720219999999999860e-03,-1.808554000000000064e-02
2.862080000000000353e-04,-5.146819999999999867e-03,-1.291824000000000097e-02
2.862720000000000130e-04,-7.720219999999999860e-03,-2.066919999999999868e-02
2.863360000000000449e-04,-2.573399999999999993e-03,-1.550189999999999901e-02
2.864000000000000226e-04,-5.146819999999999867e-03,-1.808554000000000064e-02
2.864640000000000003e-04,-2.573399999999999993e-03,-1.550189999999999901e-02
2.865280000000000322e-04,-5.146819999999999867e-03,-1.550189999999999901e-02
2.865920000000000099e-04,-1.286701999999999985e-02,-1.291824000000000097e-02
2.866560000000000418e-04,-5.146819999999999867e-03,-1.550189999999999901e-02
2.867200000000000196e-04,-5.146819999999999867e-03,-1.291824000000000097e-02
2.867839999999999973e-04,-7.720219999999999860e-03,-1.033459999999999934e-02
2.868480000000000292e-04,-7.720219999999999860e-03,-1.550189999999999901e-02
2.869120000000000069e-04,-5.146819999999999867e-03,-1.291824000000000097e-02
2.869760000000000388e-04,-7.720219999999999860e-03,-1.033459999999999934e-02
2.870400000000000165e-04,-2.573399999999999993e-03,-1.291824000000000097e-02
2.871039999999999942e-04,-7.720219999999999860e-03,-1.808554000000000064e-02
2.871680000000000261e-04,-1.029361999999999985e-02,-1.808554000000000064e-02
2.872320000000000038e-04,-5.146819999999999867e-03,-1.550189999999999901e-02
2.872960000000000357e-04,0.000000000000000000e+00,-1.291824000000000097e-02
2.873600000000000134e-04,-2.573399999999999993e-03,-1.550189999999999901e-02
2.874239999999999911e-04,-1.029361999999999985e-02,-7.750940000000000434e-03
2.874880000000000230e-04,-1.029361999999999985e-02,-1.291824000000000097e-02
2.875520000000000007e-04,-5.146819999999999867e-03,-1.033459999999999934e-02
2.876160000000000327e-04,0.000000000000000000e+00,-1.033459999999999934e-02
2.876800000000000104e-04,0.000000000000000000e+00,-1.808554000000000064e-02
2.877440000000000423e-04,-7.720219999999999860e-03,-1.291824000000000097e-02
2.878080000000000200e-04,2.573399999999999993e-03,-1.550189999999999901e-02
2.878719999999999977e-04,-7.720219999999999860e-03,-1.291824000000000097e-02
2.879360000000000296e-04,-5.146819999999999867e-03,-1.808554000000000064e-02
2.880000000000000073e-04,-2.573399999999999993e-03,-1.550189999999999901e-02
2.880640000000000392e-04,-7.720219999999999860e-03,-1.033459999999999934e-02
2.881280000000000169e-04,0.000000000000000000e+00,-7.750940000000000434e-03
2.881919999999999946e-04,-5.146819999999999867e-03,-1.550189999999999901e-02
2.882560000000000265e-04,-7.720219999999999860e-03,-1.550189999999999901e-02
2.883200000000000042e-04,0.000000000000000000e+00,-1.808554000000000064e-02
2.883840000000000361e-04,-1.286701999999999985e-02,-1.033459999999999934e-02
2.884480000000000138e-04,-2.573399999999999993e-03,-1.291824000000000097e-02
2.885119999999999916e-04,-2.573399999999999993e-03,-1.550189999999999901e-02
2.885760000000000235e-04,-7.720219999999999860e-03,-1.808554000000000064e-02
2.886400000000000012e-04,-1.029361999999999985e-02,-1.550189999999999901e-02
2.887040000000000331e-04,-1.029361999999999985e-02,-1.550189999999999901e-02
2.887680000000000108e-04,-7.720219999999999860e-03,-1.808554000000000064e-02
2.888320000000000427e-04,-5.146819999999999867e-03,-1.033459999999999934e-02
2.888960000000000204e-04,-5.146819999999999867e-03,-1.550189999999999901e-02
2.889599999999999981e-04,-2.573399999999999993e-03,-1.291824000000000097e-02
2.890240000000000300e-04,-1.029361999999999985e-02,-1.808554000000000064e-02
2.890880000000000077e-04,-1.544043999999999972e-02,-1.033459999999999934e-02
2.891520000000000396e-04,-1.544043999999999972e-02,-1.550189999999999901e-02
2.892160000000000173e-04,-5.146819999999999867e-03,-7.750940000000000434e-03
2.892799999999999950e-04,-2.573399999999999993e-03,-1.550189999999999901e-02
2.893440000000000270e-04,-7.720219999999999860e-03,-1.291824000000000097e-02
2.894080000000000047e-04,-5.146819999999999867e-03,-1.550189999999999901e-02
2.894720000000000366e-04,0.000000000000000000e+00,-1.033459999999999934e-02
2.895360000000000143e-04,-1.544043999999999972e-02,-1.033459999999999934e-02
2.895999999999999920e-04,-7.720219999999999860e-03,-1.291824000000000097e-02
2.896640000000000239e-04,-5.146819999999999867e-03,-1.033459999999999934e-02
2.897280000000000016e-04,-7.720219999999999860e-03,-1.033459999999999934e-02
2.897920000000000335e-04,-7.720219999999999860e-03,-1.033459999999999934e-02
2.898560000000000112e-04,-1.286701999999999985e-02,-1.291824000000000097e-02
2.899200000000000431e-04,-7.720219999999999860e-03,-1.291824000000000097e-02
2.899840000000000208e-04,-1.286701999999999985e-02,-7.750940000000000434e-03
2.900479999999999985e-04,-2.573399999999999993e-03,-1.033459999999999934e-02
2.901120000000000304e-04,-5.146819999999999867e-03,-1.291824000000000097e-02
2.901760000000000081e-04,-5.146819999999999867e-03,-5.167299999999999671e-03
2.902400000000000401e-04,-7.720219999999999860e-03,-5.167299999999999671e-03
2.903040000000000178e-04,-5.146819999999999867e-03,-1.291824000000000097e-02
2.903679999999999955e-04,-1.286701999999999985e-02,-1.550189999999999901e-02
2.904320000000000274e-04,-1.029361999999999985e-02,-1.291824000000000097e-02
2.904960000000000051e-04,-7.720219999999999860e-03,-2.583640000000000329e-03
2.905600000000000370e-04,-7.720219999999999860e-03,-1.291824000000000097e-02
2.906240000000000147e-04,-5.146819999999999867e-03,-1.033459999999999934e-02
2.906879999999999924e-04,-5.146819999999999867e-03,-1.291824000000000097e-02
2.907520000000000243e-04,-1.029361999999999985e-02,-5.167299999999999671e-03
2.908160000000000020e-04,-7.720219999999999860e-03,-1.291824000000000097e-02
2.908800000000000339e-04,-5.146819999999999867e-03,-1.808554000000000064e-02
2.909440000000000116e-04,-1.029361999999999985e-02,-1.808554000000000064e-02
2.910080000000000435e-04,-5.146819999999999867e-03,-1.291824000000000097e-02
2.910720000000000213e-04,-1.029361999999999985e-02,-5.167299999999999671e-03
2.911359999999999990e-04,-1.286701999999999985e-02,-1.291824000000000097e-02
2.912000000000000309e-04,-1.029361999999999985e-02,-1.033459999999999934e-02
2.912640000000000086e-04,-1.286701999999999985e-02,-1.033459999999999934e-02
2.913280000000000405e-04,-1.544043999999999972e-02,-7.750940000000000434e-03
2.913920000000000182e-04,-1.286701999999999985e-02,-1.291824000000000097e-02
2.914559999999999959e-04,-5.146819999999999867e-03,-2.583640000000000329e-03
2.915200000000000278e-04,-1.029361999999999985e-02,-7.750940000000000434e-03
2.915840000000000055e-04,-1.286701999999999985e-02,-1.808554000000000064e-02
2.916480000000000374e-04,-7.720219999999999860e-03,-1.550189999999999901e-02
2.917120000000000151e-04,-7.720219999999999860e-03,-1.033459999999999934e-02
2.917759999999999928e-04,-7.720219999999999860e-03,-1.291824000000000097e-02
2.918400000000000247e-04,-5.146819999999999867e-03,-1.033459999999999934e-02
2.919040000000000024e-04,-1.029361999999999985e-02,-1.033459999999999934e-02
2.919680000000000344e-04,-2.058719999999999994e-02,-1.033459999999999934e-02
2.920320000000000121e-04,-1.544043999999999972e-02,-1.291824000000000097e-02
2.920960000000000440e-04,-1.029361999999999985e-02,-1.550189999999999901e-02
2.921600000000000217e-04,-1.029361999999999985e-02,-1.550189999999999901e-02
2.922239999999999994e-04,-7.720219999999999860e-03,-1.291824000000000097e-02
2.922880000000000313e-04,-7.720219999999999860e-03,-1.291824000000000097e-02
2.923520000000000090e-04,-2.058719999999999994e-02,-1.033459999999999934e-02
2.924160000000000409e-04,-1.029361999999999985e-02,-1.291824000000000097e-02
2.924800000000000186e-04,-5.146819999999999867e-03,-5.167299999999999671e-03
2.925439999999999963e-04,-7.720219999999999860e-03,-1.033459999999999934e-02
2.926080000000000282e-04,-7.720219999999999860e-03,-1.291824000000000097e-02
2.926720000000000059e-04,-7.720219999999999860e-03,-1.033459999999999934e-02
2.927360000000000378e-04,-7.720219999999999860e-03,-1.291824000000000097e-02
2.928000000000000155e-04,-1.801383999999999971e-02,-1.291824000000000097e-02
2.928639999999999933e-04,-1.029361999999999985e-02,-7.750940000000000434e-03
2.929280000000000252e-04,-1.286701999999999985e-02,-7.750940000000000434e-03
2.929920000000000029e-04,-1.286701999999999985e-02,-5.167299999999999671e-03
2.930560000000000348e-04,-7.720219999999999860e-03,-2.583640000000000329e-03
2.931200000000000125e-04,-1.544043999999999972e-02,-1.033459999999999934e-02
2.931840000000000444e-04,-1.029361999999999985e-02,-7.750940000000000434e-03
2.932480000000000221e-04,-1.544043999999999972e-02,-1.550189999999999901e-02
2.933119999999999998e-04,-1.544043999999999972e-02,-1.291824000000000097e-02
2.933760000000000317e-04,-1.544043999999999972e-02,-1.550189999999999901e-02
2.934400000000000094e-04,-1.029361999999999985e-02,-5.167299999999999671e-03
2.935040000000000413e-04,-1.544043999999999972e-02,-2.583640000000000329e-03
2.935680000000000190e-04,-1.544043999999999972e-02,-1.033459999999999934e-02
2.936319999999999967e-04,-1.286701999999999985e-02,-5.167299999999999671e-03
2.936960000000000287e-04,-1.029361999999999985e-02,-1.033459999999999934e-02
2.937600000000000064e-04,-2.058719999999999994e-02,-7.750940000000000434e-03
2.938240000000000383e-04,-1.286701999999999985e-02,-7.750940000000000434e-03
2.938880000000000160e-04,-1.286701999999999985e-02,-1.033459999999999934e-02
2.939519999999999937e-04,-1.286701999999999985e-02,-1.033459999999999934e-02
2.940160000000000256e-04,-1.544043999999999972e-02,-2.583640000000000329e-03
2.940800000000000033e-04,-7.720219999999999860e-03,-1.808554000000000064e-02
2.941440000000000352e-04,-1.801383999999999971e-02,-5.167299999999999671e-03
2.942080000000000129e-04,-1.029361999999999985e-02,-1.291824000000000097e-02
2.942720000000000448e-04,-1.029361999999999985e-02,-7.750940000000000434e-03
2.943360000000000225e-04,-1.544043999999999972e-02,-1.033459999999999934e-02
2.944000000000000002e-04,-1.801383999999999971e-02,-5.167299999999999671e-03
2.944640000000000321e-04,-2.058719999999999994e-02,-5.167299999999999671e-03
2.945280000000000098e-04,-7.720219999999999860e-03,-1.033459999999999934e-02
2.945920000000000418e-04,-1.286701999999999985e-02,-1.808554000000000064e-02
2.946560000000000195e-04,-1.801383999999999971e-02,-7.750940000000000434e-03
2.947199999999999972e-04,-1.544043999999999972e-02,-1.550189999999999901e-02
2.947840000000000291e-04,-7.720219999999999860e-03,-2.066919999999999868e-02
2.948480000000000068e-04,-1.286701999999999985e-02,-7.750940000000000434e-03
2.949120000000000387e-04,-1.544043999999999972e-02,-5.167299999999999671e-03
2.949760000000000164e-04,-1.544043999999999972e-02,-5.167299999999999671e-03
2.950399999999999941e-04,-1.286701999999999985e-02,-1.033459999999999934e-02
2.951040000000000260e-04,-2.058719999999999994e-02,-7.750940000000000434e-03
2.951680000000000037e-04,-1.029361999999999985e-02,-1.033459999999999934e-02
2.952320000000000356e-04,-5.146819999999999867e-03,-5.167299999999999671e-03
2.952960000000000133e-04,-1.286701999999999985e-02,-2.583640000000000329e-03
2.953600000000000452e-04,-1.544043999999999972e-02,-5.167299999999999671e-03
2.954240000000000230e-04,-1.544043999999999972e-02,-1.291824000000000097e-02
2.954880000000000007e-04,-1.286701999999999985e-02,-1.033459999999999934e-02
2.955520000000000326e-04,-1.286701999999999985e-02,-5.167299999999999671e-03
2.956160000000000103e-04,-2.058719999999999994e-02,-7.750940000000000434e-03
2.956800000000000422e-04,-1.544043999999999972e-02,-1.033459999999999934e-02
2.957440000000000199e-04,-1.801383999999999971e-02,-1.033459999999999934e-02
2.958079999999999976e-04,-1.801383999999999971e-02,-1.291824000000000097e-02
2.958720000000000295e-04,-1.286701999999999985e-02,-1.291824000000000097e-02
2.959360000000000072e-04,-1.029361999999999985e-02,-1.033459999999999934e-02
2.960000000000000391e-04,-1.286701999999999985e-02,-1.550189999999999901e-02
2.960640000000000168e-04,-7.720219999999999860e-03,-7.750940000000000434e-03
2.961279999999999945e-04,-1.286701999999999985e-02,-1.033459999999999934e-02
2.961920000000000264e-04,-1.801383999999999971e-02,-5.167299999999999671e-03
2.962560000000000041e-04,-1.544043999999999972e-02,-7.750940000000000434e-03
2.963200000000000361e-04,-7.720219999999999860e-03,-2.583640000000000329e-03
2.963840000000000138e-04,-2.058719999999999994e-02,-1.291824000000000097e-02
2.964479999999999915e-04,-7.720219999999999860e-03,-1.291824000000000097e-02
2.965120000000000234e-04,-5.146819999999999867e-03,-1.550189999999999901e-02
2.965760000000000011e-04,-1.029361999999999985e-02,-2.066919999999999868e-02
2.966400000000000330e-04,-1.029361999999999985e-02,-7.750940000000000434e-03
2.967040000000000107e-04,-1.544043999999999972e-02,-1.033459999999999934e-02
2.967680000000000426e-04,-1.801383999999999971e-02,-2.066919999999999868e-02
2.968320000000000203e-04,-2.058719999999999994e-02,-1.550189999999999901e-02
2.968959999999999980e-04,-1.544043999999999972e-02,-5.167299999999999671e-03
2.969600000000000299e-04,-1.029361999999999985e-02,-1.033459999999999934e-02
2.970240000000000076e-04,-1.544043999999999972e-02,-1.033459999999999934e-02
2.970880000000000395e-04,-1.286701999999999985e-02,-5.167299999999999671e-03
2.971520000000000172e-04,-1.801383999999999971e-02,-2.066919999999999868e-02
2.972159999999999950e-04,-2.058719999999999994e-02,-5.167299999999999671e-03
2.972800000000000269e-04,-5.146819999999999867e-03,-1.808554000000000064e-02
2.973440000000000046e-04,-1.801383999999999971e-02,-1.808554000000000064e-02
2.974080000000000365e-04,-1.029361999999999985e-02,-5.167299999999999671e-03
2.974720000000000142e-04,-1.544043999999999972e-02,-7.750940000000000434e-03
2.975359999999999919e-04,-7.720219999999999860e-03,-1.033459999999999934e-02
2.976000000000000238e-04,-1.801383999999999971e-02,-1.550189999999999901e-02
2.976640000000000015e-04,-1.029361999999999985e-02,-7.750940000000000434e-03
2.977280000000000334e-04,-1.286701999999999985e-02,-5.167299999999999671e-03
2.977920000000000111e-04,-1.286701999999999985e-02,-1.550189999999999901e-02
2.978560000000000430e-04,-1.029361999999999985e-02,-7.750940000000000434e-03
2.979200000000000207e-04,-2.058719999999999994e-02,-7.750940000000000434e-03
2.979839999999999984e-04,-1.029361999999999985e-02,-1.291824000000000097e-02
2.980480000000000304e-04,-1.544043999999999972e-02,-1.033459999999999934e-02
2.981120000000000081e-04,-1.544043999999999972e-02,-7.750940000000000434e-03
2.981760000000000400e-04,-1.801383999999999971e-02,-5.167299999999999671e-03
2.982400000000000177e-04,-1.029361999999999985e-02,-7.750940000000000434e-03
2.983039999999999954e-04,-1.544043999999999972e-02,-1.291824000000000097e-02
2.983680000000000273e-04,-1.544043999999999972e-02,-1.291824000000000097e-02
2.984320000000000050e-04,-1.544043999999999972e-02,-7.750940000000000434e-03
2.984960000000000369e-04,-1.286701999999999985e-02,-7.750940000000000434e-03
2.985600000000000146e-04,-1.286701999999999985e-02,-7.750940000000000434e-03
2.986239999999999923e-04,-1.801383999999999971e-02,-7.750940000000000434e-03
2.986880000000000242e-04,-1.544043999999999972e-02,-1.808554000000000064e-02
2.987520000000000019e-04,-1.029361999999999985e-02,-1.550189999999999901e-02
2.988160000000000338e-04,-1.286701999999999985e-02,-1.033459999999999934e-02
2.988800000000000115e-04,-1.544043999999999972e-02,-2.066919999999999868e-02
2.989440000000000435e-04,-2.573399999999999993e-02,-1.291824000000000097e-02
2.990080000000000212e-04,-1.801383999999999971e-02,-5.167299999999999671e-03
2.990719999999999989e-04,-1.286701999999999985e-02,-1.291824000000000097e-02
2.991360000000000308e-04,-1.029361999999999985e-02,-2.325279999999999708e-02
2.992000000000000085e-04,-1.029361999999999985e-02,-7.750940000000000434e-03
2.992640000000000404e-04,-1.029361999999999985e-02,-1.291824000000000097e-02
2.993280000000000181e-04,-7.720219999999999860e-03,-1.291824000000000097e-02
2.993919999999999958e-04,-1.801383999999999971e-02,-5.167299999999999671e-03
2.994560000000000277e-04,-1.029361999999999985e-02,-1.033459999999999934e-02
2.995200000000000054e-04,-2.058719999999999994e-02,-1.033459999999999934e-02
2.995840000000000373e-04,-1.544043999999999972e-02,-1.550189999999999901e-02
2.996480000000000150e-04,-1.029361999999999985e-02,-7.750940000000000434e-03
2.997119999999999927e-04,-1.544043999999999972e-02,-2.066919999999999868e-02
2.997760000000000247e-04,-1.029361999999999985e-02,-1.033459999999999934e-02
2.998400000000000024e-04,-1.029361999999999985e-02,-1.033459999999999934e-02
2.999040000000000343e-04,-1.286701999999999985e-02,-1.033459999999999934e-02
2.999680000000000120e-04,-5.146819999999999867e-03,-7.750940000000000434e-03
3.000320000000000439e-04,-1.286701999999999985e-02,-1.808554000000000064e-02
3.000960000000000216e-04,-1.286701999999999985e-02,-1.291824000000000097e-02
3.001599999999999993e-04,-5.146819999999999867e-03,-1.033459999999999934e-02
3.002240000000000312e-04,-1.544043999999999972e-02,-1.291824000000000097e-02
3.002880000000000089e-04,-1.286701999999999985e-02,-1.291824000000000097e-02
3.003520000000000408e-04,-1.029361999999999985e-02,-1.808554000000000064e-02
3.004160000000000185e-04,-2.573399999999999993e-03,-2.066919999999999868e-02
3.004799999999999962e-04,-1.029361999999999985e-02,-1.291824000000000097e-02
3.005440000000000281e-04,-1.286701999999999985e-02,-7.750940000000000434e-03
3.006080000000000058e-04,-2.573399999999999993e-03,-1.291824000000000097e-02
3.006720000000000378e-04,-1.286701999999999985e-02,-1.550189999999999901e-02
3.007360000000000155e-04,-1.286701999999999985e-02,-1.808554000000000064e-02
3.007999999999999932e-04,-1.286701999999999985e-02,-1.550189999999999901e-02
3.008640000000000251e-04,-5.146819999999999867e-03,-1.033459999999999934e-02
3.009280000000000028e-04,-1.544043999999999972e-02,-1.033459999999999934e-02
3.009920000000000347e-04,-1.544043999999999972e-02,-1.291824000000000097e-02
3.010560000000000124e-04,-7.720219999999999860e-03,-2.066919999999999868e-02
3.011200000000000443e-04,-1.029361999999999985e-02,-1.808554000000000064e-02
3.011840000000000220e-04,-1.544043999999999972e-02,-1.033459999999999934e-02
3.012479999999999997e-04,-1.029361999999999985e-02,-1.808554000000000064e-02
3.013120000000000316e-04,-1.029361999999999985e-02,-1.033459999999999934e-02
3.013760000000000093e-04,-1.029361999999999985e-02,-1.291824000000000097e-02
3.014400000000000412e-04,-7.720219999999999860e-03,-1.033459999999999934e-02
3.015040000000000190e-04,-2.573399999999999993e-03,-1.550189999999999901e-02
3.015679999999999967e-04,-5.146819999999999867e-03,-7.750940000000000434e-03
3.016320000000000286e-04,-1.286701999999999985e-02,-1.550189999999999901e-02
3.016960000000000063e-04,-7.720219999999999860e-03,-1.291824000000000097e-02
3.017600000000000382e-04,-5.146819999999999867e-03,-1.033459999999999934e-02
3.018240000000000159e-04,-5.146819999999999867e-03,-1.291824000000000097e-02
3.018879999999999936e-04,-5.146819999999999867e-03,-1.550189999999999901e-02
3.019520000000000255e-04,-1.286701999999999985e-02,-1.033459999999999934e-02
3.020160000000000032e-04,-1.286701999999999985e-02,-1.291824000000000097e-02
3.020800000000000351e-04,-2.573399999999999993e-03,-1.808554000000000064e-02
3.021440000000000128e-04,-5.146819999999999867e-03,-1.550189999999999901e-02
3.022080000000000447e-04,-5.146819999999999867e-03,-7.750940000000000434e-03
3.022720000000000224e-04,-5.146819999999999867e-03,-1.291824000000000097e-02
3.023360000000000001e-04,-7.720219999999999860e-03,-1.291824000000000097e-02
3.024000000000000321e-04,-5.146819999999999867e-03,-7.750940000000000434e-03
3.024640000000000098e-04,-1.029361999999999985e-02,-7.750940000000000434e-03
3.025280000000000417e-04,-7.720219999999999860e-03,-1.291824000000000097e-02
3.025920000000000194e-04,-2.573399999999999993e-03,-1.033459999999999934e-02
3.026559999999999971e-04,-1.029361999999999985e-02,-7.750940000000000434e-03
3.027200000000000290e-04,-7.720219999999999860e-03,-2.066919999999999868e-02
3.027840000000000067e-04,-7.720219999999999860e-03,-1.291824000000000097e-02
3.028480000000000386e-04,-5.146819999999999867e-03,-1.291824000000000097e-02
3.029120000000000163e-04,-5.146819999999999867e-03,-1.291824000000000097e-02
3.029759999999999940e-04,-7.720219999999999860e-03,-1.291824000000000097e-02
3.030400000000000259e-04,-1.029361999999999985e-02,-2.325279999999999708e-02
3.031040000000000036e-04,0.000000000000000000e+00,-1.808554000000000064e-02
3.031680000000000355e-04,-1.286701999999999985e-02,-1.291824000000000097e-02
3.032320000000000132e-04,-7.720219999999999860e-03,-1.550189999999999901e-02
3.032960000000000452e-04,-2.573399999999999993e-03,-2.066919999999999868e-02
3.033600000000000229e-04,-5.146819999999999867e-03,-1.291824000000000097e-02
3.034240000000000006e-04,-2.573399999999999993e-03,-1.291824000000000097e-02
3.034880000000000325e-04,-5.146819999999999867e-03,-1.033459999999999934e-02
3.035520000000000102e-04,-5.146819999999999867e-03,-1.808554000000000064e-02
3.036160000000000421e-04,-5.146819999999999867e-03,-1.808554000000000064e-02
3.036800000000000198e-04,0.000000000000000000e+00,-1.550189999999999901e-02
3.037439999999999975e-04,0.000000000000000000e+00,-7.750940000000000434e-03
3.038080000000000294e-04,-1.286701999999999985e-02,-1.291824000000000097e-02
3.038720000000000071e-04,-2.573399999999999993e-03,-5.167299999999999671e-03
3.039360000000000390e-04,-7.720219999999999860e-03,-2.583639999999999895e-02
3.040000000000000167e-04,-2.573399999999999993e-03,-2.325279999999999708e-02
3.040639999999999944e-04,0.000000000000000000e+00,-7.750940000000000434e-03
3.041280000000000264e-04,-5.146819999999999867e-03,-1.291824000000000097e-02
3.041920000000000041e-04,-1.286701999999999985e-02,-2.066919999999999868e-02
3.042560000000000360e-04,-2.573399999999999993e-03,-1.550189999999999901e-02
3.043200000000000137e-04,-2.573399999999999993e-03,-1.550189999999999901e-02
3.043840000000000456e-04,-5.146819999999999867e-03,-1.033459999999999934e-02
3.044480000000000233e-04,0.000000000000000000e+00,-1.808554000000000064e-02
3.045120000000000010e-04,-5.146819999999999867e-03,-1.550189999999999901e-02
3.045760000000000329e-04,-5.146819999999999867e-03,-1.808554000000000064e-02
3.046400000000000106e-04,-2.573399999999999993e-03,-1.291824000000000097e-02
3.047040000000000425e-04,0.000000000000000000e+00,-1.291824000000000097e-02
3.047680000000000202e-04,-2.573399999999999993e-03,-1.808554000000000064e-02
3.048319999999999979e-04,0.000000000000000000e+00,-1.550189999999999901e-02
3.048960000000000298e-04,-2.573399999999999993e-03,-1.033459999999999934e-02
3.049600000000000075e-04,-1.029361999999999985e-02,-1.550189999999999901e-02
3.050240000000000395e-04,-2.573399999999999993e-03,-1.808554000000000064e-02
3.050880000000000172e-04,-1.286701999999999985e-02,-1.550189999999999901e-02
3.051519999999999949e-04,0.000000000000000000e+00,-1.808554000000000064e-02
3.052160000000000268e-04,-7.720219999999999860e-03,-1.808554000000000064e-02
3.052800000000000045e-04,-5.146819999999999867e-03,-2.325279999999999708e-02
3.053440000000000364e-04,-1.029361999999999985e-02,-2.325279999999999708e-02
3.054080000000000141e-04,2.573399999999999993e-03,-2.583639999999999895e-02
3.054720000000000460e-04,-2.573399999999999993e-03,-1.550189999999999901e-02
3.055360000000000237e-04,-2.573399999999999993e-03,-1.808554000000000064e-02
3.056000000000000014e-04,-2.573399999999999993e-03,-2.066919999999999868e-02
3.056640000000000333e-04,-1.286701999999999985e-02,-1.291824000000000097e-02
3.057280000000000110e-04,0.000000000000000000e+00,-1.291824000000000097e-02
3.057920000000000429e-04,-5.146819999999999867e-03,-1.550189999999999901e-02
3.058560000000000207e-04,-1.029361999999999985e-02,-1.291824000000000097e-02
3.059199999999999984e-04,-1.029361999999999985e-02,-1.550189999999999901e-02
3.059840000000000303e-04,5.146819999999999867e-03,-1.550189999999999901e-02
3.060480000000000080e-04,-1.029361999999999985e-02,-1.550189999999999901e-02
3.061120000000000399e-04,-2.573399999999999993e-03,-2.583639999999999895e-02
3.061760000000000176e-04,2.573399999999999993e-03,-1.550189999999999901e-02
3.062399999999999953e-04,-7.720219999999999860e-03,-2.066919999999999868e-02
3.063040000000000272e-04,0.000000000000000000e+00,-1.808554000000000064e-02
3.063680000000000049e-04,-1.801383999999999971e-02,-1.291824000000000097e-02
3.064320000000000368e-04,-5.146819999999999867e-03,-5.167299999999999671e-03
3.064960000000000145e-04,-5.146819999999999867e-03,-1.550189999999999901e-02
3.065599999999999922e-04,-1.029361999999999985e-02,-1.033459999999999934e-02
3.066240000000000241e-04,-7.720219999999999860e-03,-1.291824000000000097e-02
3.066880000000000018e-04,-1.286701999999999985e-02,-1.033459999999999934e-02
3.067520000000000338e-04,-1.286701999999999985e-02,-1.291824000000000097e-02
3.068160000000000115e-04,-7.720219999999999860e-03,-1.291824000000000097e-02
3.068800000000000434e-04,-5.146819999999999867e-03,-1.808554000000000064e-02
3.069440000000000211e-04,-7.720219999999999860e-03,-1.550189999999999901e-02
3.070079999999999988e-04,-1.029361999999999985e-02,-3.100379999999999803e-02
3.070720000000000307e-04,-5.146819999999999867e-03,-1.550189999999999901e-02
3.071360000000000084e-04,-1.286701999999999985e-02,-1.291824000000000097e-02
3.072000000000000403e-04,-1.029361999999999985e-02,-1.808554000000000064e-02
3.072640000000000180e-04,-1.286701999999999985e-02,-1.291824000000000097e-02
3.073279999999999957e-04,-7.720219999999999860e-03,-2.066919999999999868e-02
3.073920000000000276e-04,-1.029361999999999985e-02,-1.550189999999999901e-02
3.074560000000000053e-04,-1.029361999999999985e-02,-1.808554000000000064e-02
3.075200000000000372e-04,-7.720219999999999860e-03,-1.291824000000000097e-02
3.075840000000000149e-04,-2.573399999999999993e-03,-1.550189999999999901e-02
3.076479999999999927e-04,-5.146819999999999867e-03,-1.808554000000000064e-02
3.077120000000000246e-04,-7.720219999999999860e-03,-1.550189999999999901e-02
3.077760000000000023e-04,-1.029361999999999985e-02,-1.808554000000000064e-02
3.078400000000000342e-04,-1.029361999999999985e-02,-2.066919999999999868e-02
3.079040000000000119e-04,-5.146819999999999867e-03,-1.291824000000000097e-02
3.079680000000000438e-04,-1.029361999999999985e-02,-1.033459999999999934e-02
3.080320000000000215e-04,-1.029361999999999985e-02,-1.808554000000000064e-02
3.080959999999999992e-04,-5.146819999999999867e-03,-1.033459999999999934e-02
3.081600000000000311e-04,-5.146819999999999867e-03,-1.808554000000000064e-02
3.082240000000000088e-04,-1.544043999999999972e-02,-1.808554000000000064e-02
3.082880000000000407e-04,-7.720219999999999860e-03,-1.033459999999999934e-02
3.083520000000000184e-04,-1.544043999999999972e-02,-1.550189999999999901e-02
3.084159999999999961e-04,-1.286701999999999985e-02,-1.550189999999999901e-02
3.084800000000000281e-04,-1.544043999999999972e-02,-1.808554000000000064e-02
3.085440000000000058e-04,-1.286701999999999985e-02,-1.033459999999999934e-02
3.086080000000000377e-04,-1.029361999999999985e-02,-1.033459999999999934e-02
3.086720000000000154e-04,-2.573399999999999993e-03,-1.291824000000000097e-02
3.087359999999999931e-04,-1.029361999999999985e-02,-1.291824000000000097e-02
3.088000000000000250e-04,-1.286701999999999985e-02,-1.033459999999999934e-02
3.088640000000000027e-04,-1.029361999999999985e-02,-1.291824000000000097e-02
3.089280000000000346e-04,-1.286701999999999985e-02,-1.550189999999999901e-02
3.089920000000000123e-04,-1.029361999999999985e-02,-1.550189999999999901e-02
3.090560000000000442e-04,-1.286701999999999985e-02,-1.291824000000000097e-02
3.091200000000000219e-04,-7.720219999999999860e-03,-1.550189999999999901e-02
3.091839999999999996e-04,-5.146819999999999867e-03,-1.808554000000000064e-02
3.092480000000000315e-04,-7.720219999999999860e-03,-1.291824000000000097e-02
3.093120000000000092e-04,-2.058719999999999994e-02,-2.066919999999999868e-02
3.093760000000000412e-04,-1.029361999999999985e-02,-7.750940000000000434e-03
3.094400000000000189e-04,-7.720219999999999860e-03,-1.550189999999999901e-02
3.095039999999999966e-04,-1.286701999999999985e-02,-1.550189999999999901e-02
3.095680000000000285e-04,-2.573399999999999993e-03,-1.808554000000000064e-02
3.096320000000000062e-04,-1.286701999999999985e-02,-1.550189999999999901e-02
3.096960000000000381e-04,-5.146819999999999867e-03,-1.550189999999999901e-02
3.097600000000000158e-04,-1.544043999999999972e-02,-1.033459999999999934e-02
3.098239999999999935e-04,-5.146819999999999867e-03,-1.550189999999999901e-02
3.098880000000000254e-04,-1.544043999999999972e-02,-7.750940000000000434e-03
3.099520000000000031e-04,-1.029361999999999985e-02,-1.291824000000000097e-02
3.100160000000000350e-04,-1.029361999999999985e-02,-1.550189999999999901e-02
3.100800000000000127e-04,-1.029361999999999985e-02,-1.291824000000000097e-02
3.101440000000000446e-04,-1.029361999999999985e-02,-1.291824000000000097e-02
3.102080000000000224e-04,-1.286701999999999985e-02,-5.167299999999999671e-03
3.102720000000000001e-04,-1.801383999999999971e-02,-5.167299999999999671e-03
3.103360000000000320e-04,-1.286701999999999985e-02,-1.033459999999999934e-02
3.104000000000000097e-04,-1.029361999999999985e-02,-1.291824000000000097e-02
3.104640000000000416e-04,-1.544043999999999972e-02,-1.550189999999999901e-02
3.105280000000000193e-04,-1.286701999999999985e-02,-1.291824000000000097e-02
3.105919999999999970e-04,-1.544043999999999972e-02,-1.550189999999999901e-02
3.106560000000000289e-04,-1.801383999999999971e-02,-1.291824000000000097e-02
3.107200000000000066e-04,-2.573399999999999993e-03,-1.550189999999999901e-02
3.107840000000000385e-04,-1.286701999999999985e-02,-7.750940000000000434e-03
3.108480000000000162e-04,-1.544043999999999972e-02,-7.750940000000000434e-03
3.109119999999999939e-04,-7.720219999999999860e-03,-1.033459999999999934e-02
3.109760000000000258e-04,-1.544043999999999972e-02,-2.583640000000000329e-03
3.110400000000000035e-04,-1.801383999999999971e-02,0.000000000000000000e+00
3.111040000000000355e-04,-1.286701999999999985e-02,-1.550189999999999901e-02
3.111680000000000132e-04,-2.316059999999999994e-02,-1.808554000000000064e-02
3.112320000000000451e-04,-1.544043999999999972e-02,-1.033459999999999934e-02
3.112960000000000228e-04,-1.029361999999999985e-02,-1.291824000000000097e-02
3.113600000000000005e-04,-1.544043999999999972e-02,-1.291824000000000097e-02
3.114240000000000324e-04,-1.801383999999999971e-02,-1.033459999999999934e-02
3.114880000000000101e-04,-5.146819999999999867e-03,-1.291824000000000097e-02
3.115520000000000420e-04,-1.801383999999999971e-02,-1.291824000000000097e-02
3.116160000000000197e-04,-1.286701999999999985e-02,-1.033459999999999934e-02
3.116799999999999974e-04,-1.286701999999999985e-02,-2.583640000000000329e-03
3.117440000000000293e-04,-1.801383999999999971e-02,-1.550189999999999901e-02
3.118080000000000070e-04,-1.544043999999999972e-02,-1.291824000000000097e-02
3.118720000000000389e-04,-1.544043999999999972e-02,-1.550189999999999901e-02
3.119360000000000166e-04,-1.801383999999999971e-02,-1.550189999999999901e-02
3.119999999999999944e-04,-1.029361999999999985e-02,-1.291824000000000097e-02
3.120640000000000263e-04,-1.544043999999999972e-02,-1.291824000000000097e-02
3.121280000000000040e-04,-2.316059999999999994e-02,-7.750940000000000434e-03
3.121920000000000359e-04,-2.058719999999999994e-02,-2.066919999999999868e-02
3.122560000000000136e-04,-2.058719999999999994e-02,-1.550189999999999901e-02
3.123200000000000455e-04,-1.544043999999999972e-02,-1.291824000000000097e-02
3.123840000000000232e-04,-1.801383999999999971e-02,-1.033459999999999934e-02
3.124480000000000009e-04,-1.286701999999999985e-02,-7.750940000000000434e-03
3.125120000000000328e-04,-1.801383999999999971e-02,-1.033459999999999934e-02
3.125760000000000105e-04,-1.286701999999999985e-02,-1.291824000000000097e-02
3.126400000000000424e-04,-1.544043999999999972e-02,-1.291824000000000097e-02
3.127040000000000201e-04,-1.544043999999999972e-02,-2.583640000000000329e-03
3.127679999999999978e-04,-1.801383999999999971e-02,-1.808554000000000064e-02
3.128320000000000298e-04,-2.058719999999999994e-02,-1.291824000000000097e-02
3.128960000000000075e-04,-1.544043999999999972e-02,-5.167299999999999671e-03
3.129600000000000394e-04,-1.286701999999999985e-02,-1.808554000000000064e-02
3.130240000000000171e-04,-1.544043999999999972e-02,-2.066919999999999868e-02
3.130879999999999948e-04,-1.544043999999999972e-02,-1.550189999999999901e-02
3.131520000000000267e-04,-1.544043999999999972e-02,-7.750940000000000434e-03
3.132160000000000044e-04,-1.286701999999999985e-02,-1.291824000000000097e-02
3.132800000000000363e-04,-1.286701999999999985e-02,-1.033459999999999934e-02
3.133440000000000140e-04,-1.801383999999999971e-02,-1.550189999999999901e-02
3.134080000000000459e-04,-7.720219999999999860e-03,-1.291824000000000097e-02
3.134720000000000236e-04,-1.544043999999999972e-02,-1.808554000000000064e-02
3.135360000000000013e-04,-1.801383999999999971e-02,-1.291824000000000097e-02
3.136000000000000332e-04,-2.058719999999999994e-02,-1.808554000000000064e-02
3.136640000000000109e-04,-1.029361999999999985e-02,-1.808554000000000064e-02
3.137280000000000429e-04,-1.544043999999999972e-02,-1.291824000000000097e-02
3.137920000000000206e-04,-1.029361999999999985e-02,-1.550189999999999901e-02
3.138559999999999983e-04,-1.286701999999999985e-02,-1.291824000000000097e-02
3.139200000000000302e-04,-1.286701999999999985e-02,-2.066919999999999868e-02
3.139840000000000079e-04,-1.286701999999999985e-02,-1.808554000000000064e-02
3.140480000000000398e-04,-2.058719999999999994e-02,-1.291824000000000097e-02
3.141120000000000175e-04,-7.720219999999999860e-03,-7.750940000000000434e-03
3.141759999999999952e-04,-1.544043999999999972e-02,-1.291824000000000097e-02
3.142400000000000271e-04,-1.286701999999999985e-02,-2.066919999999999868e-02
3.143040000000000048e-04,-1.029361999999999985e-02,-1.033459999999999934e-02
3.143680000000000367e-04,-2.316059999999999994e-02,-1.808554000000000064e-02
3.144320000000000144e-04,-1.286701999999999985e-02,-1.808554000000000064e-02
3.144960000000000463e-04,-1.801383999999999971e-02,-1.550189999999999901e-02
3.145600000000000241e-04,-1.286701999999999985e-02,-5.167299999999999671e-03
3.146240000000000018e-04,-1.286701999999999985e-02,-1.291824000000000097e-02
3.146880000000000337e-04,-1.286701999999999985e-02,-1.033459999999999934e-02
3.147520000000000114e-04,-1.801383999999999971e-02,-5.167299999999999671e-03
3.148160000000000433e-04,-1.286701999999999985e-02,-1.033459999999999934e-02
3.148800000000000210e-04,-1.801383999999999971e-02,-1.550189999999999901e-02
3.149439999999999987e-04,-2.058719999999999994e-02,-1.033459999999999934e-02
3.150080000000000306e-04,-1.286701999999999985e-02,-1.550189999999999901e-02
3.150720000000000083e-04,-1.544043999999999972e-02,-1.033459999999999934e-02
3.151360000000000402e-04,-1.544043999999999972e-02,-1.550189999999999901e-02
3.152000000000000179e-04,-1.286701999999999985e-02,-7.750940000000000434e-03
3.152639999999999956e-04,-5.146819999999999867e-03,-1.033459999999999934e-02
3.153280000000000275e-04,-1.544043999999999972e-02,-1.033459999999999934e-02
3.153920000000000052e-04,-1.286701999999999985e-02,-1.033459999999999934e-02
3.154560000000000372e-04,-1.544043999999999972e-02,-7.750940000000000434e-03
3.155200000000000149e-04,-1.544043999999999972e-02,-1.291824000000000097e-02
3.155839999999999926e-04,-1.029361999999999985e-02,-1.033459999999999934e-02
3.156480000000000245e-04,-2.316059999999999994e-02,-1.291824000000000097e-02
3.157120000000000022e-04,-1.544043999999999972e-02,-1.291824000000000097e-02
3.157760000000000341e-04,-1.544043999999999972e-02,-1.808554000000000064e-02
3.158400000000000118e-04,-1.286701999999999985e-02,-1.291824000000000097e-02
3.159040000000000437e-04,-1.801383999999999971e-02,-7.750940000000000434e-03
3.159680000000000214e-04,-1.544043999999999972e-02,-1.291824000000000097e-02
3.160319999999999991e-04,-1.801383999999999971e-02,-1.291824000000000097e-02
3.160960000000000310e-04,-2.058719999999999994e-02,-1.550189999999999901e-02
3.161600000000000087e-04,-1.801383999999999971e-02,-1.033459999999999934e-02
3.162240000000000406e-04,-1.544043999999999972e-02,-2.066919999999999868e-02
3.162880000000000183e-04,-1.544043999999999972e-02,-7.750940000000000434e-03
3.163519999999999961e-04,-1.029361999999999985e-02,-1.291824000000000097e-02
3.164160000000000280e-04,-1.286701999999999985e-02,-5.167299999999999671e-03
3.164800000000000057e-04,-1.544043999999999972e-02,-1.291824000000000097e-02
3.165440000000000376e-04,-2.316059999999999994e-02,-1.033459999999999934e-02
3.166080000000000153e-04,-1.029361999999999985e-02,-1.550189999999999901e-02
3.166719999999999930e-04,-1.544043999999999972e-02,-1.550189999999999901e-02
3.167360000000000249e-04,-1.286701999999999985e-02,-1.291824000000000097e-02
3.168000000000000026e-04,-5.146819999999999867e-03,-1.808554000000000064e-02
3.168640000000000345e-04,-7.720219999999999860e-03,-1.033459999999999934e-02
3.169280000000000122e-04,-7.720219999999999860e-03,-1.291824000000000097e-02
3.169920000000000441e-04,-1.029361999999999985e-02,-1.291824000000000097e-02
3.170560000000000218e-04,-1.029361999999999985e-02,-2.066919999999999868e-02
3.171199999999999995e-04,-1.801383999999999971e-02,-5.167299999999999671e-03
3.171840000000000315e-04,-1.029361999999999985e-02,-1.808554000000000064e-02
3.172480000000000092e-04,-1.029361999999999985e-02,-1.033459999999999934e-02
3.173120000000000411e-04,-1.286701999999999985e-02,-7.750940000000000434e-03
3.173760000000000188e-04,-7.720219999999999860e-03,-1.291824000000000097e-02
3.174399999999999965e-04,-1.544043999999999972e-02,-1.550189999999999901e-02
3.175040000000000284e-04,-2.058719999999999994e-02,-1.291824000000000097e-02
3.175680000000000061e-04,-1.286701999999999985e-02,-1.291824000000000097e-02
3.176320000000000380e-04,-1.286701999999999985e-02,-1.033459999999999934e-02
3.176960000000000157e-04,-7.720219999999999860e-03,-7.750940000000000434e-03
3.177599999999999934e-04,-1.286701999999999985e-02,-1.033459999999999934e-02
3.178240000000000253e-04,-1.801383999999999971e-02,-1.291824000000000097e-02
3.178880000000000030e-04,-1.286701999999999985e-02,-1.550189999999999901e-02
3.179520000000000349e-04,-7.720219999999999860e-03,-5.167299999999999671e-03
3.180160000000000126e-04,-1.029361999999999985e-02,-2.066919999999999868e-02
3.180800000000000446e-04,-2.058719999999999994e-02,-1.550189999999999901e-02
3.181440000000000223e-04,-1.801383999999999971e-02,-1.808554000000000064e-02
3.182080000000000000e-04,-7.720219999999999860e-03,-1.291824000000000097e-02
3.182720000000000319e-04,-7.720219999999999860e-03,-5.167299999999999671e-03
3.183360000000000096e-04,-1.286701999999999985e-02,-1.808554000000000064e-02
3.184000000000000415e-04,-1.029361999999999985e-02,-1.291824000000000097e-02
3.184640000000000192e-04,-7.720219999999999860e-03,-1.550189999999999901e-02
3.185279999999999969e-04,-1.029361999999999985e-02,-5.167299999999999671e-03
3.185920000000000288e-04,-1.544043999999999972e-02,-1.291824000000000097e-02
3.186560000000000065e-04,-1.029361999999999985e-02,-7.750940000000000434e-03
3.187200000000000384e-04,-7.720219999999999860e-03,-1.033459999999999934e-02
3.187840000000000161e-04,-1.286701999999999985e-02,-1.550189999999999901e-02
3.188479999999999938e-04,-1.544043999999999972e-02,-1.291824000000000097e-02
3.189120000000000258e-04,-1.286701999999999985e-02,-1.550189999999999901e-02
3.189760000000000035e-04,-1.286701999999999985e-02,-1.808554000000000064e-02
3.190400000000000354e-04,-1.029361999999999985e-02,-1.033459999999999934e-02
3.191040000000000131e-04,-5.146819999999999867e-03,-7.750940000000000434e-03
3.191680000000000450e-04,-2.573399999999999993e-03,-7.750940000000000434e-03
3.192320000000000227e-04,-7.720219999999999860e-03,-1.033459999999999934e-02
3.192960000000000004e-04,-1.544043999999999972e-02,-1.550189999999999901e-02
3.193600000000000323e-04,-1.286701999999999985e-02,-1.291824000000000097e-02
3.194240000000000100e-04,-2.058719999999999994e-02,-1.550189999999999901e-02
3.194880000000000419e-04,-7.720219999999999860e-03,-1.550189999999999901e-02
3.195520000000000196e-04,-1.286701999999999985e-02,-1.550189999999999901e-02
3.196159999999999973e-04,-1.544043999999999972e-02,-1.808554000000000064e-02
3.196800000000000292e-04,-1.029361999999999985e-02,-1.291824000000000097e-02
3.197440000000000069e-04,-2.573399999999999993e-03,-1.550189999999999901e-02
3.198080000000000389e-04,-1.029361999999999985e-02,-2.066919999999999868e-02
3.198720000000000166e-04,-7.720219999999999860e-03,-1.291824000000000097e-02
3.199359999999999943e-04,-1.286701999999999985e-02,-1.033459999999999934e-02
3.200000000000000262e-04,-1.029361999999999985e-02,-1.291824000000000097e-02
3.200640000000000039e-04,-7.720219999999999860e-03,-1.033459999999999934e-02
3.201280000000000358e-04,-1.029361999999999985e-02,-1.291824000000000097e-02
3.201920000000000135e-04,-1.029361999999999985e-02,-7.750940000000000434e-03
3.202560000000000454e-04,-1.286701999999999985e-02,-1.550189999999999901e-02
3.203200000000000231e-04,-7.720219999999999860e-03,-1.808554000000000064e-02
3.203840000000000008e-04,-1.029361999999999985e-02,-1.033459999999999934e-02
3.204480000000000327e-04,-7.720219999999999860e-03,-1.033459999999999934e-02
3.205120000000000104e-04,-7.720219999999999860e-03,-5.167299999999999671e-03
3.205760000000000423e-04,-1.286701999999999985e-02,-1.291824000000000097e-02
3.206400000000000200e-04,-7.720219999999999860e-03,-1.291824000000000097e-02
3.207039999999999978e-04,-1.029361999999999985e-02,-1.033459999999999934e-02
3.207680000000000297e-04,-7.720219999999999860e-03,-1.291824000000000097e-02
3.208320000000000074e-04,-5.146819999999999867e-03,-1.033459999999999934e-02
3.208960000000000393e-04,-5.146819999999999867e-03,-7.750940000000000434e-03
3.209600000000000170e-04,-7.720219999999999860e-03,-1.808554000000000064e-02
3.210239999999999947e-04,-1.029361999999999985e-02,-1.291824000000000097e-02
3.210880000000000266e-04,0.000000000000000000e+00,-1.291824000000000097e-02
3.211520000000000043e-04,-5.146819999999999867e-03,-1.550189999999999901e-02
3.212160000000000362e-04,-1.801383999999999971e-02,-1.291824000000000097e-02
3.212800000000000139e-04,-1.029361999999999985e-02,-1.550189999999999901e-02
3.213440000000000458e-04,0.000000000000000000e+00,-1.808554000000000064e-02
3.214080000000000235e-04,-5.146819999999999867e-03,-1.808554000000000064e-02
3.214720000000000012e-04,-5.146819999999999867e-03,-1.291824000000000097e-02
3.215360000000000332e-04,-1.029361999999999985e-02,-1.550189999999999901e-02
3.216000000000000109e-04,-7.720219999999999860e-03,-1.808554000000000064e-02
3.216640000000000428e-04,-2.573399999999999993e-03,-2.066919999999999868e-02
3.217280000000000205e-04,-1.029361999999999985e-02,-1.808554000000000064e-02
3.217919999999999982e-04,-7.720219999999999860e-03,-1.033459999999999934e-02
3.218560000000000301e-04,-1.029361999999999985e-02,-1.291824000000000097e-02
3.219200000000000078e-04,-7.720219999999999860e-03,-2.583640000000000329e-03
3.219840000000000397e-04,-1.029361999999999985e-02,-1.291824000000000097e-02
3.220480000000000174e-04,-7.720219999999999860e-03,-7.750940000000000434e-03
3.221119999999999951e-04,-1.029361999999999985e-02,-1.291824000000000097e-02
3.221760000000000270e-04,-1.029361999999999985e-02,-7.750940000000000434e-03
3.222400000000000047e-04,0.000000000000000000e+00,-7.750940000000000434e-03
3.223040000000000366e-04,-2.573399999999999993e-03,-1.550189999999999901e-02
3.223680000000000143e-04,-5.146819999999999867e-03,-1.808554000000000064e-02
3.224320000000000463e-04,-7.720219999999999860e-03,-1.808554000000000064e-02
3.224960000000000240e-04,-1.029361999999999985e-02,-2.583640000000000329e-03
3.225600000000000017e-04,-5.146819999999999867e-03,-7.750940000000000434e-03
3.226240000000000336e-04,-1.029361999999999985e-02,-7.750940000000000434e-03
3.226880000000000113e-04,-1.286701999999999985e-02,-1.291824000000000097e-02
3.227520000000000432e-04,-1.029361999999999985e-02,-1.033459999999999934e-02
3.228160000000000209e-04,-5.146819999999999867e-03,-1.550189999999999901e-02
3.228799999999999986e-04,-1.029361999999999985e-02,-1.033459999999999934e-02
3.229440000000000305e-04,-5.146819999999999867e-03,-1.033459999999999934e-02
3.230080000000000082e-04,-5.146819999999999867e-03,-7.750940000000000434e-03
3.230720000000000401e-04,-7.720219999999999860e-03,-1.291824000000000097e-02
3.231360000000000178e-04,1.209500000000000020e-01,-5.167299999999999671e-03
3.231999999999999955e-04,1.389640000000000042e-01,-1.550189999999999901e-02
3.232640000000000275e-04,1.415374000000000076e-01,-1.291824000000000097e-02
3.233280000000000052e-04,1.286702000000000123e-01,-1.291824000000000097e-02
3.233920000000000371e-04,1.260968000000000089e-01,-7.750940000000000434e-03
3.234560000000000148e-04,1.158031999999999950e-01,-1.291824000000000097e-02
3.235200000000000467e-04,1.209500000000000020e-01,-7.750940000000000434e-03
3.235840000000000244e-04,1.260968000000000089e-01,-1.033459999999999934e-02
3.236480000000000021e-04,1.286702000000000123e-01,-1.291824000000000097e-02
3.237120000000000340e-04,1.209500000000000020e-01,-1.033459999999999934e-02
3.237760000000000117e-04,1.158031999999999950e-01,-1.550189999999999901e-02
3.238400000000000436e-04,1.338169999999999915e-01,-1.033459999999999934e-02
3.239040000000000213e-04,1.209500000000000020e-01,-1.033459999999999934e-02
3.239679999999999990e-04,1.183765999999999985e-01,-5.167299999999999671e-03
3.240320000000000309e-04,1.132297999999999916e-01,-1.291824000000000097e-02
3.240960000000000086e-04,1.132297999999999916e-01,-1.033459999999999934e-02
3.241600000000000406e-04,1.132297999999999916e-01,-1.033459999999999934e-02
3.242240000000000183e-04,1.106564000000000020e-01,-1.033459999999999934e-02
3.242879999999999960e-04,1.132297999999999916e-01,-1.033459999999999934e-02
3.243520000000000279e-04,1.132297999999999916e-01,-1.550189999999999901e-02
3.244160000000000056e-04,1.132297999999999916e-01,-1.291824000000000097e-02
3.244800000000000375e-04,1.106564000000000020e-01,-1.550189999999999901e-02
3.245440000000000152e-04,1.183765999999999985e-01,-7.750940000000000434e-03
3.246080000000000471e-04,1.132297999999999916e-01,-7.750940000000000434e-03
3.246720000000000248e-04,1.132297999999999916e-01,-7.750940000000000434e-03
3.247360000000000025e-04,1.029362000000000055e-01,-1.550189999999999901e-02
3.248000000000000344e-04,1.132297999999999916e-01,-1.033459999999999934e-02
3.248640000000000121e-04,1.132297999999999916e-01,-1.550189999999999901e-02
3.249280000000000440e-04,1.158031999999999950e-01,-1.033459999999999934e-02
3.249920000000000217e-04,1.055095999999999951e-01,-5.167299999999999671e-03
3.250559999999999995e-04,1.106564000000000020e-01,-1.033459999999999934e-02
3.251200000000000314e-04,1.106564000000000020e-01,-5.167299999999999671e-03
3.251840000000000091e-04,1.106564000000000020e-01,-1.808554000000000064e-02
3.252480000000000410e-04,1.183765999999999985e-01,-1.550189999999999901e-02
3.253120000000000187e-04,1.132297999999999916e-01,-7.750940000000000434e-03
3.253759999999999964e-04,1.106564000000000020e-01,-1.033459999999999934e-02
3.254400000000000283e-04,1.080829999999999985e-01,-1.291824000000000097e-02
3.255040000000000060e-04,1.183765999999999985e-01,-7.750940000000000434e-03
3.255680000000000379e-04,1.183765999999999985e-01,-1.550189999999999901e-02
3.256320000000000156e-04,1.055095999999999951e-01,-5.167299999999999671e-03
3.256959999999999933e-04,1.132297999999999916e-01,-7.750940000000000434e-03
3.257600000000000252e-04,1.132297999999999916e-01,-1.291824000000000097e-02
3.258240000000000029e-04,1.080829999999999985e-01,-1.291824000000000097e-02
3.258880000000000349e-04,1.106564000000000020e-01,-1.550189999999999901e-02
3.259520000000000126e-04,1.080829999999999985e-01,-5.167299999999999671e-03
3.260160000000000445e-04,1.106564000000000020e-01,-5.167299999999999671e-03
3.260800000000000222e-04,1.080829999999999985e-01,-1.808554000000000064e-02
3.261439999999999999e-04,1.055095999999999951e-01,-1.033459999999999934e-02
3.262080000000000318e-04,1.106564000000000020e-01,-7.750940000000000434e-03
3.262720000000000095e-04,1.055095999999999951e-01,-1.291824000000000097e-02
3.263360000000000414e-04,1.080829999999999985e-01,0.000000000000000000e+00
3.264000000000000191e-04,1.003628000000000020e-01,-7.750940000000000434e-03
3.264639999999999968e-04,1.029362000000000055e-01,-1.291824000000000097e-02
3.265280000000000287e-04,1.106564000000000020e-01,-1.550189999999999901e-02
3.265920000000000064e-04,1.029362000000000055e-01,-5.167299999999999671e-03
3.266560000000000383e-04,1.003628000000000020e-01,-1.291824000000000097e-02
3.267200000000000160e-04,1.106564000000000020e-01,-5.167299999999999671e-03
3.267839999999999938e-04,1.132297999999999916e-01,-1.033459999999999934e-02
3.268480000000000257e-04,1.055095999999999951e-01,-1.033459999999999934e-02
3.269120000000000034e-04,1.106564000000000020e-01,-2.066919999999999868e-02
3.269760000000000353e-04,1.029362000000000055e-01,-1.550189999999999901e-02
3.270400000000000130e-04,1.080829999999999985e-01,-1.550189999999999901e-02
3.271040000000000449e-04,1.003628000000000020e-01,-1.033459999999999934e-02
3.271680000000000226e-04,1.055095999999999951e-01,-1.291824000000000097e-02
3.272320000000000003e-04,1.003628000000000020e-01,-1.291824000000000097e-02
3.272960000000000322e-04,1.055095999999999951e-01,-1.291824000000000097e-02
3.273600000000000099e-04,9.778939999999999855e-02,-1.033459999999999934e-02
3.274240000000000418e-04,1.055095999999999951e-01,-1.291824000000000097e-02
3.274880000000000195e-04,1.055095999999999951e-01,-1.033459999999999934e-02
3.275519999999999972e-04,1.029362000000000055e-01,-1.550189999999999901e-02
3.276160000000000292e-04,1.003628000000000020e-01,-1.033459999999999934e-02
3.276800000000000069e-04,1.080829999999999985e-01,-1.550189999999999901e-02
3.277440000000000388e-04,1.055095999999999951e-01,-1.808554000000000064e-02
3.278080000000000165e-04,9.778939999999999855e-02,-7.750940000000000434e-03
3.278719999999999942e-04,1.003628000000000020e-01,-1.033459999999999934e-02
3.279360000000000261e-04,9.778939999999999855e-02,-1.033459999999999934e-02
3.280000000000000038e-04,1.003628000000000020e-01,-1.550189999999999901e-02
3.280640000000000357e-04,1.029362000000000055e-01,-2.583640000000000329e-03
3.281280000000000134e-04,1.080829999999999985e-01,-5.167299999999999671e-03
3.281920000000000453e-04,1.029362000000000055e-01,-1.291824000000000097e-02
3.282560000000000230e-04,1.080829999999999985e-01,-1.033459999999999934e-02
3.283200000000000007e-04,1.003628000000000020e-01,-1.550189999999999901e-02
3.283840000000000326e-04,1.029362000000000055e-01,-1.291824000000000097e-02
3.284480000000000103e-04,1.055095999999999951e-01,-1.033459999999999934e-02
3.285120000000000423e-04,1.029362000000000055e-01,-1.033459999999999934e-02
3.285760000000000200e-04,1.029362000000000055e-01,-1.550189999999999901e-02
3.286399999999999977e-04,9.778939999999999855e-02,-1.808554000000000064e-02
3.287040000000000296e-04,9.778939999999999855e-02,-1.291824000000000097e-02
3.287680000000000073e-04,1.003628000000000020e-01,-1.291824000000000097e-02
3.288320000000000392e-04,1.080829999999999985e-01,-1.550189999999999901e-02
3.288960000000000169e-04,1.003628000000000020e-01,-1.033459999999999934e-02
3.289599999999999946e-04,1.029362000000000055e-01,-1.550189999999999901e-02
3.290240000000000265e-04,9.778939999999999855e-02,-2.325279999999999708e-02
3.290880000000000042e-04,9.778939999999999855e-02,-1.033459999999999934e-02
3.291520000000000361e-04,1.080829999999999985e-01,-7.750940000000000434e-03
3.292160000000000138e-04,1.003628000000000020e-01,-1.291824000000000097e-02
3.292800000000000457e-04,9.521599999999999508e-02,-5.167299999999999671e-03
3.293440000000000235e-04,9.778939999999999855e-02,-1.808554000000000064e-02
3.294080000000000012e-04,9.521599999999999508e-02,-1.033459999999999934e-02
3.294720000000000331e-04,1.003628000000000020e-01,-1.550189999999999901e-02
3.295360000000000108e-04,1.029362000000000055e-01,-1.550189999999999901e-02
3.296000000000000427e-04,1.029362000000000055e-01,-5.167299999999999671e-03
3.296640000000000204e-04,9.521599999999999508e-02,-7.750940000000000434e-03
3.297279999999999981e-04,1.029362000000000055e-01,-1.291824000000000097e-02
3.297920000000000300e-04,1.003628000000000020e-01,-1.033459999999999934e-02
3.298560000000000077e-04,1.029362000000000055e-01,-1.033459999999999934e-02
3.299200000000000396e-04,9.264259999999999162e-02,-1.808554000000000064e-02
3.299840000000000173e-04,1.029362000000000055e-01,-2.066919999999999868e-02
3.300479999999999950e-04,1.029362000000000055e-01,-1.808554000000000064e-02
3.301120000000000269e-04,1.003628000000000020e-01,-1.550189999999999901e-02
3.301760000000000046e-04,8.749579999999999858e-02,-1.550189999999999901e-02
3.302400000000000366e-04,1.029362000000000055e-01,-1.291824000000000097e-02
3.303040000000000143e-04,9.264259999999999162e-02,-1.550189999999999901e-02
3.303680000000000462e-04,9.521599999999999508e-02,-1.550189999999999901e-02
3.304320000000000239e-04,1.080829999999999985e-01,-7.750940000000000434e-03
3.304960000000000016e-04,8.749579999999999858e-02,-1.808554000000000064e-02
3.305600000000000335e-04,9.264259999999999162e-02,-1.291824000000000097e-02
3.306240000000000112e-04,9.778939999999999855e-02,-1.550189999999999901e-02
3.306880000000000431e-04,9.778939999999999855e-02,-1.808554000000000064e-02
3.307520000000000208e-04,9.521599999999999508e-02,-1.291824000000000097e-02
3.308159999999999985e-04,1.003628000000000020e-01,-1.808554000000000064e-02
3.308800000000000304e-04,9.778939999999999855e-02,-1.550189999999999901e-02
3.309440000000000081e-04,1.029362000000000055e-01,-1.033459999999999934e-02
3.310080000000000400e-04,9.521599999999999508e-02,-1.033459999999999934e-02
3.310720000000000177e-04,1.055095999999999951e-01,-1.291824000000000097e-02
3.311359999999999955e-04,9.521599999999999508e-02,-1.550189999999999901e-02
3.312000000000000274e-04,9.264259999999999162e-02,-1.808554000000000064e-02
3.312640000000000051e-04,1.003628000000000020e-01,-1.550189999999999901e-02
3.313280000000000370e-04,9.778939999999999855e-02,-1.033459999999999934e-02
3.313920000000000147e-04,9.521599999999999508e-02,-1.808554000000000064e-02
3.314560000000000466e-04,1.003628000000000020e-01,-1.033459999999999934e-02
3.315200000000000243e-04,1.003628000000000020e-01,-1.291824000000000097e-02
3.315840000000000020e-04,9.264259999999999162e-02,-1.808554000000000064e-02
3.316480000000000339e-04,1.003628000000000020e-01,-7.750940000000000434e-03
3.317120000000000116e-04,9.264259999999999162e-02,-1.808554000000000064e-02
3.317760000000000435e-04,1.080829999999999985e-01,-1.808554000000000064e-02
3.318400000000000212e-04,9.006920000000000204e-02,-1.033459999999999934e-02
3.319039999999999989e-04,8.749579999999999858e-02,-1.550189999999999901e-02
3.319680000000000309e-04,9.778939999999999855e-02,-2.066919999999999868e-02
3.320320000000000086e-04,9.778939999999999855e-02,-1.291824000000000097e-02
3.320960000000000405e-04,9.778939999999999855e-02,-1.550189999999999901e-02
3.321600000000000182e-04,1.055095999999999951e-01,-1.033459999999999934e-02
3.322239999999999959e-04,9.264259999999999162e-02,-1.291824000000000097e-02
3.322880000000000278e-04,9.778939999999999855e-02,-1.291824000000000097e-02
3.323520000000000055e-04,9.264259999999999162e-02,-1.291824000000000097e-02
3.324160000000000374e-04,9.264259999999999162e-02,-1.033459999999999934e-02
3.324800000000000151e-04,9.006920000000000204e-02,-7.750940000000000434e-03
3.325440000000000470e-04,9.006920000000000204e-02,-1.808554000000000064e-02
3.326080000000000247e-04,9.264259999999999162e-02,-1.550189999999999901e-02
3.326720000000000024e-04,9.521599999999999508e-02,-1.808554000000000064e-02
3.327360000000000343e-04,9.521599999999999508e-02,-1.291824000000000097e-02
3.328000000000000120e-04,9.264259999999999162e-02,-1.808554000000000064e-02
3.328640000000000440e-04,9.521599999999999508e-02,-1.808554000000000064e-02
3.329280000000000217e-04,1.003628000000000020e-01,-1.291824000000000097e-02
3.329919999999999994e-04,9.521599999999999508e-02,-1.808554000000000064e-02
3.330560000000000313e-04,9.006920000000000204e-02,-1.291824000000000097e-02
3.331200000000000090e-04,9.778939999999999855e-02,-1.808554000000000064e-02
3.331840000000000409e-04,9.264259999999999162e-02,-1.033459999999999934e-02
3.332480000000000186e-04,9.521599999999999508e-02,-1.291824000000000097e-02
3.333119999999999963e-04,9.264259999999999162e-02,-1.550189999999999901e-02
3.333760000000000282e-04,8.749579999999999858e-02,-1.550189999999999901e-02
3.334400000000000059e-04,9.006920000000000204e-02,-1.808554000000000064e-02
3.335040000000000378e-04,9.521599999999999508e-02,-2.066919999999999868e-02
3.335680000000000155e-04,9.521599999999999508e-02,-2.066919999999999868e-02
3.336320000000000474e-04,9.521599999999999508e-02,-1.291824000000000097e-02
3.336960000000000252e-04,9.264259999999999162e-02,-2.066919999999999868e-02
3.337600000000000029e-04,8.749579999999999858e-02,-2.325279999999999708e-02
3.338240000000000348e-04,9.264259999999999162e-02,-1.291824000000000097e-02
3.338880000000000125e-04,8.749579999999999858e-02,-1.808554000000000064e-02
3.339520000000000444e-04,8.749579999999999858e-02,-2.066919999999999868e-02
3.340160000000000221e-04,9.264259999999999162e-02,-1.033459999999999934e-02
3.340799999999999998e-04,9.006920000000000204e-02,-1.550189999999999901e-02
3.341440000000000317e-04,8.749579999999999858e-02,-1.550189999999999901e-02
3.342080000000000094e-04,9.006920000000000204e-02,-1.808554000000000064e-02
3.342720000000000413e-04,9.006920000000000204e-02,-1.033459999999999934e-02
3.343360000000000190e-04,8.749579999999999858e-02,-5.167299999999999671e-03
3.343999999999999967e-04,9.006920000000000204e-02,-1.550189999999999901e-02
3.344640000000000286e-04,9.264259999999999162e-02,-1.808554000000000064e-02
3.345280000000000063e-04,9.264259999999999162e-02,-1.550189999999999901e-02
3.345920000000000383e-04,8.492239999999999511e-02,-1.291824000000000097e-02
3.346560000000000160e-04,9.006920000000000204e-02,-2.066919999999999868e-02
3.347200000000000479e-04,9.264259999999999162e-02,-1.550189999999999901e-02
3.347840000000000256e-04,9.006920000000000204e-02,-1.291824000000000097e-02
3.348480000000000033e-04,8.492239999999999511e-02,-1.550189999999999901e-02
3.349120000000000352e-04,9.006920000000000204e-02,-1.291824000000000097e-02
3.349760000000000129e-04,8.749579999999999858e-02,-1.291824000000000097e-02
3.350400000000000448e-04,8.492239999999999511e-02,-1.550189999999999901e-02
3.351040000000000225e-04,9.521599999999999508e-02,-1.291824000000000097e-02
3.351680000000000002e-04,8.749579999999999858e-02,-2.066919999999999868e-02
3.352320000000000321e-04,7.977560000000000207e-02,-1.033459999999999934e-02
3.352960000000000098e-04,9.006920000000000204e-02,-1.808554000000000064e-02
3.353600000000000417e-04,8.749579999999999858e-02,-1.291824000000000097e-02
3.354240000000000194e-04,8.234900000000000553e-02,-1.550189999999999901e-02
3.354879999999999972e-04,9.006920000000000204e-02,-1.291824000000000097e-02
3.355520000000000291e-04,8.749579999999999858e-02,-1.291824000000000097e-02
3.356160000000000068e-04,8.492239999999999511e-02,-1.808554000000000064e-02
3.356800000000000387e-04,9.778939999999999855e-02,-1.291824000000000097e-02
3.357440000000000164e-04,8.749579999999999858e-02,-1.033459999999999934e-02
3.358079999999999941e-04,8.749579999999999858e-02,-1.550189999999999901e-02
3.358720000000000260e-04,9.264259999999999162e-02,-1.808554000000000064e-02
3.359360000000000037e-04,9.521599999999999508e-02,-2.066919999999999868e-02
3.360000000000000356e-04,9.521599999999999508e-02,-1.033459999999999934e-02
3.360640000000000133e-04,9.521599999999999508e-02,-2.066919999999999868e-02
3.361280000000000452e-04,8.749579999999999858e-02,-7.750940000000000434e-03
3.361920000000000229e-04,9.006920000000000204e-02,-1.550189999999999901e-02
3.362560000000000006e-04,9.006920000000000204e-02,-1.550189999999999901e-02
3.363200000000000326e-04,9.521599999999999508e-02,-7.750940000000000434e-03
3.363840000000000103e-04,8.749579999999999858e-02,-1.808554000000000064e-02
3.364480000000000422e-04,8.234900000000000553e-02,-5.167299999999999671e-03
3.365120000000000199e-04,9.264259999999999162e-02,-1.550189999999999901e-02
3.365759999999999976e-04,8.234900000000000553e-02,-1.550189999999999901e-02
3.366400000000000295e-04,9.264259999999999162e-02,-1.291824000000000097e-02
3.367040000000000072e-04,9.264259999999999162e-02,-2.066919999999999868e-02
3.367680000000000391e-04,8.234900000000000553e-02,-1.291824000000000097e-02
3.368320000000000168e-04,9.006920000000000204e-02,-1.291824000000000097e-02
3.368959999999999945e-04,8.749579999999999858e-02,-2.325279999999999708e-02
3.369600000000000264e-04,9.264259999999999162e-02,-1.291824000000000097e-02
3.370240000000000041e-04,9.264259999999999162e-02,-1.291824000000000097e-02
3.370880000000000360e-04,9.521599999999999508e-02,-1.550189999999999901e-02
3.371520000000000137e-04,9.264259999999999162e-02,-5.167299999999999671e-03
3.372160000000000457e-04,9.264259999999999162e-02,-1.550189999999999901e-02
3.372800000000000234e-04,9.521599999999999508e-02,-1.550189999999999901e-02
3.373440000000000011e-04,8.492239999999999511e-02,-1.291824000000000097e-02
3.374080000000000330e-04,8.234900000000000553e-02,-1.808554000000000064e-02
3.374720000000000107e-04,9.264259999999999162e-02,-1.550189999999999901e-02
3.375360000000000426e-04,9.264259999999999162e-02,-1.291824000000000097e-02
3.376000000000000203e-04,9.778939999999999855e-02,-1.033459999999999934e-02
3.376639999999999980e-04,9.778939999999999855e-02,-1.550189999999999901e-02
3.377280000000000299e-04,9.264259999999999162e-02,-1.291824000000000097e-02
3.377920000000000076e-04,9.264259999999999162e-02,-5.167299999999999671e-03
3.378560000000000395e-04,9.264259999999999162e-02,-1.550189999999999901e-02
3.379200000000000172e-04,9.521599999999999508e-02,-1.033459999999999934e-02
3.379839999999999949e-04,8.749579999999999858e-02,-1.808554000000000064e-02
3.380480000000000269e-04,8.749579999999999858e-02,-1.550189999999999901e-02
3.381120000000000046e-04,9.006920000000000204e-02,-1.291824000000000097e-02
3.381760000000000365e-04,9.264259999999999162e-02,-1.033459999999999934e-02
3.382400000000000142e-04,8.749579999999999858e-02,-1.808554000000000064e-02
3.383040000000000461e-04,9.006920000000000204e-02,-1.550189999999999901e-02
3.383680000000000238e-04,8.492239999999999511e-02,-1.291824000000000097e-02
3.384320000000000015e-04,8.492239999999999511e-02,-1.033459999999999934e-02
3.384960000000000334e-04,8.234900000000000553e-02,-1.808554000000000064e-02
3.385600000000000111e-04,9.006920000000000204e-02,-1.033459999999999934e-02
3.386240000000000430e-04,9.264259999999999162e-02,-2.325279999999999708e-02
3.386880000000000207e-04,9.521599999999999508e-02,-1.291824000000000097e-02
3.387519999999999984e-04,8.749579999999999858e-02,-2.325279999999999708e-02
3.388160000000000303e-04,8.492239999999999511e-02,-1.291824000000000097e-02
3.388800000000000080e-04,9.264259999999999162e-02,0.000000000000000000e+00
3.389440000000000400e-04,9.006920000000000204e-02,-1.291824000000000097e-02
3.390080000000000177e-04,8.234900000000000553e-02,-2.066919999999999868e-02
3.390719999999999954e-04,9.778939999999999855e-02,-1.808554000000000064e-02
3.391360000000000273e-04,9.006920000000000204e-02,-7.750940000000000434e-03
3.392000000000000050e-04,9.006920000000000204e-02,-1.033459999999999934e-02
3.392640000000000369e-04,9.264259999999999162e-02,-1.291824000000000097e-02
3.393280000000000146e-04,9.006920000000000204e-02,-1.033459999999999934e-02
3.393920000000000465e-04,9.264259999999999162e-02,-1.291824000000000097e-02
3.394560000000000242e-04,9.264259999999999162e-02,-1.550189999999999901e-02
3.395200000000000019e-04,8.749579999999999858e-02,-7.750940000000000434e-03
3.395840000000000338e-04,8.492239999999999511e-02,-7.750940000000000434e-03
3.396480000000000115e-04,8.749579999999999858e-02,-7.750940000000000434e-03
3.397120000000000434e-04,9.006920000000000204e-02,-1.033459999999999934e-02
3.397760000000000211e-04,9.006920000000000204e-02,-5.167299999999999671e-03
3.398399999999999989e-04,8.749579999999999858e-02,-5.167299999999999671e-03
3.399040000000000308e-04,9.778939999999999855e-02,-1.033459999999999934e-02
3.399680000000000085e-04,7.977560000000000207e-02,-1.291824000000000097e-02
3.400320000000000404e-04,9.006920000000000204e-02,-1.033459999999999934e-02
3.400960000000000181e-04,9.006920000000000204e-02,-1.033459999999999934e-02
3.401599999999999958e-04,8.749579999999999858e-02,-5.167299999999999671e-03
3.402240000000000277e-04,9.521599999999999508e-02,-2.583640000000000329e-03
3.402880000000000054e-04,8.234900000000000553e-02,-1.033459999999999934e-02
3.403520000000000373e-04,9.006920000000000204e-02,-1.808554000000000064e-02
3.404160000000000150e-04,8.492239999999999511e-02,-1.033459999999999934e-02
3.404800000000000469e-04,8.492239999999999511e-02,-1.033459999999999934e-02
3.405440000000000246e-04,8.492239999999999511e-02,-7.750940000000000434e-03
3.406080000000000023e-04,8.234900000000000553e-02,-7.750940000000000434e-03
3.406720000000000343e-04,9.006920000000000204e-02,-1.291824000000000097e-02
3.407360000000000120e-04,9.521599999999999508e-02,-5.167299999999999671e-03
3.408000000000000439e-04,8.749579999999999858e-02,-1.550189999999999901e-02
3.408640000000000216e-04,9.778939999999999855e-02,-1.033459999999999934e-02
3.409279999999999993e-04,8.749579999999999858e-02,-1.033459999999999934e-02
3.409920000000000312e-04,7.720219999999999860e-02,-1.291824000000000097e-02
3.410560000000000089e-04,9.264259999999999162e-02,-1.033459999999999934e-02
3.411200000000000408e-04,8.234900000000000553e-02,-1.291824000000000097e-02
3.411840000000000185e-04,8.492239999999999511e-02,-1.291824000000000097e-02
3.412479999999999962e-04,8.749579999999999858e-02,-1.550189999999999901e-02
3.413120000000000281e-04,8.749579999999999858e-02,-1.291824000000000097e-02
3.413760000000000058e-04,8.749579999999999858e-02,-1.808554000000000064e-02
3.414400000000000377e-04,8.749579999999999858e-02,-1.033459999999999934e-02
3.415040000000000154e-04,8.749579999999999858e-02,0.000000000000000000e+00
3.415680000000000474e-04,8.492239999999999511e-02,-7.750940000000000434e-03
3.416320000000000251e-04,8.492239999999999511e-02,-7.750940000000000434e-03
3.416960000000000028e-04,8.492239999999999511e-02,-1.033459999999999934e-02
3.417600000000000347e-04,8.492239999999999511e-02,-5.167299999999999671e-03
3.418240000000000124e-04,9.006920000000000204e-02,-1.291824000000000097e-02
3.418880000000000443e-04,9.521599999999999508e-02,-7.750940000000000434e-03
3.419520000000000220e-04,8.492239999999999511e-02,-1.550189999999999901e-02
3.420159999999999997e-04,8.492239999999999511e-02,-1.291824000000000097e-02
3.420800000000000316e-04,8.749579999999999858e-02,-2.066919999999999868e-02
3.421440000000000093e-04,9.006920000000000204e-02,-1.291824000000000097e-02
3.422080000000000412e-04,8.492239999999999511e-02,-1.033459999999999934e-02
3.422720000000000189e-04,9.006920000000000204e-02,-1.033459999999999934e-02
3.423359999999999966e-04,8.749579999999999858e-02,-1.808554000000000064e-02
3.424000000000000286e-04,8.749579999999999858e-02,-7.750940000000000434e-03
3.424640000000000063e-04,8.749579999999999858e-02,-7.750940000000000434e-03
3.425280000000000382e-04,9.006920000000000204e-02,-1.291824000000000097e-02
3.425920000000000159e-04,9.006920000000000204e-02,-7.750940000000000434e-03
3.426560000000000478e-04,8.234900000000000553e-02,-1.291824000000000097e-02
3.427200000000000255e-04,9.521599999999999508e-02,-5.167299999999999671e-03
3.427840000000000032e-04,8.492239999999999511e-02,-5.167299999999999671e-03
3.428480000000000351e-04,9.006920000000000204e-02,-1.550189999999999901e-02
3.429120000000000128e-04,8.234900000000000553e-02,-1.033459999999999934e-02
3.429760000000000447e-04,7.977560000000000207e-02,-1.291824000000000097e-02
3.430400000000000224e-04,9.264259999999999162e-02,-1.291824000000000097e-02
3.431040000000000001e-04,7.977560000000000207e-02,-1.291824000000000097e-02
3.431680000000000320e-04,8.749579999999999858e-02,-2.583640000000000329e-03
3.432320000000000097e-04,8.749579999999999858e-02,-1.291824000000000097e-02
3.432960000000000417e-04,7.462879999999999514e-02,-5.167299999999999671e-03
3.433600000000000194e-04,9.264259999999999162e-02,-1.291824000000000097e-02
3.434239999999999971e-04,8.492239999999999511e-02,-7.750940000000000434e-03
3.434880000000000290e-04,8.234900000000000553e-02,-1.550189999999999901e-02
3.435520000000000067e-04,8.492239999999999511e-02,-5.167299999999999671e-03
3.436160000000000386e-04,8.492239999999999511e-02,-1.550189999999999901e-02
3.436800000000000163e-04,8.749579999999999858e-02,-7.750940000000000434e-03
3.437440000000000482e-04,9.006920000000000204e-02,-7.750940000000000434e-03
3.438080000000000259e-04,8.492239999999999511e-02,-1.550189999999999901e-02
3.438720000000000036e-04,8.492239999999999511e-02,-1.033459999999999934e-02
3.439360000000000355e-04,8.234900000000000553e-02,-1.291824000000000097e-02
3.440000000000000132e-04,7.720219999999999860e-02,-7.750940000000000434e-03
3.440640000000000451e-04,8.234900000000000553e-02,-1.291824000000000097e-02
3.441280000000000228e-04,8.234900000000000553e-02,-1.033459999999999934e-02
3.441920000000000006e-04,8.234900000000000553e-02,-1.291824000000000097e-02
3.442560000000000325e-04,8.492239999999999511e-02,-1.291824000000000097e-02
3.443200000000000102e-04,9.006920000000000204e-02,-1.033459999999999934e-02
3.443840000000000421e-04,8.492239999999999511e-02,-1.033459999999999934e-02
3.444480000000000198e-04,8.234900000000000553e-02,-7.750940000000000434e-03
3.445119999999999975e-04,8.234900000000000553e-02,-1.291824000000000097e-02
3.445760000000000294e-04,7.977560000000000207e-02,-1.033459999999999934e-02
3.446400000000000071e-04,8.234900000000000553e-02,0.000000000000000000e+00
3.447040000000000390e-04,7.977560000000000207e-02,-1.291824000000000097e-02
3.447680000000000167e-04,7.720219999999999860e-02,-7.750940000000000434e-03
3.448319999999999944e-04,8.492239999999999511e-02,-1.550189999999999901e-02
3.448960000000000263e-04,7.720219999999999860e-02,-7.750940000000000434e-03
3.449600000000000040e-04,7.977560000000000207e-02,-1.033459999999999934e-02
3.450240000000000360e-04,8.492239999999999511e-02,-1.291824000000000097e-02
3.450880000000000137e-04,8.234900000000000553e-02,-1.033459999999999934e-02
3.451520000000000456e-04,8.234900000000000553e-02,-1.550189999999999901e-02
3.452160000000000233e-04,7.720219999999999860e-02,-1.033459999999999934e-02
3.452800000000000010e-04,7.720219999999999860e-02,-1.291824000000000097e-02
3.453440000000000329e-04,7.977560000000000207e-02,-7.750940000000000434e-03
3.454080000000000106e-04,7.462879999999999514e-02,-1.291824000000000097e-02
3.454720000000000425e-04,8.749579999999999858e-02,-1.291824000000000097e-02
3.455360000000000202e-04,7.977560000000000207e-02,-1.808554000000000064e-02
3.455999999999999979e-04,7.462879999999999514e-02,-2.583640000000000329e-03
3.456640000000000298e-04,7.977560000000000207e-02,-1.291824000000000097e-02
3.457280000000000075e-04,8.492239999999999511e-02,-1.033459999999999934e-02
3.457920000000000394e-04,8.492239999999999511e-02,-1.033459999999999934e-02
3.458560000000000171e-04,7.977560000000000207e-02,-1.033459999999999934e-02
3.459199999999999948e-04,8.749579999999999858e-02,-1.033459999999999934e-02
3.459840000000000268e-04,7.977560000000000207e-02,-1.550189999999999901e-02
3.460480000000000045e-04,7.720219999999999860e-02,-5.167299999999999671e-03
3.461120000000000364e-04,8.749579999999999858e-02,-7.750940000000000434e-03
3.461760000000000141e-04,8.492239999999999511e-02,-1.808554000000000064e-02
3.462400000000000460e-04,7.462879999999999514e-02,-1.291824000000000097e-02
3.463040000000000237e-04,7.205539999999999168e-02,-1.291824000000000097e-02
3.463680000000000014e-04,8.234900000000000553e-02,-1.291824000000000097e-02
3.464320000000000333e-04,7.720219999999999860e-02,-1.808554000000000064e-02
3.464960000000000110e-04,8.492239999999999511e-02,-7.750940000000000434e-03
3.465600000000000429e-04,7.462879999999999514e-02,-1.808554000000000064e-02
3.466240000000000206e-04,7.720219999999999860e-02,-1.291824000000000097e-02
3.466879999999999983e-04,7.977560000000000207e-02,-7.750940000000000434e-03
3.467520000000000303e-04,7.977560000000000207e-02,-1.291824000000000097e-02
3.468160000000000080e-04,7.462879999999999514e-02,-1.808554000000000064e-02
3.468800000000000399e-04,7.977560000000000207e-02,-1.550189999999999901e-02
3.469440000000000176e-04,8.492239999999999511e-02,-1.291824000000000097e-02
3.470079999999999953e-04,8.234900000000000553e-02,-1.550189999999999901e-02
3.470720000000000272e-04,7.720219999999999860e-02,-1.033459999999999934e-02
3.471360000000000049e-04,9.006920000000000204e-02,-1.291824000000000097e-02
3.472000000000000368e-04,7.720219999999999860e-02,-1.550189999999999901e-02
3.472640000000000145e-04,7.205539999999999168e-02,-7.750940000000000434e-03
3.473280000000000464e-04,7.462879999999999514e-02,-1.550189999999999901e-02
3.473920000000000241e-04,8.749579999999999858e-02,-1.291824000000000097e-02
3.474560000000000018e-04,8.749579999999999858e-02,-1.550189999999999901e-02
3.475200000000000337e-04,7.462879999999999514e-02,-1.033459999999999934e-02
3.475840000000000114e-04,8.234900000000000553e-02,-1.291824000000000097e-02
3.476480000000000434e-04,8.234900000000000553e-02,-7.750940000000000434e-03
3.477120000000000211e-04,6.948200000000000209e-02,-1.291824000000000097e-02
3.477759999999999988e-04,7.977560000000000207e-02,-1.550189999999999901e-02
3.478400000000000307e-04,7.720219999999999860e-02,-1.291824000000000097e-02
3.479040000000000084e-04,7.977560000000000207e-02,-1.550189999999999901e-02
3.479680000000000403e-04,7.462879999999999514e-02,-1.550189999999999901e-02
3.480320000000000180e-04,7.205539999999999168e-02,-1.033459999999999934e-02
3.480959999999999957e-04,7.205539999999999168e-02,-2.066919999999999868e-02
3.481600000000000276e-04,7.977560000000000207e-02,-1.808554000000000064e-02
3.482240000000000053e-04,7.720219999999999860e-02,-1.033459999999999934e-02
3.482880000000000372e-04,7.462879999999999514e-02,-7.750940000000000434e-03
3.483520000000000149e-04,7.720219999999999860e-02,-1.808554000000000064e-02
3.484160000000000468e-04,7.205539999999999168e-02,-2.583640000000000329e-03
3.484800000000000245e-04,8.234900000000000553e-02,-7.750940000000000434e-03
3.485440000000000023e-04,7.205539999999999168e-02,-1.291824000000000097e-02
3.486080000000000342e-04,8.492239999999999511e-02,-1.033459999999999934e-02
3.486720000000000119e-04,7.205539999999999168e-02,-2.583640000000000329e-03
3.487360000000000438e-04,7.205539999999999168e-02,-1.291824000000000097e-02
3.488000000000000215e-04,8.234900000000000553e-02,-1.550189999999999901e-02
3.488639999999999992e-04,7.462879999999999514e-02,-1.291824000000000097e-02
3.489280000000000311e-04,7.462879999999999514e-02,-1.033459999999999934e-02
3.489920000000000088e-04,7.720219999999999860e-02,-7.750940000000000434e-03
3.490560000000000407e-04,6.690859999999999863e-02,-1.033459999999999934e-02
3.491200000000000184e-04,7.720219999999999860e-02,-7.750940000000000434e-03
3.491839999999999961e-04,7.205539999999999168e-02,-1.033459999999999934e-02
3.492480000000000280e-04,7.462879999999999514e-02,-7.750940000000000434e-03
3.493120000000000057e-04,7.462879999999999514e-02,-1.550189999999999901e-02
3.493760000000000377e-04,7.205539999999999168e-02,-1.550189999999999901e-02
3.494400000000000154e-04,6.690859999999999863e-02,-1.033459999999999934e-02
3.495040000000000473e-04,7.205539999999999168e-02,-7.750940000000000434e-03
3.495680000000000250e-04,7.720219999999999860e-02,-7.750940000000000434e-03
3.496320000000000027e-04,8.234900000000000553e-02,-1.033459999999999934e-02
3.496960000000000346e-04,7.977560000000000207e-02,-1.033459999999999934e-02
3.497600000000000123e-04,7.977560000000000207e-02,-1.291824000000000097e-02
3.498240000000000442e-04,8.234900000000000553e-02,-7.750940000000000434e-03
3.498880000000000219e-04,7.462879999999999514e-02,-7.750940000000000434e-03
3.499519999999999996e-04,6.948200000000000209e-02,-1.291824000000000097e-02
3.500160000000000315e-04,7.720219999999999860e-02,-5.167299999999999671e-03
3.500800000000000092e-04,7.462879999999999514e-02,-1.808554000000000064e-02
3.501440000000000411e-04,7.462879999999999514e-02,-1.291824000000000097e-02
3.502080000000000188e-04,7.205539999999999168e-02,-1.550189999999999901e-02
3.502719999999999966e-04,7.977560000000000207e-02,-7.750940000000000434e-03
3.503360000000000285e-04,7.462879999999999514e-02,-7.750940000000000434e-03
3.504000000000000062e-04,7.205539999999999168e-02,-1.808554000000000064e-02
3.504640000000000381e-04,7.720219999999999860e-02,-1.291824000000000097e-02
3.505280000000000158e-04,7.205539999999999168e-02,-1.033459999999999934e-02
3.505920000000000477e-04,7.720219999999999860e-02,-1.033459999999999934e-02
3.506560000000000254e-04,7.462879999999999514e-02,-2.066919999999999868e-02
3.507200000000000031e-04,7.205539999999999168e-02,-1.808554000000000064e-02
3.507840000000000350e-04,6.948200000000000209e-02,-1.808554000000000064e-02
3.508480000000000127e-04,7.205539999999999168e-02,-1.808554000000000064e-02
3.509120000000000446e-04,7.977560000000000207e-02,-1.291824000000000097e-02
3.509760000000000223e-04,8.234900000000000553e-02,-1.033459999999999934e-02
3.510400000000000000e-04,7.462879999999999514e-02,-1.808554000000000064e-02
3.511040000000000320e-04,6.176179999999999864e-02,-7.750940000000000434e-03
3.511680000000000097e-04,6.948200000000000209e-02,-1.033459999999999934e-02
3.512320000000000416e-04,7.205539999999999168e-02,-1.033459999999999934e-02
3.512960000000000193e-04,6.690859999999999863e-02,-7.750940000000000434e-03
3.513599999999999970e-04,6.948200000000000209e-02,-1.291824000000000097e-02
3.514240000000000289e-04,7.462879999999999514e-02,-1.291824000000000097e-02
3.514880000000000066e-04,7.205539999999999168e-02,-1.550189999999999901e-02
3.515520000000000385e-04,6.948200000000000209e-02,-7.750940000000000434e-03
3.516160000000000162e-04,7.205539999999999168e-02,-1.291824000000000097e-02
3.516800000000000481e-04,6.948200000000000209e-02,-1.291824000000000097e-02
3.517440000000000258e-04,7.462879999999999514e-02,-1.033459999999999934e-02
3.518080000000000035e-04,6.433519999999999517e-02,-1.291824000000000097e-02
3.518720000000000354e-04,7.462879999999999514e-02,-1.291824000000000097e-02
3.519360000000000131e-04,7.205539999999999168e-02,-2.325279999999999708e-02
3.520000000000000451e-04,7.720219999999999860e-02,-1.291824000000000097e-02
3.520640000000000228e-04,7.462879999999999514e-02,-1.291824000000000097e-02
3.521280000000000005e-04,6.690859999999999863e-02,-1.550189999999999901e-02
3.521920000000000324e-04,7.205539999999999168e-02,-2.066919999999999868e-02
3.522560000000000101e-04,7.205539999999999168e-02,-1.550189999999999901e-02
3.523200000000000420e-04,7.977560000000000207e-02,-1.808554000000000064e-02
3.523840000000000197e-04,6.176179999999999864e-02,-1.291824000000000097e-02
3.524479999999999974e-04,6.948200000000000209e-02,-1.808554000000000064e-02
3.525120000000000293e-04,7.977560000000000207e-02,-1.550189999999999901e-02
3.525760000000000070e-04,6.690859999999999863e-02,-1.550189999999999901e-02
3.526400000000000389e-04,7.205539999999999168e-02,-1.808554000000000064e-02
3.527040000000000166e-04,6.948200000000000209e-02,-1.808554000000000064e-02
3.527680000000000485e-04,7.205539999999999168e-02,-1.033459999999999934e-02
3.528320000000000262e-04,7.462879999999999514e-02,-7.750940000000000434e-03
3.528960000000000040e-04,1.878586000000000145e-01,-1.291824000000000097e-02
3.529600000000000359e-04,3.010880000000000223e-01,-1.291824000000000097e-02
3.530240000000000136e-04,3.010880000000000223e-01,-1.291824000000000097e-02
3.530880000000000455e-04,3.010880000000000223e-01,-1.550189999999999901e-02
3.531520000000000232e-04,3.679959999999999898e-01,-1.291824000000000097e-02
3.532160000000000009e-04,3.963040000000000451e-01,-5.167299999999999671e-03
3.532800000000000328e-04,4.220380000000000242e-01,-1.291824000000000097e-02
3.533440000000000105e-04,3.654240000000000266e-01,-1.291824000000000097e-02
3.534080000000000424e-04,3.551300000000000567e-01,-1.550189999999999901e-02
3.534720000000000201e-04,3.577040000000000219e-01,-1.550189999999999901e-02
3.535359999999999978e-04,3.525559999999999805e-01,-1.550189999999999901e-02
3.536000000000000297e-04,3.499839999999999618e-01,-7.750940000000000434e-03
3.536640000000000074e-04,3.474099999999999966e-01,-1.550189999999999901e-02
3.537280000000000394e-04,3.448360000000000314e-01,-1.291824000000000097e-02
3.537920000000000171e-04,3.396899999999999920e-01,-2.325279999999999708e-02
3.538560000000000490e-04,3.422619999999999552e-01,-1.550189999999999901e-02
3.539200000000000267e-04,3.396899999999999920e-01,-1.808554000000000064e-02
3.539840000000000044e-04,3.293960000000000221e-01,-1.291824000000000097e-02
3.540480000000000363e-04,3.396899999999999920e-01,-1.033459999999999934e-02
3.541120000000000140e-04,3.396899999999999920e-01,-1.291824000000000097e-02
3.541760000000000459e-04,3.345420000000000060e-01,-5.167299999999999671e-03
3.542400000000000236e-04,3.319699999999999873e-01,-7.750940000000000434e-03
3.543040000000000013e-04,3.293960000000000221e-01,-1.291824000000000097e-02
3.543680000000000332e-04,3.345420000000000060e-01,-1.033459999999999934e-02
3.544320000000000109e-04,3.371160000000000267e-01,-1.033459999999999934e-02
3.544960000000000428e-04,3.371160000000000267e-01,-2.066919999999999868e-02
3.545600000000000205e-04,3.319699999999999873e-01,-1.033459999999999934e-02
3.546239999999999983e-04,3.293960000000000221e-01,-1.033459999999999934e-02
3.546880000000000302e-04,3.396899999999999920e-01,-1.033459999999999934e-02
3.547520000000000079e-04,3.396899999999999920e-01,-1.550189999999999901e-02
3.548160000000000398e-04,3.371160000000000267e-01,-5.167299999999999671e-03
3.548800000000000175e-04,3.345420000000000060e-01,-1.808554000000000064e-02
3.549439999999999952e-04,3.422619999999999552e-01,-1.291824000000000097e-02
3.550080000000000271e-04,3.345420000000000060e-01,-7.750940000000000434e-03
3.550720000000000048e-04,3.345420000000000060e-01,-1.291824000000000097e-02
3.551360000000000367e-04,3.319699999999999873e-01,-1.808554000000000064e-02
3.552000000000000144e-04,3.396899999999999920e-01,-1.550189999999999901e-02
3.552640000000000463e-04,3.293960000000000221e-01,-1.291824000000000097e-02
3.553280000000000240e-04,3.371160000000000267e-01,-1.808554000000000064e-02
3.553920000000000017e-04,3.293960000000000221e-01,-2.066919999999999868e-02
3.554560000000000337e-04,3.396899999999999920e-01,-1.808554000000000064e-02
3.555200000000000114e-04,3.396899999999999920e-01,-1.291824000000000097e-02
3.555840000000000433e-04,3.319699999999999873e-01,-1.033459999999999934e-02
3.556480000000000210e-04,3.319699999999999873e-01,-1.550189999999999901e-02
3.557119999999999987e-04,3.396899999999999920e-01,-2.066919999999999868e-02
3.557760000000000306e-04,3.319699999999999873e-01,-1.291824000000000097e-02
3.558400000000000083e-04,3.499839999999999618e-01,-7.750940000000000434e-03
3.559040000000000402e-04,6.459239999999999426e-01,-1.291824000000000097e-02
3.559680000000000179e-04,6.948199999999999932e-01,-2.066919999999999868e-02
3.560319999999999956e-04,6.484980000000000189e-01,-1.291824000000000097e-02
3.560960000000000275e-04,5.790159999999999751e-01,-1.291824000000000097e-02
3.561600000000000052e-04,5.352679999999999660e-01,-1.033459999999999934e-02
3.562240000000000371e-04,5.146819999999999729e-01,-1.808554000000000064e-02
3.562880000000000148e-04,5.069599999999999662e-01,-2.066919999999999868e-02
3.563520000000000468e-04,4.992400000000000171e-01,-2.066919999999999868e-02
3.564160000000000245e-04,5.018139999999999823e-01,-1.808554000000000064e-02
3.564800000000000022e-04,4.992400000000000171e-01,-1.550189999999999901e-02
3.565440000000000341e-04,4.940939999999999777e-01,-1.808554000000000064e-02
3.566080000000000118e-04,4.915200000000000125e-01,-1.808554000000000064e-02
3.566720000000000437e-04,5.018139999999999823e-01,-2.583640000000000329e-03
3.567360000000000214e-04,5.121080000000000076e-01,-1.550189999999999901e-02
3.567999999999999991e-04,5.249740000000000517e-01,-1.291824000000000097e-02
3.568640000000000310e-04,5.275480000000000169e-01,-5.167299999999999671e-03
3.569280000000000087e-04,5.249740000000000517e-01,-1.033459999999999934e-02
3.569920000000000406e-04,5.249740000000000517e-01,-1.550189999999999901e-02
3.570560000000000183e-04,5.095340000000000424e-01,-2.583639999999999895e-02
3.571199999999999960e-04,5.018139999999999823e-01,-1.291824000000000097e-02
3.571840000000000280e-04,4.940939999999999777e-01,-5.167299999999999671e-03
3.572480000000000057e-04,5.069599999999999662e-01,-1.550189999999999901e-02
3.573120000000000376e-04,5.121080000000000076e-01,-1.550189999999999901e-02
3.573760000000000153e-04,5.172539999999999916e-01,-2.066919999999999868e-02
3.574400000000000472e-04,5.146819999999999729e-01,-2.066919999999999868e-02
3.575040000000000249e-04,5.121080000000000076e-01,-1.808554000000000064e-02
3.575680000000000026e-04,5.224020000000000330e-01,-1.808554000000000064e-02
3.576320000000000345e-04,5.043879999999999475e-01,-1.291824000000000097e-02
3.576960000000000122e-04,5.121080000000000076e-01,-1.808554000000000064e-02
3.577600000000000441e-04,5.121080000000000076e-01,-1.033459999999999934e-02
3.578240000000000218e-04,5.095340000000000424e-01,-1.291824000000000097e-02
3.578879999999999995e-04,5.121080000000000076e-01,-1.550189999999999901e-02
3.579520000000000314e-04,5.121080000000000076e-01,-1.291824000000000097e-02
3.580160000000000091e-04,5.095340000000000424e-01,-1.550189999999999901e-02
3.580800000000000411e-04,5.069599999999999662e-01,-1.550189999999999901e-02
3.581440000000000188e-04,5.146819999999999729e-01,-7.750940000000000434e-03
3.582079999999999965e-04,5.069599999999999662e-01,-1.808554000000000064e-02
3.582720000000000284e-04,5.069599999999999662e-01,-1.550189999999999901e-02
3.583360000000000061e-04,5.069599999999999662e-01,-1.550189999999999901e-02
3.584000000000000380e-04,5.121080000000000076e-01,-1.033459999999999934e-02
3.584640000000000157e-04,5.043879999999999475e-01,-1.033459999999999934e-02
3.585280000000000476e-04,4.966679999999999984e-01,-1.033459999999999934e-02
3.585920000000000253e-04,5.043879999999999475e-01,-1.808554000000000064e-02
3.586560000000000030e-04,5.043879999999999475e-01,-7.750940000000000434e-03
3.587200000000000349e-04,5.069599999999999662e-01,-1.291824000000000097e-02
3.587840000000000126e-04,5.018139999999999823e-01,-1.033459999999999934e-02
3.588480000000000445e-04,2.161659999999999970e-01,-1.291824000000000097e-02
3.589120000000000222e-04,0.000000000000000000e+00,-1.550189999999999901e-02
3.589760000000000000e-04,5.146819999999999867e-03,-1.033459999999999934e-02
3.590400000000000319e-04,0.000000000000000000e+00,-5.167299999999999671e-03
3.591040000000000096e-04,2.573399999999999993e-03,-2.066919999999999868e-02
3.591680000000000415e-04,2.573399999999999993e-03,-1.808554000000000064e-02
3.592320000000000192e-04,5.146819999999999867e-03,-1.291824000000000097e-02
3.592959999999999969e-04,7.720219999999999860e-03,-1.033459999999999934e-02
3.593600000000000288e-04,7.720219999999999860e-03,-1.808554000000000064e-02
3.594240000000000065e-04,2.058719999999999994e-02,-1.291824000000000097e-02
3.594880000000000384e-04,2.316059999999999994e-02,-1.550189999999999901e-02
3.595520000000000161e-04,2.573399999999999993e-02,-1.291824000000000097e-02
3.596160000000000480e-04,2.058719999999999994e-02,-1.550189999999999901e-02
3.596800000000000257e-04,2.316059999999999994e-02,-1.291824000000000097e-02
3.597440000000000034e-04,3.088079999999999992e-02,-1.550189999999999901e-02
3.598080000000000354e-04,3.088079999999999992e-02,-1.033459999999999934e-02
3.598720000000000131e-04,-1.001312000000000069e+01,-2.325279999999999708e-02
3.599360000000000450e-04,-2.083419999999999916e+01,-7.750940000000000434e-03
3.600000000000000227e-04,-2.083419999999999916e+01,-1.550189999999999901e-02
3.600640000000000004e-04,-2.083419999999999916e+01,-1.550189999999999901e-02
3.601280000000000323e-04,-2.083419999999999916e+01,-1.550189999999999901e-02
3.601920000000000100e-04,-2.083419999999999916e+01,-1.808554000000000064e-02
3.602560000000000419e-04,-2.083419999999999916e+01,-1.550189999999999901e-02
3.603200000000000196e-04,-2.083419999999999916e+01,-2.066919999999999868e-02
3.603839999999999973e-04,-2.083419999999999916e+01,-1.550189999999999901e-02
3.604480000000000292e-04,-1.652641999999999811e+01,-7.750940000000000434e-03
3.605120000000000069e-04,-3.013460000000000250e+00,-1.550189999999999901e-02
3.605760000000000388e-04,5.684660000000000046e+00,-1.550189999999999901e-02
3.606400000000000165e-04,9.951360000000001094e+00,-1.291824000000000097e-02
3.607040000000000485e-04,9.094419999999999504e+00,-1.550189999999999901e-02
3.607680000000000262e-04,6.680559999999999832e+00,-1.550189999999999901e-02
3.608320000000000039e-04,2.985160000000000036e+00,-1.291824000000000097e-02
3.608960000000000358e-04,1.158031999999999950e-01,-1.550189999999999901e-02
3.609600000000000135e-04,-2.123059999999999725e+00,-1.291824000000000097e-02
3.610240000000000454e-04,-3.221899999999999764e+00,-1.033459999999999934e-02
3.610880000000000231e-04,-3.291379999999999750e+00,-1.033459999999999934e-02
3.611520000000000008e-04,-2.766420000000000101e+00,-1.808554000000000064e-02
3.612160000000000327e-04,-1.582643999999999940e+00,-1.291824000000000097e-02
3.612800000000000104e-04,-3.345420000000000060e-01,-1.550189999999999901e-02
3.613440000000000423e-04,1.281556000000000139e+00,-1.550189999999999901e-02
3.614080000000000200e-04,2.081879999999999953e+00,-1.291824000000000097e-02
3.614719999999999977e-04,2.375259999999999927e+00,-1.033459999999999934e-02
3.615360000000000297e-04,1.387066000000000132e+00,-2.583640000000000329e-03
3.616000000000000074e-04,3.602759999999999851e-01,-7.750940000000000434e-03
3.616640000000000393e-04,-8.234900000000000553e-01,-2.066919999999999868e-02
3.617280000000000170e-04,-1.214647999999999950e+00,-1.550189999999999901e-02
3.617920000000000489e-04,-1.363904000000000005e+00,-1.033459999999999934e-02
3.618560000000000266e-04,-8.106219999999999537e-01,-1.550189999999999901e-02
3.619200000000000043e-04,-1.698447999999999902e-01,-1.291824000000000097e-02
3.619840000000000362e-04,6.407780000000000697e-01,-7.750940000000000434e-03
3.620480000000000139e-04,9.676000000000000156e-01,-7.750940000000000434e-03
3.621120000000000458e-04,9.135579999999999812e-01,-1.550189999999999901e-02
3.621760000000000235e-04,4.940939999999999777e-01,-7.750940000000000434e-03
3.622400000000000012e-04,5.661499999999999866e-02,-1.033459999999999934e-02
3.623040000000000331e-04,-2.702080000000000037e-01,-1.033459999999999934e-02
3.623680000000000108e-04,-4.271860000000000102e-01,-1.291824000000000097e-02
3.624320000000000428e-04,-3.448360000000000314e-01,-7.750940000000000434e-03
3.624960000000000205e-04,-1.672714000000000145e-01,-1.550189999999999901e-02
3.625599999999999982e-04,1.775650000000000284e-01,-1.550189999999999901e-02
3.626240000000000301e-04,3.577040000000000219e-01,-1.550189999999999901e-02
3.626880000000000078e-04,4.400519999999999987e-01,-1.550189999999999901e-02
3.627520000000000397e-04,2.727800000000000225e-01,-1.291824000000000097e-02
3.628160000000000174e-04,1.441107999999999834e-01,-1.291824000000000097e-02
3.628800000000000493e-04,-2.830739999999999992e-02,-7.750940000000000434e-03
3.629440000000000270e-04,-4.889480000000000215e-02,-1.291824000000000097e-02
3.630080000000000047e-04,-7.205539999999999168e-02,-1.808554000000000064e-02
3.630720000000000366e-04,2.573399999999999993e-02,-1.291824000000000097e-02
3.631360000000000143e-04,9.264259999999999162e-02,-1.291824000000000097e-02
3.632000000000000462e-04,1.878586000000000145e-01,-5.167299999999999671e-03
3.632640000000000239e-04,2.058719999999999994e-01,0.000000000000000000e+00
3.633280000000000017e-04,2.058719999999999994e-01,-7.750940000000000434e-03
3.633920000000000336e-04,1.827118000000000075e-01,-7.750940000000000434e-03
3.634560000000000113e-04,1.415374000000000076e-01,-5.167299999999999671e-03
3.635200000000000432e-04,9.521599999999999508e-02,-7.750940000000000434e-03
3.635840000000000209e-04,2.573399999999999993e-02,-1.033459999999999934e-02
3.636479999999999986e-04,-1.544043999999999972e-02,-1.291824000000000097e-02
3.637120000000000305e-04,-3.088079999999999992e-02,-7.750940000000000434e-03
3.637760000000000082e-04,2.058719999999999994e-02,-1.291824000000000097e-02
3.638400000000000401e-04,9.006920000000000204e-02,-5.167299999999999671e-03
3.639040000000000178e-04,1.646980000000000111e-01,-5.167299999999999671e-03
3.639680000000000497e-04,2.341799999999999993e-01,-5.167299999999999671e-03
3.640320000000000274e-04,2.650599999999999623e-01,-7.750940000000000434e-03
3.640960000000000051e-04,2.213120000000000087e-01,-1.033459999999999934e-02
3.641600000000000371e-04,1.235234000000000054e-01,-1.033459999999999934e-02
3.642240000000000148e-04,2.573399999999999993e-03,-1.033459999999999934e-02
3.642880000000000467e-04,-5.661499999999999866e-02,-1.033459999999999934e-02
3.643520000000000244e-04,-7.205539999999999168e-02,-1.550189999999999901e-02
3.644160000000000021e-04,-7.720219999999999860e-03,-2.066919999999999868e-02
3.644800000000000340e-04,7.977560000000000207e-02,-5.167299999999999671e-03
3.645440000000000117e-04,1.775650000000000284e-01,-1.550189999999999901e-02
3.646080000000000436e-04,2.470459999999999878e-01,-1.291824000000000097e-02
3.646720000000000213e-04,2.521939999999999737e-01,-1.550189999999999901e-02
3.647359999999999990e-04,1.930054000000000214e-01,-7.750940000000000434e-03
3.648000000000000309e-04,9.778939999999999855e-02,-1.808554000000000064e-02
3.648640000000000086e-04,2.573399999999999993e-03,-1.033459999999999934e-02
3.649280000000000405e-04,-5.146819999999999867e-02,-1.291824000000000097e-02
3.649920000000000182e-04,-5.918840000000000212e-02,-1.291824000000000097e-02
3.650559999999999959e-04,-2.573399999999999993e-03,-1.550189999999999901e-02
3.651200000000000279e-04,8.492239999999999511e-02,-1.550189999999999901e-02
3.651840000000000056e-04,1.749915999999999972e-01,-1.033459999999999934e-02
3.652480000000000375e-04,2.264599999999999946e-01,-7.750940000000000434e-03
3.653120000000000152e-04,2.161659999999999970e-01,-1.033459999999999934e-02
3.653760000000000471e-04,1.466841999999999868e-01,-1.550189999999999901e-02
3.654400000000000248e-04,6.433519999999999517e-02,-1.033459999999999934e-02
3.655040000000000025e-04,2.573399999999999993e-03,-1.550189999999999901e-02
3.655680000000000344e-04,-7.720219999999999860e-03,-1.808554000000000064e-02
3.656320000000000121e-04,1.544043999999999972e-02,-1.033459999999999934e-02
3.656960000000000440e-04,6.948200000000000209e-02,-5.167299999999999671e-03
3.657600000000000217e-04,1.158031999999999950e-01,-1.033459999999999934e-02
3.658239999999999994e-04,1.415374000000000076e-01,-1.033459999999999934e-02
3.658880000000000314e-04,1.441107999999999834e-01,-1.033459999999999934e-02
3.659520000000000091e-04,1.132297999999999916e-01,-1.808554000000000064e-02
3.660160000000000410e-04,6.176179999999999864e-02,-1.550189999999999901e-02
3.660800000000000187e-04,1.544043999999999972e-02,-1.291824000000000097e-02
3.661439999999999964e-04,1.286701999999999985e-02,-7.750940000000000434e-03
3.662080000000000283e-04,4.374780000000000335e-02,-1.291824000000000097e-02
3.662720000000000060e-04,9.264259999999999162e-02,-1.033459999999999934e-02
3.663360000000000379e-04,1.286702000000000123e-01,-5.167299999999999671e-03
3.664000000000000156e-04,1.415374000000000076e-01,-5.167299999999999671e-03
3.664640000000000475e-04,1.209500000000000020e-01,-1.291824000000000097e-02
3.665280000000000252e-04,8.492239999999999511e-02,-2.066919999999999868e-02
3.665920000000000029e-04,4.117439999999999989e-02,-1.291824000000000097e-02
3.666560000000000348e-04,1.801383999999999971e-02,-1.033459999999999934e-02
3.667200000000000125e-04,1.801383999999999971e-02,-5.167299999999999671e-03
3.667840000000000445e-04,4.117439999999999989e-02,-1.808554000000000064e-02
3.668480000000000222e-04,7.977560000000000207e-02,-1.033459999999999934e-02
3.669119999999999999e-04,1.055095999999999951e-01,-1.291824000000000097e-02
3.669760000000000318e-04,1.209500000000000020e-01,-2.066919999999999868e-02
3.670400000000000095e-04,1.158031999999999950e-01,-1.291824000000000097e-02
3.671040000000000414e-04,9.778939999999999855e-02,-1.291824000000000097e-02
3.671680000000000191e-04,7.720219999999999860e-02,-1.291824000000000097e-02
3.672319999999999968e-04,4.374780000000000335e-02,-1.291824000000000097e-02
3.672960000000000287e-04,3.345420000000000338e-02,-1.550189999999999901e-02
3.673600000000000064e-04,4.117439999999999989e-02,-1.291824000000000097e-02
3.674240000000000383e-04,5.918840000000000212e-02,-1.550189999999999901e-02
3.674880000000000160e-04,7.205539999999999168e-02,-1.808554000000000064e-02
3.675520000000000479e-04,9.264259999999999162e-02,-1.291824000000000097e-02
3.676160000000000256e-04,9.006920000000000204e-02,-1.291824000000000097e-02
3.676800000000000034e-04,7.977560000000000207e-02,-1.808554000000000064e-02
3.677440000000000353e-04,7.720219999999999860e-02,-1.291824000000000097e-02
3.678080000000000130e-04,6.176179999999999864e-02,-1.550189999999999901e-02
3.678720000000000449e-04,7.205539999999999168e-02,-1.291824000000000097e-02
3.679360000000000226e-04,8.234900000000000553e-02,-1.550189999999999901e-02
3.680000000000000003e-04,9.521599999999999508e-02,-1.291824000000000097e-02
3.680640000000000322e-04,7.720219999999999860e-02,-1.808554000000000064e-02
3.681280000000000099e-04,5.918840000000000212e-02,-1.550189999999999901e-02
3.681920000000000418e-04,3.345420000000000338e-02,-1.550189999999999901e-02
3.682560000000000195e-04,3.860099999999999643e-02,-1.808554000000000064e-02
3.683199999999999972e-04,4.632139999999999869e-02,-7.750940000000000434e-03
3.683840000000000291e-04,5.918840000000000212e-02,-1.808554000000000064e-02
3.684480000000000068e-04,7.462879999999999514e-02,-2.325279999999999708e-02
3.685120000000000388e-04,7.977560000000000207e-02,-1.550189999999999901e-02
3.685760000000000165e-04,8.492239999999999511e-02,-1.291824000000000097e-02
3.686400000000000484e-04,7.720219999999999860e-02,-1.550189999999999901e-02
3.687040000000000261e-04,6.176179999999999864e-02,-2.066919999999999868e-02
3.687680000000000038e-04,3.602759999999999990e-02,-1.291824000000000097e-02
3.688320000000000357e-04,3.345420000000000338e-02,-1.033459999999999934e-02
3.688960000000000134e-04,3.345420000000000338e-02,-1.291824000000000097e-02
3.689600000000000453e-04,4.889480000000000215e-02,-1.550189999999999901e-02
3.690240000000000230e-04,7.205539999999999168e-02,-1.291824000000000097e-02
3.690880000000000007e-04,7.462879999999999514e-02,-2.066919999999999868e-02
3.691520000000000326e-04,9.521599999999999508e-02,-1.550189999999999901e-02
3.692160000000000103e-04,1.003628000000000020e-01,-1.550189999999999901e-02
3.692800000000000422e-04,8.234900000000000553e-02,-2.066919999999999868e-02
3.693440000000000199e-04,5.918840000000000212e-02,-2.583639999999999895e-02
3.694079999999999976e-04,4.117439999999999989e-02,-7.750940000000000434e-03
3.694720000000000296e-04,3.088079999999999992e-02,-1.291824000000000097e-02
3.695360000000000073e-04,3.602759999999999990e-02,-1.550189999999999901e-02
3.696000000000000392e-04,3.345420000000000338e-02,-2.066919999999999868e-02
3.696640000000000169e-04,3.602759999999999990e-02,-1.550189999999999901e-02
3.697280000000000488e-04,4.374780000000000335e-02,-1.291824000000000097e-02
3.697920000000000265e-04,5.661499999999999866e-02,-7.750940000000000434e-03
3.698560000000000042e-04,5.918840000000000212e-02,-1.808554000000000064e-02
3.699200000000000361e-04,7.720219999999999860e-02,-2.066919999999999868e-02
3.699840000000000138e-04,7.977560000000000207e-02,-1.033459999999999934e-02
3.700480000000000457e-04,7.462879999999999514e-02,-1.808554000000000064e-02
3.701120000000000234e-04,6.690859999999999863e-02,-1.550189999999999901e-02
3.701760000000000011e-04,4.632139999999999869e-02,-1.808554000000000064e-02
3.702400000000000331e-04,3.860099999999999643e-02,-1.808554000000000064e-02
3.703040000000000108e-04,1.801383999999999971e-02,-1.291824000000000097e-02
3.703680000000000427e-04,1.286701999999999985e-02,-1.808554000000000064e-02
3.704320000000000204e-04,2.316059999999999994e-02,-1.033459999999999934e-02
3.704959999999999981e-04,3.860099999999999643e-02,-1.033459999999999934e-02
3.705600000000000300e-04,5.146819999999999867e-02,-1.550189999999999901e-02
3.706240000000000077e-04,6.948200000000000209e-02,-1.291824000000000097e-02
3.706880000000000396e-04,7.977560000000000207e-02,-1.550189999999999901e-02
3.707520000000000173e-04,7.977560000000000207e-02,-2.066919999999999868e-02
3.708160000000000492e-04,6.948200000000000209e-02,-7.750940000000000434e-03
3.708800000000000269e-04,5.146819999999999867e-02,-1.550189999999999901e-02
3.709440000000000046e-04,2.058719999999999994e-02,-1.291824000000000097e-02
3.710080000000000365e-04,1.544043999999999972e-02,-1.291824000000000097e-02
3.710720000000000142e-04,1.286701999999999985e-02,-2.066919999999999868e-02
3.711360000000000462e-04,3.602759999999999990e-02,-1.550189999999999901e-02
3.712000000000000239e-04,4.889480000000000215e-02,-2.325279999999999708e-02
3.712640000000000016e-04,6.948200000000000209e-02,-1.291824000000000097e-02
3.713280000000000335e-04,8.234900000000000553e-02,-5.167299999999999671e-03
3.713920000000000112e-04,7.977560000000000207e-02,-1.033459999999999934e-02
3.714560000000000431e-04,6.176179999999999864e-02,-1.550189999999999901e-02
3.715200000000000208e-04,4.889480000000000215e-02,-1.291824000000000097e-02
3.715839999999999985e-04,2.316059999999999994e-02,-1.808554000000000064e-02
3.716480000000000304e-04,1.544043999999999972e-02,-1.033459999999999934e-02
3.717120000000000081e-04,2.058719999999999994e-02,-1.550189999999999901e-02
3.717760000000000400e-04,3.602759999999999990e-02,-1.291824000000000097e-02
3.718400000000000177e-04,4.117439999999999989e-02,-1.808554000000000064e-02
3.719040000000000496e-04,5.146819999999999867e-02,-2.066919999999999868e-02
3.719680000000000273e-04,5.404159999999999520e-02,-7.750940000000000434e-03
3.720320000000000051e-04,6.176179999999999864e-02,-1.550189999999999901e-02
3.720960000000000370e-04,4.374780000000000335e-02,-1.291824000000000097e-02
3.721600000000000147e-04,4.117439999999999989e-02,-1.291824000000000097e-02
3.722240000000000466e-04,3.088079999999999992e-02,-1.033459999999999934e-02
3.722880000000000243e-04,4.632139999999999869e-02,-2.066919999999999868e-02
3.723520000000000020e-04,4.632139999999999869e-02,-1.808554000000000064e-02
3.724160000000000339e-04,4.117439999999999989e-02,-1.033459999999999934e-02
3.724800000000000116e-04,3.860099999999999643e-02,-2.066919999999999868e-02
3.725440000000000435e-04,4.117439999999999989e-02,-1.033459999999999934e-02
3.726080000000000212e-04,4.632139999999999869e-02,-1.808554000000000064e-02
3.726719999999999989e-04,3.860099999999999643e-02,-2.066919999999999868e-02
3.727360000000000308e-04,4.889480000000000215e-02,-1.291824000000000097e-02
3.728000000000000085e-04,4.632139999999999869e-02,-1.291824000000000097e-02
3.728640000000000405e-04,4.632139999999999869e-02,-1.808554000000000064e-02
3.729280000000000182e-04,4.632139999999999869e-02,-1.291824000000000097e-02
3.729920000000000501e-04,3.860099999999999643e-02,-1.291824000000000097e-02
3.730560000000000278e-04,3.345420000000000338e-02,-1.033459999999999934e-02
3.731200000000000055e-04,3.345420000000000338e-02,-1.808554000000000064e-02
3.731840000000000374e-04,3.860099999999999643e-02,-2.066919999999999868e-02
3.732480000000000151e-04,4.117439999999999989e-02,-1.550189999999999901e-02
3.733120000000000470e-04,4.374780000000000335e-02,-1.033459999999999934e-02
3.733760000000000247e-04,4.374780000000000335e-02,-2.066919999999999868e-02
3.734400000000000024e-04,4.374780000000000335e-02,-1.291824000000000097e-02
3.735040000000000343e-04,4.632139999999999869e-02,-1.033459999999999934e-02
3.735680000000000120e-04,3.860099999999999643e-02,-1.550189999999999901e-02
3.736320000000000439e-04,3.088079999999999992e-02,-1.291824000000000097e-02
3.736960000000000216e-04,2.830739999999999992e-02,-1.550189999999999901e-02
3.737599999999999993e-04,2.830739999999999992e-02,-1.808554000000000064e-02
3.738240000000000313e-04,3.602759999999999990e-02,-1.550189999999999901e-02
3.738880000000000090e-04,4.117439999999999989e-02,-1.808554000000000064e-02
3.739520000000000409e-04,3.860099999999999643e-02,-1.808554000000000064e-02
3.740160000000000186e-04,3.345420000000000338e-02,-1.550189999999999901e-02
3.740799999999999963e-04,3.088079999999999992e-02,-1.291824000000000097e-02
3.741440000000000282e-04,2.058719999999999994e-02,-1.550189999999999901e-02
3.742080000000000059e-04,2.316059999999999994e-02,-2.066919999999999868e-02
3.742720000000000378e-04,2.316059999999999994e-02,-1.808554000000000064e-02
3.743360000000000155e-04,3.088079999999999992e-02,-1.550189999999999901e-02
3.744000000000000474e-04,2.830739999999999992e-02,-1.291824000000000097e-02
3.744640000000000251e-04,3.860099999999999643e-02,-2.066919999999999868e-02
3.745280000000000028e-04,3.860099999999999643e-02,-1.291824000000000097e-02
3.745920000000000348e-04,3.088079999999999992e-02,-7.750940000000000434e-03
3.746560000000000125e-04,2.573399999999999993e-02,-1.291824000000000097e-02
3.747200000000000444e-04,2.058719999999999994e-02,-1.808554000000000064e-02
3.747840000000000221e-04,1.801383999999999971e-02,-1.033459999999999934e-02
3.748479999999999998e-04,2.316059999999999994e-02,-2.066919999999999868e-02
3.749120000000000317e-04,2.316059999999999994e-02,-1.291824000000000097e-02
3.749760000000000094e-04,3.088079999999999992e-02,-2.325279999999999708e-02
3.750400000000000413e-04,2.316059999999999994e-02,-1.291824000000000097e-02
3.751040000000000190e-04,3.088079999999999992e-02,-7.750940000000000434e-03
3.751679999999999967e-04,3.088079999999999992e-02,-1.550189999999999901e-02
3.752320000000000286e-04,2.316059999999999994e-02,-1.033459999999999934e-02
3.752960000000000063e-04,2.830739999999999992e-02,-1.291824000000000097e-02
3.753600000000000382e-04,3.345420000000000338e-02,-1.291824000000000097e-02
3.754240000000000159e-04,2.830739999999999992e-02,-1.291824000000000097e-02
3.754880000000000479e-04,2.316059999999999994e-02,-7.750940000000000434e-03
3.755520000000000256e-04,2.058719999999999994e-02,-1.033459999999999934e-02
3.756160000000000033e-04,2.573399999999999993e-02,-1.550189999999999901e-02
3.756800000000000352e-04,2.058719999999999994e-02,-1.033459999999999934e-02
3.757440000000000129e-04,2.058719999999999994e-02,-5.167299999999999671e-03
3.758080000000000448e-04,2.316059999999999994e-02,-1.033459999999999934e-02
3.758720000000000225e-04,2.058719999999999994e-02,-1.550189999999999901e-02
3.759360000000000002e-04,2.573399999999999993e-02,-7.750940000000000434e-03
3.760000000000000321e-04,1.544043999999999972e-02,-1.033459999999999934e-02
3.760640000000000098e-04,2.058719999999999994e-02,-5.167299999999999671e-03
3.761280000000000417e-04,1.286701999999999985e-02,-1.291824000000000097e-02
3.761920000000000194e-04,2.058719999999999994e-02,-1.550189999999999901e-02
3.762559999999999971e-04,1.544043999999999972e-02,-1.550189999999999901e-02
3.763200000000000290e-04,1.286701999999999985e-02,-7.750940000000000434e-03
3.763840000000000068e-04,1.544043999999999972e-02,-7.750940000000000434e-03
3.764480000000000387e-04,1.029361999999999985e-02,-1.550189999999999901e-02
3.765120000000000164e-04,1.286701999999999985e-02,-1.291824000000000097e-02
3.765760000000000483e-04,1.801383999999999971e-02,-1.033459999999999934e-02
3.766400000000000260e-04,1.544043999999999972e-02,-5.167299999999999671e-03
3.767040000000000037e-04,1.029361999999999985e-02,-1.291824000000000097e-02
3.767680000000000356e-04,1.544043999999999972e-02,-7.750940000000000434e-03
3.768320000000000133e-04,2.058719999999999994e-02,-2.583640000000000329e-03
3.768960000000000452e-04,1.544043999999999972e-02,-7.750940000000000434e-03
3.769600000000000229e-04,2.058719999999999994e-02,-1.550189999999999901e-02
3.770240000000000006e-04,1.801383999999999971e-02,-1.550189999999999901e-02
3.770880000000000325e-04,2.058719999999999994e-02,-1.033459999999999934e-02
3.771520000000000102e-04,1.544043999999999972e-02,-1.550189999999999901e-02
3.772160000000000422e-04,1.544043999999999972e-02,-1.033459999999999934e-02
3.772800000000000199e-04,1.801383999999999971e-02,-1.291824000000000097e-02
3.773439999999999976e-04,1.544043999999999972e-02,-1.033459999999999934e-02
3.774080000000000295e-04,1.029361999999999985e-02,-1.550189999999999901e-02
3.774720000000000072e-04,1.544043999999999972e-02,-1.291824000000000097e-02
3.775360000000000391e-04,1.544043999999999972e-02,-1.291824000000000097e-02
3.776000000000000168e-04,1.029361999999999985e-02,-7.750940000000000434e-03
3.776640000000000487e-04,1.801383999999999971e-02,-1.550189999999999901e-02
3.777280000000000264e-04,2.316059999999999994e-02,-1.033459999999999934e-02
3.777920000000000041e-04,1.801383999999999971e-02,-1.033459999999999934e-02
3.778560000000000360e-04,1.286701999999999985e-02,-1.291824000000000097e-02
3.779200000000000137e-04,1.286701999999999985e-02,-1.550189999999999901e-02
3.779840000000000456e-04,1.544043999999999972e-02,-1.808554000000000064e-02
3.780480000000000233e-04,7.720219999999999860e-03,-7.750940000000000434e-03
3.781120000000000011e-04,1.286701999999999985e-02,-1.808554000000000064e-02
3.781760000000000330e-04,1.286701999999999985e-02,-1.033459999999999934e-02
3.782400000000000107e-04,1.544043999999999972e-02,-1.550189999999999901e-02
3.783040000000000426e-04,1.801383999999999971e-02,-1.550189999999999901e-02
3.783680000000000203e-04,7.720219999999999860e-03,-1.291824000000000097e-02
3.784319999999999980e-04,1.544043999999999972e-02,-7.750940000000000434e-03
3.784960000000000299e-04,1.544043999999999972e-02,-1.550189999999999901e-02
3.785600000000000076e-04,1.801383999999999971e-02,-1.550189999999999901e-02
3.786240000000000395e-04,1.029361999999999985e-02,-1.033459999999999934e-02
3.786880000000000172e-04,1.286701999999999985e-02,-1.033459999999999934e-02
3.787520000000000491e-04,5.146819999999999867e-03,-1.033459999999999934e-02
3.788160000000000268e-04,2.573399999999999993e-03,-7.750940000000000434e-03
3.788800000000000045e-04,7.720219999999999860e-03,-1.033459999999999934e-02
3.789440000000000365e-04,1.286701999999999985e-02,-7.750940000000000434e-03
3.790080000000000142e-04,1.029361999999999985e-02,-1.033459999999999934e-02
3.790720000000000461e-04,1.544043999999999972e-02,-1.550189999999999901e-02
3.791360000000000238e-04,5.146819999999999867e-03,-1.550189999999999901e-02
3.792000000000000015e-04,5.146819999999999867e-03,-1.033459999999999934e-02
3.792640000000000334e-04,2.573399999999999993e-03,-1.033459999999999934e-02
3.793280000000000111e-04,2.573399999999999993e-03,-1.291824000000000097e-02
3.793920000000000430e-04,0.000000000000000000e+00,-1.291824000000000097e-02
3.794560000000000207e-04,2.573399999999999993e-03,-7.750940000000000434e-03
3.795199999999999984e-04,5.146819999999999867e-03,-1.550189999999999901e-02
3.795840000000000303e-04,7.720219999999999860e-03,-1.291824000000000097e-02
3.796480000000000080e-04,5.146819999999999867e-03,-1.033459999999999934e-02
3.797120000000000399e-04,1.029361999999999985e-02,-1.033459999999999934e-02
3.797760000000000176e-04,-2.573399999999999993e-03,-1.033459999999999934e-02
3.798400000000000496e-04,5.146819999999999867e-03,-7.750940000000000434e-03
3.799040000000000273e-04,5.146819999999999867e-03,-1.550189999999999901e-02
3.799680000000000050e-04,5.146819999999999867e-03,-1.033459999999999934e-02
3.800320000000000369e-04,5.146819999999999867e-03,0.000000000000000000e+00
3.800960000000000146e-04,-7.720219999999999860e-03,-1.808554000000000064e-02
3.801600000000000465e-04,7.720219999999999860e-03,-1.033459999999999934e-02
3.802240000000000242e-04,5.146819999999999867e-03,-1.033459999999999934e-02
3.802880000000000019e-04,0.000000000000000000e+00,-2.325279999999999708e-02
3.803520000000000338e-04,1.029361999999999985e-02,-1.033459999999999934e-02
3.804160000000000115e-04,1.029361999999999985e-02,-1.550189999999999901e-02
3.804800000000000434e-04,5.146819999999999867e-03,-5.167299999999999671e-03
3.805440000000000211e-04,1.029361999999999985e-02,-7.750940000000000434e-03
3.806079999999999988e-04,0.000000000000000000e+00,-1.033459999999999934e-02
3.806720000000000307e-04,0.000000000000000000e+00,-1.291824000000000097e-02
3.807360000000000085e-04,-2.573399999999999993e-03,-1.808554000000000064e-02
3.808000000000000404e-04,0.000000000000000000e+00,-1.291824000000000097e-02
3.808640000000000181e-04,0.000000000000000000e+00,-1.808554000000000064e-02
3.809280000000000500e-04,1.029361999999999985e-02,-1.033459999999999934e-02
3.809920000000000277e-04,2.573399999999999993e-03,-1.291824000000000097e-02
3.810560000000000054e-04,2.573399999999999993e-03,-1.550189999999999901e-02
3.811200000000000373e-04,7.720219999999999860e-03,-7.750940000000000434e-03
3.811840000000000150e-04,0.000000000000000000e+00,-1.291824000000000097e-02
3.812480000000000469e-04,2.573399999999999993e-03,-1.291824000000000097e-02
3.813120000000000246e-04,2.573399999999999993e-03,-1.808554000000000064e-02
3.813760000000000023e-04,5.146819999999999867e-03,-1.808554000000000064e-02
3.814400000000000342e-04,7.720219999999999860e-03,-2.066919999999999868e-02
3.815040000000000119e-04,0.000000000000000000e+00,-1.808554000000000064e-02
3.815680000000000439e-04,5.146819999999999867e-03,-1.808554000000000064e-02
3.816320000000000216e-04,-2.573399999999999993e-03,-1.550189999999999901e-02
3.816959999999999993e-04,5.146819999999999867e-03,-1.291824000000000097e-02
3.817600000000000312e-04,5.146819999999999867e-03,-7.750940000000000434e-03
3.818240000000000089e-04,5.146819999999999867e-03,-1.291824000000000097e-02
3.818880000000000408e-04,2.573399999999999993e-03,-1.550189999999999901e-02
3.819520000000000185e-04,5.146819999999999867e-03,-1.033459999999999934e-02
3.820160000000000504e-04,2.573399999999999993e-03,-1.550189999999999901e-02
3.820800000000000281e-04,-2.573399999999999993e-03,-1.550189999999999901e-02
3.821440000000000058e-04,5.146819999999999867e-03,-1.550189999999999901e-02
3.822080000000000377e-04,5.146819999999999867e-03,-5.167299999999999671e-03
3.822720000000000154e-04,-2.573399999999999993e-03,-1.808554000000000064e-02
3.823360000000000473e-04,7.720219999999999860e-03,-1.808554000000000064e-02
3.824000000000000250e-04,-2.573399999999999993e-03,-2.066919999999999868e-02
3.824640000000000028e-04,0.000000000000000000e+00,-1.550189999999999901e-02
3.825280000000000347e-04,-2.573399999999999993e-03,-1.291824000000000097e-02
3.825920000000000124e-04,-2.573399999999999993e-03,-1.033459999999999934e-02
3.826560000000000443e-04,0.000000000000000000e+00,-1.808554000000000064e-02
3.827200000000000220e-04,5.146819999999999867e-03,-1.291824000000000097e-02
3.827839999999999997e-04,0.000000000000000000e+00,-7.750940000000000434e-03
3.828480000000000316e-04,0.000000000000000000e+00,-5.167299999999999671e-03
3.829120000000000093e-04,0.000000000000000000e+00,-1.033459999999999934e-02
3.829760000000000412e-04,-2.573399999999999993e-03,-2.583640000000000329e-03
3.830400000000000189e-04,-2.573399999999999993e-03,-1.291824000000000097e-02
3.831040000000000508e-04,2.573399999999999993e-03,-2.325279999999999708e-02
3.831680000000000285e-04,-7.720219999999999860e-03,-1.033459999999999934e-02
3.832320000000000062e-04,-2.573399999999999993e-03,-7.750940000000000434e-03
3.832960000000000382e-04,2.573399999999999993e-03,-1.808554000000000064e-02
3.833600000000000159e-04,-2.573399999999999993e-03,-1.033459999999999934e-02
3.834240000000000478e-04,-5.146819999999999867e-03,-2.325279999999999708e-02
3.834880000000000255e-04,-7.720219999999999860e-03,-1.291824000000000097e-02
3.835520000000000032e-04,0.000000000000000000e+00,-1.808554000000000064e-02
3.836160000000000351e-04,0.000000000000000000e+00,-1.033459999999999934e-02
3.836800000000000128e-04,-1.029361999999999985e-02,-7.750940000000000434e-03
3.837440000000000447e-04,-2.573399999999999993e-03,-1.033459999999999934e-02
3.838080000000000224e-04,-5.146819999999999867e-03,-1.550189999999999901e-02
3.838720000000000001e-04,-2.573399999999999993e-03,-1.291824000000000097e-02
3.839360000000000320e-04,-5.146819999999999867e-03,-1.291824000000000097e-02
3.840000000000000097e-04,-5.146819999999999867e-03,-1.291824000000000097e-02
3.840640000000000416e-04,-1.029361999999999985e-02,-7.750940000000000434e-03
3.841280000000000193e-04,-5.146819999999999867e-03,-1.808554000000000064e-02
3.841919999999999970e-04,0.000000000000000000e+00,-1.033459999999999934e-02
3.842560000000000290e-04,-1.029361999999999985e-02,-1.291824000000000097e-02
3.843200000000000067e-04,-5.146819999999999867e-03,-1.550189999999999901e-02
3.843840000000000386e-04,7.720219999999999860e-03,-1.550189999999999901e-02
3.844480000000000163e-04,5.146819999999999867e-03,-1.291824000000000097e-02
3.845120000000000482e-04,0.000000000000000000e+00,-5.167299999999999671e-03
3.845760000000000259e-04,-1.029361999999999985e-02,-1.291824000000000097e-02
3.846400000000000036e-04,-2.573399999999999993e-03,-1.550189999999999901e-02
3.847040000000000355e-04,-5.146819999999999867e-03,-1.550189999999999901e-02
3.847680000000000132e-04,-1.286701999999999985e-02,-1.550189999999999901e-02
3.848320000000000451e-04,0.000000000000000000e+00,-1.550189999999999901e-02
3.848960000000000228e-04,-7.720219999999999860e-03,-1.808554000000000064e-02
3.849600000000000005e-04,-5.146819999999999867e-03,-1.808554000000000064e-02
3.850240000000000325e-04,-2.573399999999999993e-03,-1.808554000000000064e-02
3.850880000000000102e-04,-5.146819999999999867e-03,-1.291824000000000097e-02
3.851520000000000421e-04,-5.146819999999999867e-03,-1.033459999999999934e-02
3.852160000000000198e-04,-5.146819999999999867e-03,-1.033459999999999934e-02
3.852799999999999975e-04,-5.146819999999999867e-03,-1.291824000000000097e-02
3.853440000000000294e-04,-2.573399999999999993e-03,-1.550189999999999901e-02
3.854080000000000071e-04,-2.573399999999999993e-03,-1.550189999999999901e-02
3.854720000000000390e-04,-2.573399999999999993e-03,-1.291824000000000097e-02
3.855360000000000167e-04,-7.720219999999999860e-03,-1.033459999999999934e-02
3.856000000000000486e-04,0.000000000000000000e+00,-1.033459999999999934e-02
3.856640000000000263e-04,0.000000000000000000e+00,-1.550189999999999901e-02
3.857280000000000040e-04,5.146819999999999867e-03,-7.750940000000000434e-03
3.857920000000000359e-04,-1.029361999999999985e-02,-2.066919999999999868e-02
3.858560000000000136e-04,-7.720219999999999860e-03,-1.291824000000000097e-02
3.859200000000000456e-04,-5.146819999999999867e-03,-1.808554000000000064e-02
3.859840000000000233e-04,2.573399999999999993e-03,-7.750940000000000434e-03
3.860480000000000010e-04,0.000000000000000000e+00,-1.033459999999999934e-02
3.861120000000000329e-04,7.720219999999999860e-03,-2.066919999999999868e-02
3.861760000000000106e-04,5.146819999999999867e-03,-1.808554000000000064e-02
3.862400000000000425e-04,0.000000000000000000e+00,-1.291824000000000097e-02
3.863040000000000202e-04,2.573399999999999993e-03,-1.550189999999999901e-02
3.863679999999999979e-04,2.573399999999999993e-03,-1.550189999999999901e-02
3.864320000000000298e-04,0.000000000000000000e+00,-1.291824000000000097e-02
3.864960000000000075e-04,2.573399999999999993e-03,-1.550189999999999901e-02
3.865600000000000394e-04,7.720219999999999860e-03,-1.033459999999999934e-02
3.866240000000000171e-04,2.573399999999999993e-03,-1.550189999999999901e-02
3.866880000000000490e-04,-2.573399999999999993e-03,-1.808554000000000064e-02
3.867520000000000267e-04,-5.146819999999999867e-03,-1.291824000000000097e-02
3.868160000000000045e-04,2.573399999999999993e-03,-1.550189999999999901e-02
3.868800000000000364e-04,2.573399999999999993e-03,-1.550189999999999901e-02
3.869440000000000141e-04,7.720219999999999860e-03,-7.750940000000000434e-03
3.870080000000000460e-04,-2.573399999999999993e-03,-1.808554000000000064e-02
3.870720000000000237e-04,0.000000000000000000e+00,-1.550189999999999901e-02
3.871360000000000014e-04,5.146819999999999867e-03,-1.033459999999999934e-02
3.872000000000000333e-04,2.573399999999999993e-03,-1.808554000000000064e-02
3.872640000000000110e-04,7.720219999999999860e-03,-1.550189999999999901e-02
3.873280000000000429e-04,7.720219999999999860e-03,-1.291824000000000097e-02
3.873920000000000206e-04,-2.573399999999999993e-03,-1.033459999999999934e-02
3.874559999999999983e-04,2.573399999999999993e-03,-1.291824000000000097e-02
3.875200000000000302e-04,2.573399999999999993e-03,-5.167299999999999671e-03
3.875840000000000079e-04,-5.146819999999999867e-03,-2.066919999999999868e-02
3.876480000000000399e-04,-7.720219999999999860e-03,-1.291824000000000097e-02
3.877120000000000176e-04,0.000000000000000000e+00,-1.033459999999999934e-02
3.877760000000000495e-04,2.573399999999999993e-03,-1.033459999999999934e-02
3.878400000000000272e-04,5.146819999999999867e-03,-1.550189999999999901e-02
3.879040000000000049e-04,5.146819999999999867e-03,-1.550189999999999901e-02
3.879680000000000368e-04,-2.573399999999999993e-03,-1.291824000000000097e-02
3.880320000000000145e-04,0.000000000000000000e+00,-1.808554000000000064e-02
3.880960000000000464e-04,5.146819999999999867e-03,-1.808554000000000064e-02
3.881600000000000241e-04,7.720219999999999860e-03,-1.808554000000000064e-02
3.882240000000000018e-04,0.000000000000000000e+00,-1.033459999999999934e-02
3.882880000000000337e-04,0.000000000000000000e+00,-1.033459999999999934e-02
3.883520000000000114e-04,2.573399999999999993e-03,-1.808554000000000064e-02
3.884160000000000433e-04,2.573399999999999993e-03,-5.167299999999999671e-03
3.884800000000000210e-04,2.573399999999999993e-03,-5.167299999999999671e-03
3.885439999999999987e-04,0.000000000000000000e+00,-1.291824000000000097e-02
3.886080000000000307e-04,0.000000000000000000e+00,-1.033459999999999934e-02
3.886720000000000084e-04,-2.573399999999999993e-03,-1.550189999999999901e-02
3.887360000000000403e-04,0.000000000000000000e+00,-1.033459999999999934e-02
3.888000000000000180e-04,-2.573399999999999993e-03,-1.550189999999999901e-02
3.888640000000000499e-04,-2.573399999999999993e-03,-7.750940000000000434e-03
3.889280000000000276e-04,-7.720219999999999860e-03,-5.167299999999999671e-03
3.889920000000000053e-04,-5.146819999999999867e-03,-1.550189999999999901e-02
3.890560000000000372e-04,-2.573399999999999993e-03,-1.291824000000000097e-02
3.891200000000000149e-04,0.000000000000000000e+00,-2.583640000000000329e-03
3.891840000000000468e-04,-1.286701999999999985e-02,-1.033459999999999934e-02
3.892480000000000245e-04,-2.573399999999999993e-03,-1.291824000000000097e-02
3.893120000000000022e-04,2.573399999999999993e-03,-1.550189999999999901e-02
3.893760000000000342e-04,2.573399999999999993e-03,-1.291824000000000097e-02
3.894400000000000119e-04,-5.146819999999999867e-03,-1.550189999999999901e-02
3.895040000000000438e-04,-5.146819999999999867e-03,-5.167299999999999671e-03
3.895680000000000215e-04,0.000000000000000000e+00,-1.808554000000000064e-02
3.896319999999999992e-04,-2.573399999999999993e-03,-1.550189999999999901e-02
3.896960000000000311e-04,-5.146819999999999867e-03,-1.291824000000000097e-02
3.897600000000000088e-04,-2.573399999999999993e-03,-2.066919999999999868e-02
3.898240000000000407e-04,0.000000000000000000e+00,-1.808554000000000064e-02
3.898880000000000184e-04,2.573399999999999993e-03,-1.808554000000000064e-02
3.899520000000000503e-04,2.573399999999999993e-03,-1.808554000000000064e-02
3.900160000000000280e-04,-2.573399999999999993e-03,-1.291824000000000097e-02
3.900800000000000057e-04,0.000000000000000000e+00,-1.550189999999999901e-02
3.901440000000000376e-04,-5.146819999999999867e-03,-1.550189999999999901e-02
3.902080000000000153e-04,-5.146819999999999867e-03,-1.033459999999999934e-02
3.902720000000000473e-04,0.000000000000000000e+00,-1.550189999999999901e-02
3.903360000000000250e-04,-2.573399999999999993e-03,-1.808554000000000064e-02
3.904000000000000027e-04,7.720219999999999860e-03,-1.550189999999999901e-02
3.904640000000000346e-04,-7.720219999999999860e-03,-1.033459999999999934e-02
3.905280000000000123e-04,0.000000000000000000e+00,-1.291824000000000097e-02
3.905920000000000442e-04,-5.146819999999999867e-03,-1.033459999999999934e-02
3.906560000000000219e-04,-2.573399999999999993e-03,-2.066919999999999868e-02
3.907199999999999996e-04,-7.720219999999999860e-03,-1.291824000000000097e-02
3.907840000000000315e-04,2.573399999999999993e-03,-1.550189999999999901e-02
3.908480000000000092e-04,0.000000000000000000e+00,-1.550189999999999901e-02
3.909120000000000411e-04,7.720219999999999860e-03,-1.291824000000000097e-02
3.909760000000000188e-04,-5.146819999999999867e-03,-1.291824000000000097e-02
3.910400000000000507e-04,-7.720219999999999860e-03,-1.550189999999999901e-02
3.911040000000000284e-04,2.573399999999999993e-03,-1.550189999999999901e-02
3.911680000000000062e-04,0.000000000000000000e+00,-1.808554000000000064e-02
3.912320000000000381e-04,-2.573399999999999993e-03,-7.750940000000000434e-03
3.912960000000000158e-04,-2.573399999999999993e-03,-1.550189999999999901e-02
3.913600000000000477e-04,-2.573399999999999993e-03,-5.167299999999999671e-03
3.914240000000000254e-04,2.573399999999999993e-03,-1.033459999999999934e-02
3.914880000000000031e-04,-2.573399999999999993e-03,-1.291824000000000097e-02
3.915520000000000350e-04,0.000000000000000000e+00,-1.033459999999999934e-02
3.916160000000000127e-04,-2.573399999999999993e-03,-1.808554000000000064e-02
3.916800000000000446e-04,0.000000000000000000e+00,-1.291824000000000097e-02
3.917440000000000223e-04,-7.720219999999999860e-03,-1.291824000000000097e-02
3.918080000000000000e-04,2.573399999999999993e-03,-2.066919999999999868e-02
3.918720000000000319e-04,0.000000000000000000e+00,-1.808554000000000064e-02
3.919360000000000096e-04,2.573399999999999993e-03,-1.808554000000000064e-02
3.920000000000000416e-04,5.146819999999999867e-03,-1.033459999999999934e-02
3.920640000000000193e-04,-2.573399999999999993e-03,-7.750940000000000434e-03
3.921280000000000512e-04,2.573399999999999993e-03,-1.033459999999999934e-02
3.921920000000000289e-04,-5.146819999999999867e-03,-1.808554000000000064e-02
3.922560000000000066e-04,-5.146819999999999867e-03,-1.808554000000000064e-02
3.923200000000000385e-04,2.573399999999999993e-03,-1.291824000000000097e-02
3.923840000000000162e-04,0.000000000000000000e+00,-1.291824000000000097e-02
3.924480000000000481e-04,-2.573399999999999993e-03,-1.550189999999999901e-02
3.925120000000000258e-04,-2.573399999999999993e-03,-5.167299999999999671e-03
3.925760000000000035e-04,-2.573399999999999993e-03,-1.550189999999999901e-02
3.926400000000000354e-04,-5.146819999999999867e-03,-7.750940000000000434e-03
3.927040000000000131e-04,-5.146819999999999867e-03,-7.750940000000000434e-03
3.927680000000000450e-04,-5.146819999999999867e-03,-1.033459999999999934e-02
3.928320000000000227e-04,-5.146819999999999867e-03,-5.167299999999999671e-03
3.928960000000000004e-04,-2.573399999999999993e-03,-5.167299999999999671e-03
3.929600000000000324e-04,-7.720219999999999860e-03,-1.550189999999999901e-02
3.930240000000000101e-04,-2.573399999999999993e-03,-1.808554000000000064e-02
3.930880000000000420e-04,-5.146819999999999867e-03,-1.808554000000000064e-02
3.931520000000000197e-04,-2.573399999999999993e-03,-1.291824000000000097e-02
3.932160000000000516e-04,-1.029361999999999985e-02,-1.033459999999999934e-02
3.932800000000000293e-04,-2.573399999999999993e-03,-1.291824000000000097e-02
3.933440000000000070e-04,-2.573399999999999993e-03,-2.066919999999999868e-02
3.934080000000000389e-04,-2.573399999999999993e-03,-2.325279999999999708e-02
3.934720000000000166e-04,-2.573399999999999993e-03,-1.550189999999999901e-02
3.935360000000000485e-04,-7.720219999999999860e-03,-1.291824000000000097e-02
3.936000000000000262e-04,-7.720219999999999860e-03,-1.033459999999999934e-02
3.936640000000000039e-04,-2.573399999999999993e-03,-1.550189999999999901e-02
3.937280000000000359e-04,-1.029361999999999985e-02,-5.167299999999999671e-03
3.937920000000000136e-04,-7.720219999999999860e-03,-2.066919999999999868e-02
3.938560000000000455e-04,-2.573399999999999993e-03,-1.550189999999999901e-02
3.939200000000000232e-04,0.000000000000000000e+00,-1.808554000000000064e-02
3.939840000000000009e-04,-7.720219999999999860e-03,-2.066919999999999868e-02
3.940480000000000328e-04,-7.720219999999999860e-03,-2.325279999999999708e-02
3.941120000000000105e-04,-5.146819999999999867e-03,-1.291824000000000097e-02
3.941760000000000424e-04,-7.720219999999999860e-03,-2.066919999999999868e-02
3.942400000000000201e-04,-7.720219999999999860e-03,-1.808554000000000064e-02
3.943039999999999978e-04,-5.146819999999999867e-03,-2.325279999999999708e-02
3.943680000000000297e-04,-1.029361999999999985e-02,-1.291824000000000097e-02
3.944320000000000074e-04,-5.146819999999999867e-03,-2.066919999999999868e-02
3.944960000000000393e-04,-7.720219999999999860e-03,-1.808554000000000064e-02
3.945600000000000170e-04,-5.146819999999999867e-03,-1.291824000000000097e-02
3.946240000000000490e-04,-7.720219999999999860e-03,-1.033459999999999934e-02
3.946880000000000267e-04,-1.029361999999999985e-02,-1.291824000000000097e-02
3.947520000000000044e-04,-1.544043999999999972e-02,-2.066919999999999868e-02
3.948160000000000363e-04,-1.286701999999999985e-02,-1.808554000000000064e-02
3.948800000000000140e-04,-2.573399999999999993e-03,-1.808554000000000064e-02
3.949440000000000459e-04,2.573399999999999993e-03,-1.291824000000000097e-02
3.950080000000000236e-04,-7.720219999999999860e-03,-1.291824000000000097e-02
3.950720000000000013e-04,-7.720219999999999860e-03,-1.291824000000000097e-02
3.951360000000000332e-04,-1.029361999999999985e-02,-1.550189999999999901e-02
3.952000000000000109e-04,-5.146819999999999867e-03,-1.550189999999999901e-02
3.952640000000000428e-04,-1.029361999999999985e-02,-1.550189999999999901e-02
3.953280000000000205e-04,-2.573399999999999993e-03,-1.033459999999999934e-02
3.953919999999999982e-04,-5.146819999999999867e-03,-1.550189999999999901e-02
3.954560000000000301e-04,-5.146819999999999867e-03,-2.066919999999999868e-02
3.955200000000000079e-04,-2.573399999999999993e-03,-1.808554000000000064e-02
3.955840000000000398e-04,-1.286701999999999985e-02,-1.033459999999999934e-02
3.956480000000000175e-04,0.000000000000000000e+00,-2.066919999999999868e-02
3.957120000000000494e-04,-7.720219999999999860e-03,-2.066919999999999868e-02
3.957760000000000271e-04,-7.720219999999999860e-03,-1.550189999999999901e-02
3.958400000000000048e-04,-7.720219999999999860e-03,-2.066919999999999868e-02
3.959040000000000367e-04,-5.146819999999999867e-03,-1.550189999999999901e-02
3.959680000000000144e-04,-2.573399999999999993e-03,-5.167299999999999671e-03
3.960320000000000463e-04,-1.029361999999999985e-02,-1.808554000000000064e-02
3.960960000000000240e-04,-1.286701999999999985e-02,-2.325279999999999708e-02
3.961600000000000017e-04,-1.029361999999999985e-02,-1.808554000000000064e-02
3.962240000000000336e-04,-1.029361999999999985e-02,-1.550189999999999901e-02
3.962880000000000113e-04,-7.720219999999999860e-03,-1.033459999999999934e-02
3.963520000000000433e-04,-1.286701999999999985e-02,-1.550189999999999901e-02
3.964160000000000210e-04,-1.286701999999999985e-02,-1.550189999999999901e-02
3.964799999999999987e-04,-5.146819999999999867e-03,-1.291824000000000097e-02
3.965440000000000306e-04,-7.720219999999999860e-03,-2.325279999999999708e-02
3.966080000000000083e-04,-1.029361999999999985e-02,-1.033459999999999934e-02
3.966720000000000402e-04,-1.286701999999999985e-02,-1.033459999999999934e-02
3.967360000000000179e-04,-1.544043999999999972e-02,-1.033459999999999934e-02
3.968000000000000498e-04,-1.286701999999999985e-02,-1.550189999999999901e-02
3.968640000000000275e-04,-7.720219999999999860e-03,-1.550189999999999901e-02
3.969280000000000052e-04,-1.544043999999999972e-02,-2.066919999999999868e-02
3.969920000000000371e-04,-1.544043999999999972e-02,-1.808554000000000064e-02
3.970560000000000148e-04,-1.029361999999999985e-02,-2.325279999999999708e-02
3.971200000000000467e-04,-1.029361999999999985e-02,-1.808554000000000064e-02
3.971840000000000244e-04,-5.146819999999999867e-03,-1.808554000000000064e-02
3.972480000000000021e-04,-2.573399999999999993e-03,-1.291824000000000097e-02
3.973120000000000341e-04,-1.544043999999999972e-02,-1.033459999999999934e-02
3.973760000000000118e-04,-1.029361999999999985e-02,-2.066919999999999868e-02
3.974400000000000437e-04,-1.286701999999999985e-02,-1.808554000000000064e-02
3.975040000000000214e-04,-7.720219999999999860e-03,-1.291824000000000097e-02
3.975679999999999991e-04,-1.286701999999999985e-02,-1.291824000000000097e-02
3.976320000000000310e-04,-1.029361999999999985e-02,-1.550189999999999901e-02
3.976960000000000087e-04,-2.058719999999999994e-02,-2.066919999999999868e-02
3.977600000000000406e-04,-2.573399999999999993e-03,-1.291824000000000097e-02
3.978240000000000183e-04,-2.573399999999999993e-03,-1.033459999999999934e-02
3.978880000000000502e-04,-7.720219999999999860e-03,-1.808554000000000064e-02
3.979520000000000279e-04,-1.286701999999999985e-02,-1.291824000000000097e-02
3.980160000000000056e-04,-1.286701999999999985e-02,-1.291824000000000097e-02
3.980800000000000376e-04,-1.029361999999999985e-02,-1.033459999999999934e-02
3.981440000000000153e-04,-7.720219999999999860e-03,-1.808554000000000064e-02
3.982080000000000472e-04,-7.720219999999999860e-03,-1.033459999999999934e-02
3.982720000000000249e-04,-1.286701999999999985e-02,-1.033459999999999934e-02
3.983360000000000026e-04,-1.029361999999999985e-02,-1.291824000000000097e-02
3.984000000000000345e-04,-1.286701999999999985e-02,-1.550189999999999901e-02
3.984640000000000122e-04,-1.286701999999999985e-02,-1.550189999999999901e-02
3.985280000000000441e-04,-1.286701999999999985e-02,-1.291824000000000097e-02
3.985920000000000218e-04,-1.286701999999999985e-02,-1.291824000000000097e-02
3.986559999999999995e-04,-1.801383999999999971e-02,-5.167299999999999671e-03
3.987200000000000314e-04,-1.029361999999999985e-02,-7.750940000000000434e-03
3.987840000000000091e-04,-7.720219999999999860e-03,-7.750940000000000434e-03
3.988480000000000410e-04,-5.146819999999999867e-03,-1.291824000000000097e-02
3.989120000000000187e-04,-1.286701999999999985e-02,-1.808554000000000064e-02
3.989760000000000507e-04,-1.801383999999999971e-02,-1.808554000000000064e-02
3.990400000000000284e-04,-1.029361999999999985e-02,-1.033459999999999934e-02
3.991040000000000061e-04,-1.801383999999999971e-02,-1.550189999999999901e-02
3.991680000000000380e-04,-1.286701999999999985e-02,-1.291824000000000097e-02
3.992320000000000157e-04,-1.286701999999999985e-02,-1.033459999999999934e-02
3.992960000000000476e-04,-1.544043999999999972e-02,-7.750940000000000434e-03
3.993600000000000253e-04,-1.286701999999999985e-02,-7.750940000000000434e-03
3.994240000000000030e-04,-1.544043999999999972e-02,-1.291824000000000097e-02
3.994880000000000349e-04,-1.029361999999999985e-02,-1.291824000000000097e-02
3.995520000000000126e-04,-2.573399999999999993e-02,-1.291824000000000097e-02
3.996160000000000445e-04,-7.720219999999999860e-03,-7.750940000000000434e-03
3.996800000000000222e-04,-1.544043999999999972e-02,-1.291824000000000097e-02
3.997439999999999999e-04,-1.544043999999999972e-02,-1.550189999999999901e-02
3.998080000000000318e-04,-1.286701999999999985e-02,-1.808554000000000064e-02
3.998720000000000096e-04,-1.544043999999999972e-02,-1.291824000000000097e-02
3.999360000000000415e-04,-1.029361999999999985e-02,-2.583640000000000329e-03
4.000000000000000192e-04,-1.029361999999999985e-02,-1.033459999999999934e-02
4.000640000000000511e-04,-1.029361999999999985e-02,-1.033459999999999934e-02
4.001280000000000288e-04,-1.029361999999999985e-02,-5.167299999999999671e-03
4.001920000000000065e-04,-1.029361999999999985e-02,-1.550189999999999901e-02
4.002560000000000384e-04,-1.029361999999999985e-02,-1.033459999999999934e-02
4.003200000000000161e-04,-1.029361999999999985e-02,-1.291824000000000097e-02
4.003840000000000480e-04,-1.801383999999999971e-02,-1.033459999999999934e-02
4.004480000000000257e-04,-1.544043999999999972e-02,-1.033459999999999934e-02
4.005120000000000034e-04,-1.544043999999999972e-02,-1.808554000000000064e-02
4.005760000000000353e-04,-1.286701999999999985e-02,-7.750940000000000434e-03
4.006400000000000130e-04,-7.720219999999999860e-03,-1.033459999999999934e-02
4.007040000000000450e-04,-1.286701999999999985e-02,-1.808554000000000064e-02
4.007680000000000227e-04,-1.029361999999999985e-02,-1.550189999999999901e-02
4.008320000000000004e-04,-1.286701999999999985e-02,-1.033459999999999934e-02
4.008960000000000323e-04,-1.286701999999999985e-02,-1.291824000000000097e-02
4.009600000000000100e-04,-1.286701999999999985e-02,-1.550189999999999901e-02
4.010240000000000419e-04,-7.720219999999999860e-03,-1.291824000000000097e-02
4.010880000000000196e-04,-1.029361999999999985e-02,-7.750940000000000434e-03
4.011520000000000515e-04,-1.029361999999999985e-02,-1.033459999999999934e-02
4.012160000000000292e-04,-1.544043999999999972e-02,-1.291824000000000097e-02
4.012800000000000069e-04,-1.029361999999999985e-02,-1.291824000000000097e-02
4.013440000000000388e-04,-1.801383999999999971e-02,-1.291824000000000097e-02
4.014080000000000165e-04,-1.286701999999999985e-02,-1.550189999999999901e-02
4.014720000000000484e-04,-1.544043999999999972e-02,-1.291824000000000097e-02
4.015360000000000261e-04,-1.544043999999999972e-02,-1.550189999999999901e-02
4.016000000000000038e-04,-2.058719999999999994e-02,-7.750940000000000434e-03
4.016640000000000358e-04,-1.801383999999999971e-02,-7.750940000000000434e-03
4.017280000000000135e-04,-1.544043999999999972e-02,-1.808554000000000064e-02
4.017920000000000454e-04,-7.720219999999999860e-03,-1.033459999999999934e-02
4.018560000000000231e-04,-1.286701999999999985e-02,-1.291824000000000097e-02
4.019200000000000008e-04,-1.029361999999999985e-02,-1.550189999999999901e-02
4.019840000000000327e-04,-1.801383999999999971e-02,-7.750940000000000434e-03
4.020480000000000104e-04,-7.720219999999999860e-03,-1.291824000000000097e-02
4.021120000000000423e-04,-7.720219999999999860e-03,-7.750940000000000434e-03
4.021760000000000200e-04,-1.286701999999999985e-02,-5.167299999999999671e-03
4.022400000000000519e-04,-1.029361999999999985e-02,-7.750940000000000434e-03
4.023040000000000296e-04,-1.286701999999999985e-02,-1.033459999999999934e-02
4.023680000000000073e-04,-1.544043999999999972e-02,0.000000000000000000e+00
4.024320000000000393e-04,-1.286701999999999985e-02,-1.550189999999999901e-02
4.024960000000000170e-04,-1.286701999999999985e-02,-2.583640000000000329e-03
4.025600000000000489e-04,-1.029361999999999985e-02,-5.167299999999999671e-03
4.026240000000000266e-04,-1.029361999999999985e-02,-7.750940000000000434e-03
4.026880000000000043e-04,-1.544043999999999972e-02,-2.583640000000000329e-03
4.027520000000000362e-04,-1.286701999999999985e-02,-5.167299999999999671e-03
4.028160000000000139e-04,-1.544043999999999972e-02,-1.033459999999999934e-02
4.028800000000000458e-04,-1.544043999999999972e-02,-1.033459999999999934e-02
4.029440000000000235e-04,-7.720219999999999860e-03,-1.291824000000000097e-02
4.030080000000000012e-04,-1.029361999999999985e-02,-1.033459999999999934e-02
4.030720000000000331e-04,-1.544043999999999972e-02,0.000000000000000000e+00
4.031360000000000108e-04,-2.058719999999999994e-02,-5.167299999999999671e-03
4.032000000000000427e-04,-1.286701999999999985e-02,-1.033459999999999934e-02
4.032640000000000204e-04,-1.029361999999999985e-02,-7.750940000000000434e-03
4.033279999999999981e-04,-1.286701999999999985e-02,-5.167299999999999671e-03
4.033920000000000301e-04,-1.544043999999999972e-02,-5.167299999999999671e-03
4.034560000000000078e-04,-1.544043999999999972e-02,-7.750940000000000434e-03
4.035200000000000397e-04,-1.286701999999999985e-02,-7.750940000000000434e-03
4.035840000000000174e-04,-1.029361999999999985e-02,-1.033459999999999934e-02
4.036480000000000493e-04,-1.029361999999999985e-02,-7.750940000000000434e-03
4.037120000000000270e-04,-1.286701999999999985e-02,-7.750940000000000434e-03
4.037760000000000047e-04,-1.801383999999999971e-02,-1.033459999999999934e-02
4.038400000000000366e-04,-7.720219999999999860e-03,-1.033459999999999934e-02
4.039040000000000143e-04,-1.286701999999999985e-02,-1.291824000000000097e-02
4.039680000000000462e-04,-1.544043999999999972e-02,-1.291824000000000097e-02
4.040320000000000239e-04,-1.801383999999999971e-02,-7.750940000000000434e-03
4.040960000000000016e-04,-1.286701999999999985e-02,-1.033459999999999934e-02
4.041600000000000335e-04,-1.029361999999999985e-02,-1.033459999999999934e-02
4.042240000000000113e-04,-2.573399999999999993e-03,-5.167299999999999671e-03
4.042880000000000432e-04,-1.286701999999999985e-02,-7.750940000000000434e-03
4.043520000000000209e-04,-5.146819999999999867e-03,-7.750940000000000434e-03
4.044159999999999986e-04,0.000000000000000000e+00,-7.750940000000000434e-03
4.044800000000000305e-04,-5.146819999999999867e-03,-7.750940000000000434e-03
4.045440000000000082e-04,-1.029361999999999985e-02,-1.291824000000000097e-02
4.046080000000000401e-04,-1.286701999999999985e-02,-1.033459999999999934e-02
4.046720000000000178e-04,0.000000000000000000e+00,-7.750940000000000434e-03
4.047360000000000497e-04,-1.029361999999999985e-02,-1.291824000000000097e-02
4.048000000000000274e-04,-1.029361999999999985e-02,-7.750940000000000434e-03
4.048640000000000051e-04,-5.146819999999999867e-03,-7.750940000000000434e-03
4.049280000000000370e-04,-1.286701999999999985e-02,-1.033459999999999934e-02
4.049920000000000147e-04,-1.029361999999999985e-02,-7.750940000000000434e-03
4.050560000000000467e-04,-2.573399999999999993e-03,-1.291824000000000097e-02
4.051200000000000244e-04,-5.146819999999999867e-03,-1.033459999999999934e-02
4.051840000000000021e-04,-2.573399999999999993e-03,-1.033459999999999934e-02
4.052480000000000340e-04,-5.146819999999999867e-03,-1.291824000000000097e-02
4.053120000000000117e-04,-5.146819999999999867e-03,-7.750940000000000434e-03
4.053760000000000436e-04,-1.029361999999999985e-02,-1.291824000000000097e-02
4.054400000000000213e-04,-1.286701999999999985e-02,-1.033459999999999934e-02
4.055039999999999990e-04,-7.720219999999999860e-03,-5.167299999999999671e-03
4.055680000000000309e-04,-7.720219999999999860e-03,-1.550189999999999901e-02
4.056320000000000086e-04,0.000000000000000000e+00,-7.750940000000000434e-03
4.056960000000000405e-04,-2.573399999999999993e-03,-1.550189999999999901e-02
4.057600000000000182e-04,-7.720219999999999860e-03,-1.033459999999999934e-02
4.058240000000000501e-04,-2.573399999999999993e-03,-7.750940000000000434e-03
4.058880000000000278e-04,-1.029361999999999985e-02,-7.750940000000000434e-03
4.059520000000000056e-04,-7.720219999999999860e-03,-5.167299999999999671e-03
4.060160000000000375e-04,-5.146819999999999867e-03,-5.167299999999999671e-03
4.060800000000000152e-04,-7.720219999999999860e-03,-5.167299999999999671e-03
4.061440000000000471e-04,-5.146819999999999867e-03,-5.167299999999999671e-03
4.062080000000000248e-04,-1.544043999999999972e-02,-1.033459999999999934e-02
4.062720000000000025e-04,-1.286701999999999985e-02,-7.750940000000000434e-03
4.063360000000000344e-04,-5.146819999999999867e-03,-5.167299999999999671e-03
4.064000000000000121e-04,-7.720219999999999860e-03,-7.750940000000000434e-03
4.064640000000000440e-04,-7.720219999999999860e-03,-7.750940000000000434e-03
4.065280000000000217e-04,-1.286701999999999985e-02,-1.808554000000000064e-02
4.065919999999999994e-04,-1.029361999999999985e-02,-1.033459999999999934e-02
4.066560000000000313e-04,-7.720219999999999860e-03,-1.291824000000000097e-02
4.067200000000000090e-04,-7.720219999999999860e-03,-1.033459999999999934e-02
4.067840000000000410e-04,-2.573399999999999993e-03,-1.291824000000000097e-02
4.068480000000000187e-04,-1.286701999999999985e-02,-1.033459999999999934e-02
4.069120000000000506e-04,-2.573399999999999993e-03,-5.167299999999999671e-03
4.069760000000000283e-04,-7.720219999999999860e-03,-2.583640000000000329e-03
4.070400000000000060e-04,-1.029361999999999985e-02,-1.033459999999999934e-02
4.071040000000000379e-04,-1.029361999999999985e-02,-2.583640000000000329e-03
4.071680000000000156e-04,-1.029361999999999985e-02,-1.033459999999999934e-02
4.072320000000000475e-04,-1.029361999999999985e-02,-1.033459999999999934e-02
4.072960000000000252e-04,-7.720219999999999860e-03,-1.550189999999999901e-02
4.073600000000000029e-04,-1.029361999999999985e-02,-1.033459999999999934e-02
4.074240000000000348e-04,-1.029361999999999985e-02,-1.550189999999999901e-02
4.074880000000000125e-04,-1.286701999999999985e-02,-1.550189999999999901e-02
4.075520000000000444e-04,-1.029361999999999985e-02,-1.291824000000000097e-02
4.076160000000000221e-04,-5.146819999999999867e-03,-7.750940000000000434e-03
4.076799999999999998e-04,-2.573399999999999993e-03,-1.808554000000000064e-02
4.077440000000000318e-04,-1.544043999999999972e-02,-1.550189999999999901e-02
4.078080000000000095e-04,-5.146819999999999867e-03,-1.550189999999999901e-02
4.078720000000000414e-04,-1.286701999999999985e-02,-1.033459999999999934e-02
4.079360000000000191e-04,-7.720219999999999860e-03,-1.550189999999999901e-02
4.080000000000000510e-04,-7.720219999999999860e-03,-1.550189999999999901e-02
4.080640000000000287e-04,-7.720219999999999860e-03,-1.550189999999999901e-02
4.081280000000000064e-04,-2.573399999999999993e-03,-1.291824000000000097e-02
4.081920000000000383e-04,-7.720219999999999860e-03,-1.291824000000000097e-02
4.082560000000000160e-04,-1.029361999999999985e-02,-1.550189999999999901e-02
4.083200000000000479e-04,-1.029361999999999985e-02,-1.291824000000000097e-02
4.083840000000000256e-04,-1.029361999999999985e-02,-1.291824000000000097e-02
4.084480000000000033e-04,-1.029361999999999985e-02,-1.808554000000000064e-02
4.085120000000000352e-04,-7.720219999999999860e-03,-1.291824000000000097e-02
4.085760000000000130e-04,-5.146819999999999867e-03,-5.167299999999999671e-03
4.086400000000000449e-04,-2.573399999999999993e-03,-1.291824000000000097e-02
4.087040000000000226e-04,-7.720219999999999860e-03,-1.808554000000000064e-02
4.087680000000000003e-04,-1.029361999999999985e-02,-1.291824000000000097e-02
4.088320000000000322e-04,-2.573399999999999993e-03,-1.550189999999999901e-02
4.088960000000000099e-04,-1.029361999999999985e-02,-1.550189999999999901e-02
4.089600000000000418e-04,-1.286701999999999985e-02,-1.550189999999999901e-02
4.090240000000000195e-04,-5.146819999999999867e-03,-1.291824000000000097e-02
4.090880000000000514e-04,0.000000000000000000e+00,-1.033459999999999934e-02
4.091520000000000291e-04,-1.544043999999999972e-02,-7.750940000000000434e-03
4.092160000000000068e-04,-1.029361999999999985e-02,-1.291824000000000097e-02
4.092800000000000387e-04,-1.286701999999999985e-02,-1.808554000000000064e-02
4.093440000000000164e-04,-5.146819999999999867e-03,-1.550189999999999901e-02
4.094080000000000484e-04,-7.720219999999999860e-03,-2.066919999999999868e-02
4.094720000000000261e-04,-1.286701999999999985e-02,-2.066919999999999868e-02
4.095360000000000038e-04,-1.029361999999999985e-02,-1.550189999999999901e-02
4.096000000000000357e-04,-1.544043999999999972e-02,-1.291824000000000097e-02
4.096640000000000134e-04,-5.146819999999999867e-03,-1.550189999999999901e-02
4.097280000000000453e-04,-7.720219999999999860e-03,-1.550189999999999901e-02
4.097920000000000230e-04,-1.029361999999999985e-02,-1.291824000000000097e-02
4.098560000000000007e-04,-5.146819999999999867e-03,-2.325279999999999708e-02
4.099200000000000326e-04,-7.720219999999999860e-03,-1.808554000000000064e-02
4.099840000000000103e-04,-1.286701999999999985e-02,-1.550189999999999901e-02
4.100480000000000422e-04,-2.573399999999999993e-03,-1.033459999999999934e-02
4.101120000000000199e-04,-7.720219999999999860e-03,-1.033459999999999934e-02
4.101760000000000518e-04,-1.286701999999999985e-02,-7.750940000000000434e-03
4.102400000000000295e-04,5.146819999999999867e-03,-1.291824000000000097e-02
4.103040000000000073e-04,-7.720219999999999860e-03,-7.750940000000000434e-03
4.103680000000000392e-04,-7.720219999999999860e-03,-1.033459999999999934e-02
4.104320000000000169e-04,-2.573399999999999993e-03,-2.066919999999999868e-02
4.104960000000000488e-04,-5.146819999999999867e-03,-7.750940000000000434e-03
4.105600000000000265e-04,-1.801383999999999971e-02,-1.033459999999999934e-02
4.106240000000000042e-04,-1.286701999999999985e-02,-1.033459999999999934e-02
4.106880000000000361e-04,-7.720219999999999860e-03,-1.033459999999999934e-02
4.107520000000000138e-04,-7.720219999999999860e-03,-1.291824000000000097e-02
4.108160000000000457e-04,0.000000000000000000e+00,-1.033459999999999934e-02
4.108800000000000234e-04,-7.720219999999999860e-03,-1.291824000000000097e-02
4.109440000000000011e-04,-7.720219999999999860e-03,-1.550189999999999901e-02
4.110080000000000330e-04,-1.544043999999999972e-02,-1.291824000000000097e-02
4.110720000000000107e-04,-1.029361999999999985e-02,-1.808554000000000064e-02
4.111360000000000427e-04,-1.286701999999999985e-02,-2.583639999999999895e-02
4.112000000000000204e-04,-1.286701999999999985e-02,-1.808554000000000064e-02
4.112640000000000523e-04,-1.286701999999999985e-02,-1.291824000000000097e-02
4.113280000000000300e-04,-2.573399999999999993e-03,-1.291824000000000097e-02
4.113920000000000077e-04,-1.544043999999999972e-02,-1.033459999999999934e-02
4.114560000000000396e-04,-1.801383999999999971e-02,-1.291824000000000097e-02
4.115200000000000173e-04,-7.720219999999999860e-03,-1.550189999999999901e-02
4.115840000000000492e-04,-1.544043999999999972e-02,-1.291824000000000097e-02
4.116480000000000269e-04,-7.720219999999999860e-03,-1.033459999999999934e-02
4.117120000000000046e-04,-1.544043999999999972e-02,-1.808554000000000064e-02
4.117760000000000365e-04,-1.029361999999999985e-02,-1.808554000000000064e-02
4.118400000000000142e-04,-1.544043999999999972e-02,-1.033459999999999934e-02
4.119040000000000461e-04,-1.286701999999999985e-02,-1.550189999999999901e-02
4.119680000000000238e-04,-5.146819999999999867e-03,-7.750940000000000434e-03
4.120320000000000015e-04,-1.286701999999999985e-02,-1.033459999999999934e-02
4.120960000000000335e-04,-1.801383999999999971e-02,-2.066919999999999868e-02
4.121600000000000112e-04,-7.720219999999999860e-03,-1.033459999999999934e-02
4.122240000000000431e-04,-1.029361999999999985e-02,-1.291824000000000097e-02
4.122880000000000208e-04,-7.720219999999999860e-03,-1.808554000000000064e-02
4.123520000000000527e-04,-1.286701999999999985e-02,-1.550189999999999901e-02
4.124160000000000304e-04,-7.720219999999999860e-03,-1.291824000000000097e-02
4.124800000000000081e-04,-1.544043999999999972e-02,-1.808554000000000064e-02
4.125440000000000400e-04,-1.029361999999999985e-02,-1.550189999999999901e-02
4.126080000000000177e-04,-2.058719999999999994e-02,-1.550189999999999901e-02
4.126720000000000496e-04,-1.286701999999999985e-02,-1.291824000000000097e-02
4.127360000000000273e-04,-1.286701999999999985e-02,-1.291824000000000097e-02
4.128000000000000050e-04,-1.286701999999999985e-02,-1.033459999999999934e-02
4.128640000000000370e-04,-1.544043999999999972e-02,-1.550189999999999901e-02
4.129280000000000147e-04,-1.801383999999999971e-02,-1.550189999999999901e-02
4.129920000000000466e-04,-1.544043999999999972e-02,-7.750940000000000434e-03
4.130560000000000243e-04,-1.544043999999999972e-02,-1.808554000000000064e-02
4.131200000000000020e-04,-7.720219999999999860e-03,-1.808554000000000064e-02
4.131840000000000339e-04,-1.029361999999999985e-02,-1.291824000000000097e-02
4.132480000000000116e-04,-1.029361999999999985e-02,-1.550189999999999901e-02
4.133120000000000435e-04,-1.029361999999999985e-02,-1.808554000000000064e-02
4.133760000000000212e-04,-1.544043999999999972e-02,-7.750940000000000434e-03
4.134399999999999989e-04,-7.720219999999999860e-03,-1.808554000000000064e-02
4.135040000000000308e-04,-1.029361999999999985e-02,-1.808554000000000064e-02
4.135680000000000085e-04,-1.544043999999999972e-02,-2.325279999999999708e-02
4.136320000000000404e-04,-1.029361999999999985e-02,-1.291824000000000097e-02
4.136960000000000181e-04,-1.544043999999999972e-02,-1.550189999999999901e-02
4.137600000000000501e-04,-5.146819999999999867e-03,-1.291824000000000097e-02
4.138240000000000278e-04,-1.029361999999999985e-02,-1.291824000000000097e-02
4.138880000000000055e-04,-1.286701999999999985e-02,-7.750940000000000434e-03
4.139520000000000374e-04,-7.720219999999999860e-03,-2.066919999999999868e-02
4.140160000000000151e-04,-1.544043999999999972e-02,-1.550189999999999901e-02
4.140800000000000470e-04,-5.146819999999999867e-03,-1.033459999999999934e-02
4.141440000000000247e-04,-1.029361999999999985e-02,-1.291824000000000097e-02
4.142080000000000024e-04,-1.286701999999999985e-02,-2.325279999999999708e-02
4.142720000000000343e-04,-1.544043999999999972e-02,-5.167299999999999671e-03
4.143360000000000120e-04,-2.058719999999999994e-02,-1.033459999999999934e-02
4.144000000000000439e-04,-2.573399999999999993e-02,-1.808554000000000064e-02
4.144640000000000216e-04,-1.544043999999999972e-02,-7.750940000000000434e-03
4.145279999999999993e-04,-1.544043999999999972e-02,-1.033459999999999934e-02
4.145920000000000312e-04,-1.286701999999999985e-02,-1.808554000000000064e-02
4.146560000000000090e-04,-1.029361999999999985e-02,-1.808554000000000064e-02
4.147200000000000409e-04,-1.029361999999999985e-02,-1.550189999999999901e-02
4.147840000000000186e-04,-1.286701999999999985e-02,-1.033459999999999934e-02
4.148480000000000505e-04,-1.801383999999999971e-02,-7.750940000000000434e-03
4.149120000000000282e-04,-1.286701999999999985e-02,-1.033459999999999934e-02
4.149760000000000059e-04,-1.286701999999999985e-02,-7.750940000000000434e-03
4.150400000000000378e-04,-1.286701999999999985e-02,-1.291824000000000097e-02
4.151040000000000155e-04,-1.801383999999999971e-02,-1.291824000000000097e-02
4.151680000000000474e-04,-1.544043999999999972e-02,-1.033459999999999934e-02
4.152320000000000251e-04,-7.720219999999999860e-03,-1.550189999999999901e-02
4.152960000000000028e-04,-1.286701999999999985e-02,-1.033459999999999934e-02
4.153600000000000347e-04,-1.286701999999999985e-02,-1.550189999999999901e-02
4.154240000000000124e-04,-1.544043999999999972e-02,-1.550189999999999901e-02
4.154880000000000444e-04,-2.058719999999999994e-02,-2.583640000000000329e-03
4.155520000000000221e-04,-1.286701999999999985e-02,-1.550189999999999901e-02
4.156159999999999998e-04,-1.286701999999999985e-02,-1.550189999999999901e-02
4.156800000000000317e-04,-1.029361999999999985e-02,-1.291824000000000097e-02
4.157440000000000094e-04,-1.286701999999999985e-02,-1.291824000000000097e-02
4.158080000000000413e-04,-1.801383999999999971e-02,-5.167299999999999671e-03
4.158720000000000190e-04,-1.544043999999999972e-02,-1.291824000000000097e-02
4.159360000000000509e-04,-1.801383999999999971e-02,-7.750940000000000434e-03
4.160000000000000286e-04,-1.544043999999999972e-02,-1.808554000000000064e-02
4.160640000000000063e-04,-1.286701999999999985e-02,-2.583640000000000329e-03
4.161280000000000382e-04,-2.058719999999999994e-02,-1.033459999999999934e-02
4.161920000000000159e-04,-1.544043999999999972e-02,-1.291824000000000097e-02
4.162560000000000478e-04,-1.544043999999999972e-02,-1.550189999999999901e-02
4.163200000000000255e-04,-1.029361999999999985e-02,-2.583640000000000329e-03
4.163840000000000032e-04,-7.720219999999999860e-03,-7.750940000000000434e-03
4.164480000000000352e-04,-1.544043999999999972e-02,-1.291824000000000097e-02
4.165120000000000129e-04,-1.801383999999999971e-02,-7.750940000000000434e-03
4.165760000000000448e-04,-1.801383999999999971e-02,-7.750940000000000434e-03
4.166400000000000225e-04,-1.029361999999999985e-02,-1.291824000000000097e-02
4.167040000000000002e-04,-2.058719999999999994e-02,-7.750940000000000434e-03
4.167680000000000321e-04,-1.286701999999999985e-02,-1.033459999999999934e-02
4.168320000000000098e-04,-1.029361999999999985e-02,-1.033459999999999934e-02
4.168960000000000417e-04,-1.029361999999999985e-02,-1.291824000000000097e-02
4.169600000000000194e-04,-1.801383999999999971e-02,-5.167299999999999671e-03
4.170240000000000513e-04,-1.544043999999999972e-02,-1.033459999999999934e-02
4.170880000000000290e-04,-1.544043999999999972e-02,-5.167299999999999671e-03
4.171520000000000067e-04,-1.801383999999999971e-02,-7.750940000000000434e-03
4.172160000000000387e-04,-1.029361999999999985e-02,-1.550189999999999901e-02
4.172800000000000164e-04,-1.544043999999999972e-02,-1.291824000000000097e-02
4.173440000000000483e-04,-1.801383999999999971e-02,-7.750940000000000434e-03
4.174080000000000260e-04,-1.801383999999999971e-02,-7.750940000000000434e-03
4.174720000000000037e-04,-1.029361999999999985e-02,-1.033459999999999934e-02
4.175360000000000356e-04,-1.801383999999999971e-02,-1.291824000000000097e-02
4.176000000000000133e-04,-1.801383999999999971e-02,-7.750940000000000434e-03
4.176640000000000452e-04,-1.286701999999999985e-02,-1.033459999999999934e-02
4.177280000000000229e-04,-1.801383999999999971e-02,-1.033459999999999934e-02
4.177920000000000006e-04,-1.286701999999999985e-02,-1.291824000000000097e-02
4.178560000000000325e-04,-1.801383999999999971e-02,5.167299999999999671e-03
4.179200000000000102e-04,-1.801383999999999971e-02,-1.033459999999999934e-02
4.179840000000000421e-04,-1.801383999999999971e-02,-5.167299999999999671e-03
4.180480000000000198e-04,-1.286701999999999985e-02,-1.291824000000000097e-02
4.181120000000000518e-04,-1.544043999999999972e-02,-1.033459999999999934e-02
4.181760000000000295e-04,-2.058719999999999994e-02,-1.808554000000000064e-02
4.182400000000000072e-04,-1.801383999999999971e-02,-1.291824000000000097e-02
4.183040000000000391e-04,-1.286701999999999985e-02,-2.583640000000000329e-03
4.183680000000000168e-04,-1.801383999999999971e-02,-5.167299999999999671e-03
4.184320000000000487e-04,-1.544043999999999972e-02,-1.291824000000000097e-02
4.184960000000000264e-04,-5.146819999999999867e-03,-7.750940000000000434e-03
4.185600000000000041e-04,-2.058719999999999994e-02,-5.167299999999999671e-03
4.186240000000000360e-04,-1.544043999999999972e-02,-1.033459999999999934e-02
4.186880000000000137e-04,-1.544043999999999972e-02,-7.750940000000000434e-03
4.187520000000000456e-04,-2.316059999999999994e-02,-1.033459999999999934e-02
4.188160000000000233e-04,-1.544043999999999972e-02,-1.033459999999999934e-02
4.188800000000000010e-04,-1.801383999999999971e-02,-7.750940000000000434e-03
4.189440000000000329e-04,-1.286701999999999985e-02,-5.167299999999999671e-03
4.190080000000000107e-04,-1.544043999999999972e-02,-7.750940000000000434e-03
4.190720000000000426e-04,-1.544043999999999972e-02,-1.033459999999999934e-02
4.191360000000000203e-04,-1.801383999999999971e-02,-1.291824000000000097e-02
4.192000000000000522e-04,-1.029361999999999985e-02,-1.550189999999999901e-02
4.192640000000000299e-04,-1.544043999999999972e-02,-1.550189999999999901e-02
4.193280000000000076e-04,-1.286701999999999985e-02,-1.291824000000000097e-02
4.193920000000000395e-04,-1.286701999999999985e-02,-7.750940000000000434e-03
4.194560000000000172e-04,-1.544043999999999972e-02,-1.291824000000000097e-02
4.195200000000000491e-04,-1.286701999999999985e-02,-1.033459999999999934e-02
4.195840000000000268e-04,-1.801383999999999971e-02,-1.033459999999999934e-02
4.196480000000000045e-04,-1.544043999999999972e-02,-2.583640000000000329e-03
4.197120000000000364e-04,-1.286701999999999985e-02,-1.033459999999999934e-02
4.197760000000000141e-04,-1.544043999999999972e-02,-7.750940000000000434e-03
4.198400000000000461e-04,-1.544043999999999972e-02,-1.033459999999999934e-02
4.199040000000000238e-04,-1.801383999999999971e-02,-1.291824000000000097e-02
4.199680000000000015e-04,-1.286701999999999985e-02,-1.033459999999999934e-02
4.200320000000000334e-04,-1.029361999999999985e-02,-1.033459999999999934e-02
4.200960000000000111e-04,-2.316059999999999994e-02,-1.291824000000000097e-02
4.201600000000000430e-04,-1.544043999999999972e-02,-1.033459999999999934e-02
4.202240000000000207e-04,-2.573399999999999993e-02,-1.033459999999999934e-02
4.202880000000000526e-04,-1.544043999999999972e-02,-1.291824000000000097e-02
4.203520000000000303e-04,-1.286701999999999985e-02,-1.033459999999999934e-02
4.204160000000000080e-04,-2.316059999999999994e-02,0.000000000000000000e+00
4.204800000000000399e-04,-1.544043999999999972e-02,-7.750940000000000434e-03
4.205440000000000176e-04,-1.029361999999999985e-02,-5.167299999999999671e-03
4.206080000000000495e-04,-1.544043999999999972e-02,-1.033459999999999934e-02
4.206720000000000272e-04,-1.544043999999999972e-02,-1.033459999999999934e-02
4.207360000000000049e-04,-1.544043999999999972e-02,-1.033459999999999934e-02
4.208000000000000369e-04,-1.286701999999999985e-02,-2.583640000000000329e-03
4.208640000000000146e-04,-1.544043999999999972e-02,-7.750940000000000434e-03
4.209280000000000465e-04,-1.544043999999999972e-02,-1.033459999999999934e-02
4.209920000000000242e-04,-1.544043999999999972e-02,-1.033459999999999934e-02
4.210560000000000019e-04,-1.029361999999999985e-02,-7.750940000000000434e-03
4.211200000000000338e-04,-7.720219999999999860e-03,-1.808554000000000064e-02
4.211840000000000115e-04,-1.286701999999999985e-02,-1.808554000000000064e-02
4.212480000000000434e-04,-1.286701999999999985e-02,-7.750940000000000434e-03
4.213120000000000211e-04,-7.720219999999999860e-03,-1.033459999999999934e-02
4.213760000000000530e-04,-1.029361999999999985e-02,-1.808554000000000064e-02
4.214400000000000307e-04,-2.058719999999999994e-02,-1.808554000000000064e-02
4.215040000000000084e-04,-1.029361999999999985e-02,-1.033459999999999934e-02
4.215680000000000404e-04,-1.544043999999999972e-02,-1.550189999999999901e-02
4.216320000000000181e-04,-1.029361999999999985e-02,-1.550189999999999901e-02
4.216960000000000500e-04,-1.544043999999999972e-02,-1.291824000000000097e-02
4.217600000000000277e-04,-1.801383999999999971e-02,-1.291824000000000097e-02
4.218240000000000054e-04,-7.720219999999999860e-03,-1.033459999999999934e-02
4.218880000000000373e-04,-7.720219999999999860e-03,-1.291824000000000097e-02
4.219520000000000150e-04,-1.801383999999999971e-02,-1.808554000000000064e-02
4.220160000000000469e-04,-1.029361999999999985e-02,-1.291824000000000097e-02
4.220800000000000246e-04,-1.029361999999999985e-02,-5.167299999999999671e-03
4.221440000000000023e-04,-1.286701999999999985e-02,-1.291824000000000097e-02
4.222080000000000342e-04,-1.286701999999999985e-02,-7.750940000000000434e-03
4.222720000000000119e-04,-1.544043999999999972e-02,-2.066919999999999868e-02
4.223360000000000438e-04,-7.720219999999999860e-03,-1.291824000000000097e-02
4.224000000000000215e-04,-2.573399999999999993e-03,-1.291824000000000097e-02
4.224639999999999992e-04,-1.286701999999999985e-02,-1.550189999999999901e-02
4.225280000000000312e-04,-1.029361999999999985e-02,-2.842019999999999963e-02
4.225920000000000089e-04,-1.286701999999999985e-02,-7.750940000000000434e-03
4.226560000000000408e-04,-5.146819999999999867e-03,-1.550189999999999901e-02
4.227200000000000185e-04,-7.720219999999999860e-03,-1.808554000000000064e-02
4.227840000000000504e-04,-5.146819999999999867e-03,-1.550189999999999901e-02
4.228480000000000281e-04,-1.029361999999999985e-02,-1.550189999999999901e-02
4.229120000000000058e-04,-7.720219999999999860e-03,-7.750940000000000434e-03
4.229760000000000377e-04,-2.573399999999999993e-03,-1.291824000000000097e-02
4.230400000000000154e-04,-5.146819999999999867e-03,-7.750940000000000434e-03
4.231040000000000473e-04,-1.029361999999999985e-02,-1.550189999999999901e-02
4.231680000000000250e-04,-7.720219999999999860e-03,-1.291824000000000097e-02
4.232320000000000027e-04,-2.573399999999999993e-03,-1.291824000000000097e-02
4.232960000000000346e-04,-1.286701999999999985e-02,-1.291824000000000097e-02
4.233600000000000124e-04,-1.286701999999999985e-02,-1.291824000000000097e-02
4.234240000000000443e-04,-1.029361999999999985e-02,-1.550189999999999901e-02
4.234880000000000220e-04,-5.146819999999999867e-03,-1.291824000000000097e-02
4.235519999999999997e-04,-7.720219999999999860e-03,-1.033459999999999934e-02
4.236160000000000316e-04,-7.720219999999999860e-03,-5.167299999999999671e-03
4.236800000000000093e-04,-1.286701999999999985e-02,-1.808554000000000064e-02
4.237440000000000412e-04,-7.720219999999999860e-03,-1.808554000000000064e-02
4.238080000000000189e-04,-1.029361999999999985e-02,-1.291824000000000097e-02
4.238720000000000508e-04,0.000000000000000000e+00,-1.033459999999999934e-02
4.239360000000000285e-04,-7.720219999999999860e-03,-1.291824000000000097e-02
4.240000000000000062e-04,-1.029361999999999985e-02,-1.550189999999999901e-02
4.240640000000000381e-04,-1.286701999999999985e-02,-1.291824000000000097e-02
4.241280000000000158e-04,-1.544043999999999972e-02,-1.550189999999999901e-02
4.241920000000000478e-04,-1.029361999999999985e-02,-1.033459999999999934e-02
4.242560000000000255e-04,-7.720219999999999860e-03,-1.550189999999999901e-02
4.243200000000000032e-04,-5.146819999999999867e-03,-1.808554000000000064e-02
4.243840000000000351e-04,-5.146819999999999867e-03,-7.750940000000000434e-03
4.244480000000000128e-04,-1.029361999999999985e-02,-5.167299999999999671e-03
4.245120000000000447e-04,-1.029361999999999985e-02,-2.066919999999999868e-02
4.245760000000000224e-04,-1.544043999999999972e-02,-1.033459999999999934e-02
4.246400000000000001e-04,-1.029361999999999985e-02,-1.808554000000000064e-02
4.247040000000000320e-04,-7.720219999999999860e-03,-1.291824000000000097e-02
4.247680000000000097e-04,-1.029361999999999985e-02,-1.291824000000000097e-02
4.248320000000000416e-04,-1.286701999999999985e-02,-1.291824000000000097e-02
4.248960000000000193e-04,-5.146819999999999867e-03,-1.291824000000000097e-02
4.249600000000000512e-04,-5.146819999999999867e-03,-1.550189999999999901e-02
4.250240000000000289e-04,-7.720219999999999860e-03,-1.291824000000000097e-02
4.250880000000000066e-04,-7.720219999999999860e-03,-1.033459999999999934e-02
4.251520000000000386e-04,5.146819999999999867e-03,-1.033459999999999934e-02
4.252160000000000163e-04,-1.029361999999999985e-02,-1.808554000000000064e-02
4.252800000000000482e-04,-1.029361999999999985e-02,-1.550189999999999901e-02
4.253440000000000259e-04,-1.029361999999999985e-02,-1.550189999999999901e-02
4.254080000000000036e-04,-1.029361999999999985e-02,-1.550189999999999901e-02
4.254720000000000355e-04,-1.286701999999999985e-02,-1.033459999999999934e-02
4.255360000000000132e-04,-7.720219999999999860e-03,-7.750940000000000434e-03
4.256000000000000451e-04,-7.720219999999999860e-03,-1.033459999999999934e-02
4.256640000000000228e-04,-5.146819999999999867e-03,-1.808554000000000064e-02
4.257280000000000005e-04,-5.146819999999999867e-03,-1.033459999999999934e-02
4.257920000000000324e-04,-1.544043999999999972e-02,-2.325279999999999708e-02
4.258560000000000101e-04,-7.720219999999999860e-03,-2.583640000000000329e-03
4.259200000000000421e-04,-2.573399999999999993e-03,-7.750940000000000434e-03
4.259840000000000198e-04,-5.146819999999999867e-03,-1.550189999999999901e-02
4.260480000000000517e-04,-1.029361999999999985e-02,-1.808554000000000064e-02
4.261120000000000294e-04,-2.573399999999999993e-03,-1.033459999999999934e-02
4.261760000000000071e-04,-7.720219999999999860e-03,-1.808554000000000064e-02
4.262400000000000390e-04,-7.720219999999999860e-03,-1.550189999999999901e-02
4.263040000000000167e-04,-1.286701999999999985e-02,-1.808554000000000064e-02
4.263680000000000486e-04,-1.029361999999999985e-02,-1.291824000000000097e-02
4.264320000000000263e-04,-1.029361999999999985e-02,-7.750940000000000434e-03
4.264960000000000040e-04,-2.573399999999999993e-03,-1.550189999999999901e-02
4.265600000000000359e-04,-5.146819999999999867e-03,-1.033459999999999934e-02
4.266240000000000136e-04,-1.286701999999999985e-02,-5.167299999999999671e-03
4.266880000000000455e-04,-7.720219999999999860e-03,-1.550189999999999901e-02
4.267520000000000232e-04,-2.573399999999999993e-03,-1.808554000000000064e-02
4.268160000000000009e-04,2.573399999999999993e-03,-1.550189999999999901e-02
4.268800000000000329e-04,-2.573399999999999993e-03,-1.033459999999999934e-02
4.269440000000000106e-04,-2.573399999999999993e-03,-7.750940000000000434e-03
4.270080000000000425e-04,-7.720219999999999860e-03,-2.066919999999999868e-02
4.270720000000000202e-04,-2.573399999999999993e-03,-1.291824000000000097e-02
4.271360000000000521e-04,-7.720219999999999860e-03,-7.750940000000000434e-03
4.272000000000000298e-04,-2.573399999999999993e-03,-1.550189999999999901e-02
4.272640000000000075e-04,-1.029361999999999985e-02,-2.066919999999999868e-02
4.273280000000000394e-04,-2.573399999999999993e-03,-1.291824000000000097e-02
4.273920000000000171e-04,-7.720219999999999860e-03,-1.808554000000000064e-02
4.274560000000000490e-04,-5.146819999999999867e-03,-1.291824000000000097e-02
4.275200000000000267e-04,-2.573399999999999993e-03,-1.550189999999999901e-02
4.275840000000000044e-04,2.573399999999999993e-03,-1.291824000000000097e-02
4.276480000000000363e-04,0.000000000000000000e+00,-1.808554000000000064e-02
4.277120000000000141e-04,-7.720219999999999860e-03,-1.550189999999999901e-02
4.277760000000000460e-04,-1.286701999999999985e-02,-1.808554000000000064e-02
4.278400000000000237e-04,-1.544043999999999972e-02,-1.291824000000000097e-02
4.279040000000000014e-04,-2.573399999999999993e-03,-1.808554000000000064e-02
4.279680000000000333e-04,-5.146819999999999867e-03,-1.291824000000000097e-02
4.280320000000000110e-04,0.000000000000000000e+00,-1.550189999999999901e-02
4.280960000000000429e-04,-1.286701999999999985e-02,-1.550189999999999901e-02
4.281600000000000206e-04,-1.029361999999999985e-02,-1.808554000000000064e-02
4.282240000000000525e-04,-1.286701999999999985e-02,-1.033459999999999934e-02
4.282880000000000302e-04,-1.286701999999999985e-02,-1.550189999999999901e-02
4.283520000000000079e-04,-1.544043999999999972e-02,-1.550189999999999901e-02
4.284160000000000398e-04,-5.146819999999999867e-03,-1.033459999999999934e-02
4.284800000000000175e-04,-5.146819999999999867e-03,-1.291824000000000097e-02
4.285440000000000495e-04,-1.544043999999999972e-02,-1.550189999999999901e-02
4.286080000000000272e-04,-1.029361999999999985e-02,-1.550189999999999901e-02
4.286720000000000049e-04,-1.029361999999999985e-02,-7.750940000000000434e-03
4.287360000000000368e-04,-7.720219999999999860e-03,-1.291824000000000097e-02
4.288000000000000145e-04,-1.544043999999999972e-02,-1.291824000000000097e-02
4.288640000000000464e-04,-1.544043999999999972e-02,-1.550189999999999901e-02
4.289280000000000241e-04,-1.286701999999999985e-02,-2.066919999999999868e-02
4.289920000000000018e-04,-1.286701999999999985e-02,-1.808554000000000064e-02
4.290560000000000337e-04,-2.316059999999999994e-02,-2.066919999999999868e-02
4.291200000000000114e-04,-1.286701999999999985e-02,-1.291824000000000097e-02
4.291840000000000433e-04,-1.286701999999999985e-02,-2.066919999999999868e-02
4.292480000000000210e-04,-1.544043999999999972e-02,-1.550189999999999901e-02
4.293120000000000529e-04,-1.029361999999999985e-02,-1.550189999999999901e-02
4.293760000000000306e-04,-7.720219999999999860e-03,-1.808554000000000064e-02
4.294400000000000083e-04,-7.720219999999999860e-03,-1.808554000000000064e-02
4.295040000000000403e-04,-1.029361999999999985e-02,-7.750940000000000434e-03
4.295680000000000180e-04,-1.029361999999999985e-02,-1.550189999999999901e-02
4.296320000000000499e-04,-7.720219999999999860e-03,-1.808554000000000064e-02
4.296960000000000276e-04,-1.029361999999999985e-02,-1.291824000000000097e-02
4.297600000000000053e-04,-1.544043999999999972e-02,-7.750940000000000434e-03
4.298240000000000372e-04,-1.286701999999999985e-02,-1.550189999999999901e-02
4.298880000000000149e-04,-2.058719999999999994e-02,-5.167299999999999671e-03
4.299520000000000468e-04,-1.029361999999999985e-02,-1.550189999999999901e-02
4.300160000000000245e-04,-2.058719999999999994e-02,-1.808554000000000064e-02
4.300800000000000022e-04,-1.029361999999999985e-02,-1.291824000000000097e-02
4.301440000000000341e-04,-1.544043999999999972e-02,-1.808554000000000064e-02
4.302080000000000118e-04,-1.544043999999999972e-02,-7.750940000000000434e-03
4.302720000000000438e-04,-1.801383999999999971e-02,-1.808554000000000064e-02
4.303360000000000215e-04,-2.316059999999999994e-02,-1.291824000000000097e-02
4.304000000000000534e-04,-1.029361999999999985e-02,-1.808554000000000064e-02
4.304640000000000311e-04,-1.544043999999999972e-02,-1.550189999999999901e-02
4.305280000000000088e-04,-1.544043999999999972e-02,-1.291824000000000097e-02
4.305920000000000407e-04,-2.573399999999999993e-03,-7.750940000000000434e-03
4.306560000000000184e-04,-1.029361999999999985e-02,-1.291824000000000097e-02
4.307200000000000503e-04,-1.286701999999999985e-02,-1.033459999999999934e-02
4.307840000000000280e-04,-1.544043999999999972e-02,-1.291824000000000097e-02
4.308480000000000057e-04,-7.720219999999999860e-03,-1.550189999999999901e-02
4.309120000000000376e-04,-1.286701999999999985e-02,-1.550189999999999901e-02
4.309760000000000153e-04,-1.029361999999999985e-02,-1.550189999999999901e-02
4.310400000000000472e-04,-1.801383999999999971e-02,-1.550189999999999901e-02
4.311040000000000249e-04,-1.286701999999999985e-02,-1.550189999999999901e-02
4.311680000000000026e-04,-2.058719999999999994e-02,-1.808554000000000064e-02
4.312320000000000346e-04,-5.146819999999999867e-03,-1.550189999999999901e-02
4.312960000000000123e-04,-5.146819999999999867e-03,-1.033459999999999934e-02
4.313600000000000442e-04,-1.029361999999999985e-02,-2.066919999999999868e-02
4.314240000000000219e-04,-5.146819999999999867e-03,-2.325279999999999708e-02
4.314880000000000538e-04,-1.029361999999999985e-02,-1.550189999999999901e-02
4.315520000000000315e-04,-1.286701999999999985e-02,-2.325279999999999708e-02
4.316160000000000092e-04,-1.544043999999999972e-02,-1.291824000000000097e-02
4.316800000000000411e-04,-1.029361999999999985e-02,-2.066919999999999868e-02
4.317440000000000188e-04,-1.286701999999999985e-02,-1.808554000000000064e-02
4.318080000000000507e-04,-1.286701999999999985e-02,-1.291824000000000097e-02
4.318720000000000284e-04,-2.573399999999999993e-03,-1.291824000000000097e-02
4.319360000000000061e-04,-7.720219999999999860e-03,-1.550189999999999901e-02
4.320000000000000380e-04,-1.286701999999999985e-02,-1.550189999999999901e-02
4.320640000000000158e-04,-1.544043999999999972e-02,-1.033459999999999934e-02
4.321280000000000477e-04,-7.720219999999999860e-03,-2.583639999999999895e-02
4.321920000000000254e-04,-1.544043999999999972e-02,-1.550189999999999901e-02
4.322560000000000031e-04,-2.058719999999999994e-02,-1.550189999999999901e-02
4.323200000000000350e-04,-1.286701999999999985e-02,-1.033459999999999934e-02
4.323840000000000127e-04,-1.544043999999999972e-02,-1.808554000000000064e-02
4.324480000000000446e-04,-1.801383999999999971e-02,-1.808554000000000064e-02
4.325120000000000223e-04,-1.544043999999999972e-02,-1.291824000000000097e-02
4.325760000000000000e-04,-1.544043999999999972e-02,-1.550189999999999901e-02
4.326400000000000319e-04,-1.286701999999999985e-02,-1.291824000000000097e-02
4.327040000000000096e-04,-1.029361999999999985e-02,-1.291824000000000097e-02
4.327680000000000415e-04,-7.720219999999999860e-03,-2.325279999999999708e-02
4.328320000000000192e-04,-1.286701999999999985e-02,-1.033459999999999934e-02
4.328960000000000512e-04,-1.286701999999999985e-02,-1.033459999999999934e-02
4.329600000000000289e-04,-1.801383999999999971e-02,-1.550189999999999901e-02
4.330240000000000066e-04,-1.286701999999999985e-02,-1.808554000000000064e-02
4.330880000000000385e-04,-1.544043999999999972e-02,-1.033459999999999934e-02
4.331520000000000162e-04,-1.544043999999999972e-02,-2.066919999999999868e-02
4.332160000000000481e-04,-1.029361999999999985e-02,-1.550189999999999901e-02
4.332800000000000258e-04,-1.544043999999999972e-02,-1.033459999999999934e-02
4.333440000000000035e-04,-1.286701999999999985e-02,-1.550189999999999901e-02
4.334080000000000354e-04,-2.058719999999999994e-02,-1.550189999999999901e-02
4.334720000000000131e-04,-2.058719999999999994e-02,-1.033459999999999934e-02
4.335360000000000450e-04,-1.544043999999999972e-02,-1.291824000000000097e-02
4.336000000000000227e-04,-1.544043999999999972e-02,-1.291824000000000097e-02
4.336640000000000004e-04,-1.801383999999999971e-02,-1.033459999999999934e-02
4.337280000000000323e-04,-2.058719999999999994e-02,-1.291824000000000097e-02
4.337920000000000101e-04,-2.316059999999999994e-02,-1.291824000000000097e-02
4.338560000000000420e-04,-1.544043999999999972e-02,-1.291824000000000097e-02
4.339200000000000197e-04,-1.544043999999999972e-02,-7.750940000000000434e-03
4.339840000000000516e-04,-1.286701999999999985e-02,-1.550189999999999901e-02
4.340480000000000293e-04,-1.544043999999999972e-02,-1.550189999999999901e-02
4.341120000000000070e-04,-1.544043999999999972e-02,-1.808554000000000064e-02
4.341760000000000389e-04,-1.029361999999999985e-02,-7.750940000000000434e-03
4.342400000000000166e-04,-1.544043999999999972e-02,-1.291824000000000097e-02
4.343040000000000485e-04,-1.544043999999999972e-02,-2.066919999999999868e-02
4.343680000000000262e-04,-1.286701999999999985e-02,-1.291824000000000097e-02
4.344320000000000039e-04,-1.286701999999999985e-02,-1.291824000000000097e-02
4.344960000000000358e-04,-2.058719999999999994e-02,-1.033459999999999934e-02
4.345600000000000135e-04,-1.286701999999999985e-02,-5.167299999999999671e-03
4.346240000000000455e-04,-1.286701999999999985e-02,-7.750940000000000434e-03
4.346880000000000232e-04,-2.058719999999999994e-02,-1.033459999999999934e-02
4.347520000000000009e-04,-1.286701999999999985e-02,-1.033459999999999934e-02
4.348160000000000328e-04,-1.801383999999999971e-02,-7.750940000000000434e-03
4.348800000000000105e-04,-2.058719999999999994e-02,-1.291824000000000097e-02
4.349440000000000424e-04,-1.544043999999999972e-02,-5.167299999999999671e-03
4.350080000000000201e-04,-2.058719999999999994e-02,-7.750940000000000434e-03
4.350720000000000520e-04,-1.544043999999999972e-02,-1.291824000000000097e-02
4.351360000000000297e-04,-2.316059999999999994e-02,-1.291824000000000097e-02
4.352000000000000074e-04,-1.544043999999999972e-02,-1.033459999999999934e-02
4.352640000000000393e-04,-1.801383999999999971e-02,-1.550189999999999901e-02
4.353280000000000170e-04,-2.058719999999999994e-02,-1.550189999999999901e-02
4.353920000000000489e-04,-1.801383999999999971e-02,-1.033459999999999934e-02
4.354560000000000266e-04,-2.316059999999999994e-02,-1.291824000000000097e-02
4.355200000000000043e-04,-1.544043999999999972e-02,-1.550189999999999901e-02
4.355840000000000363e-04,-1.544043999999999972e-02,-1.550189999999999901e-02
4.356480000000000140e-04,-1.801383999999999971e-02,-1.033459999999999934e-02
4.357120000000000459e-04,-1.801383999999999971e-02,-2.066919999999999868e-02
4.357760000000000236e-04,-1.286701999999999985e-02,-1.550189999999999901e-02
4.358400000000000013e-04,-5.146819999999999867e-03,-1.033459999999999934e-02
4.359040000000000332e-04,-1.801383999999999971e-02,-1.550189999999999901e-02
4.359680000000000109e-04,-1.801383999999999971e-02,-1.033459999999999934e-02
4.360320000000000428e-04,-7.720219999999999860e-03,-1.033459999999999934e-02
4.360960000000000205e-04,-7.720219999999999860e-03,-7.750940000000000434e-03
4.361600000000000524e-04,-1.544043999999999972e-02,-5.167299999999999671e-03
4.362240000000000301e-04,-1.544043999999999972e-02,-1.808554000000000064e-02
4.362880000000000078e-04,-1.286701999999999985e-02,-1.550189999999999901e-02
4.363520000000000397e-04,-1.801383999999999971e-02,-1.550189999999999901e-02
4.364160000000000175e-04,-7.720219999999999860e-03,-1.291824000000000097e-02
4.364800000000000494e-04,-1.544043999999999972e-02,-1.550189999999999901e-02
4.365440000000000271e-04,-1.029361999999999985e-02,-7.750940000000000434e-03
4.366080000000000048e-04,-1.286701999999999985e-02,-7.750940000000000434e-03
4.366720000000000367e-04,-1.286701999999999985e-02,-7.750940000000000434e-03
4.367360000000000144e-04,-1.029361999999999985e-02,-1.808554000000000064e-02
4.368000000000000463e-04,-1.801383999999999971e-02,-1.550189999999999901e-02
4.368640000000000240e-04,-1.029361999999999985e-02,-1.550189999999999901e-02
4.369280000000000017e-04,-1.029361999999999985e-02,-1.033459999999999934e-02
4.369920000000000336e-04,-1.544043999999999972e-02,-1.033459999999999934e-02
4.370560000000000113e-04,-1.286701999999999985e-02,-1.291824000000000097e-02
4.371200000000000432e-04,-1.286701999999999985e-02,-1.033459999999999934e-02
4.371840000000000209e-04,-1.286701999999999985e-02,-1.808554000000000064e-02
4.372480000000000529e-04,-1.029361999999999985e-02,-1.033459999999999934e-02
4.373120000000000306e-04,-1.801383999999999971e-02,-1.033459999999999934e-02
4.373760000000000083e-04,-1.544043999999999972e-02,-1.291824000000000097e-02
4.374400000000000402e-04,-2.058719999999999994e-02,-1.550189999999999901e-02
4.375040000000000179e-04,-7.720219999999999860e-03,-1.291824000000000097e-02
4.375680000000000498e-04,-5.146819999999999867e-03,-1.033459999999999934e-02
4.376320000000000275e-04,-7.720219999999999860e-03,-1.033459999999999934e-02
4.376960000000000052e-04,-1.801383999999999971e-02,-7.750940000000000434e-03
4.377600000000000371e-04,-5.146819999999999867e-03,-1.808554000000000064e-02
4.378240000000000148e-04,-1.801383999999999971e-02,-5.167299999999999671e-03
4.378880000000000467e-04,-1.544043999999999972e-02,-1.291824000000000097e-02
4.379520000000000244e-04,-1.286701999999999985e-02,-7.750940000000000434e-03
4.380160000000000021e-04,-1.544043999999999972e-02,-1.291824000000000097e-02
4.380800000000000340e-04,-7.720219999999999860e-03,-7.750940000000000434e-03
4.381440000000000118e-04,-1.286701999999999985e-02,-1.550189999999999901e-02
4.382080000000000437e-04,-1.286701999999999985e-02,-1.033459999999999934e-02
4.382720000000000214e-04,-1.286701999999999985e-02,-1.033459999999999934e-02
4.383360000000000533e-04,-1.544043999999999972e-02,-2.583640000000000329e-03
4.384000000000000310e-04,-5.146819999999999867e-03,-7.750940000000000434e-03
4.384640000000000087e-04,-1.801383999999999971e-02,-1.550189999999999901e-02
4.385280000000000406e-04,-7.720219999999999860e-03,-1.033459999999999934e-02
4.385920000000000183e-04,-1.286701999999999985e-02,-7.750940000000000434e-03
4.386560000000000502e-04,-1.029361999999999985e-02,-1.291824000000000097e-02
4.387200000000000279e-04,-1.286701999999999985e-02,-1.033459999999999934e-02
4.387840000000000056e-04,-1.029361999999999985e-02,-2.583640000000000329e-03
4.388480000000000375e-04,-7.720219999999999860e-03,-1.033459999999999934e-02
4.389120000000000152e-04,-1.286701999999999985e-02,-1.291824000000000097e-02
4.389760000000000472e-04,0.000000000000000000e+00,-7.750940000000000434e-03
4.390400000000000249e-04,-1.029361999999999985e-02,-7.750940000000000434e-03
4.391040000000000026e-04,-1.286701999999999985e-02,-1.291824000000000097e-02
4.391680000000000345e-04,-1.286701999999999985e-02,-1.291824000000000097e-02
4.392320000000000122e-04,-1.801383999999999971e-02,-1.291824000000000097e-02
4.392960000000000441e-04,-1.286701999999999985e-02,-1.033459999999999934e-02
4.393600000000000218e-04,-1.286701999999999985e-02,-1.291824000000000097e-02
4.394240000000000537e-04,-7.720219999999999860e-03,-1.291824000000000097e-02
4.394880000000000314e-04,-1.029361999999999985e-02,-1.033459999999999934e-02
4.395520000000000091e-04,-7.720219999999999860e-03,-1.808554000000000064e-02
4.396160000000000410e-04,-1.029361999999999985e-02,-5.167299999999999671e-03
4.396800000000000187e-04,-7.720219999999999860e-03,-1.291824000000000097e-02
4.397440000000000506e-04,-5.146819999999999867e-03,-1.291824000000000097e-02
4.398080000000000283e-04,-7.720219999999999860e-03,-1.808554000000000064e-02
4.398720000000000060e-04,-1.029361999999999985e-02,-5.167299999999999671e-03
4.399360000000000380e-04,-1.544043999999999972e-02,-1.808554000000000064e-02
4.400000000000000157e-04,-5.146819999999999867e-03,-1.550189999999999901e-02
4.400640000000000476e-04,-1.029361999999999985e-02,-1.033459999999999934e-02
4.401280000000000253e-04,-5.146819999999999867e-03,-1.291824000000000097e-02
4.401920000000000030e-04,-1.286701999999999985e-02,-1.291824000000000097e-02
4.402560000000000349e-04,-1.286701999999999985e-02,-1.291824000000000097e-02
4.403200000000000126e-04,-1.029361999999999985e-02,-1.033459999999999934e-02
4.403840000000000445e-04,-5.146819999999999867e-03,-1.291824000000000097e-02
4.404480000000000222e-04,-7.720219999999999860e-03,-7.750940000000000434e-03
4.405120000000000541e-04,-7.720219999999999860e-03,-1.550189999999999901e-02
4.405760000000000318e-04,-1.801383999999999971e-02,-1.291824000000000097e-02
4.406400000000000095e-04,-5.146819999999999867e-03,-7.750940000000000434e-03
4.407040000000000415e-04,-7.720219999999999860e-03,-1.550189999999999901e-02
4.407680000000000192e-04,-7.720219999999999860e-03,-1.550189999999999901e-02
4.408320000000000511e-04,-1.286701999999999985e-02,-1.291824000000000097e-02
4.408960000000000288e-04,-7.720219999999999860e-03,-1.033459999999999934e-02
4.409600000000000065e-04,-5.146819999999999867e-03,-1.291824000000000097e-02
4.410240000000000384e-04,-1.286701999999999985e-02,-1.291824000000000097e-02
4.410880000000000161e-04,-1.544043999999999972e-02,-1.291824000000000097e-02
4.411520000000000480e-04,-7.720219999999999860e-03,-1.550189999999999901e-02
4.412160000000000257e-04,2.573399999999999993e-03,-1.033459999999999934e-02
4.412800000000000034e-04,-5.146819999999999867e-03,-1.550189999999999901e-02
4.413440000000000353e-04,-2.573399999999999993e-03,-1.550189999999999901e-02
4.414080000000000130e-04,-5.146819999999999867e-03,-1.291824000000000097e-02
4.414720000000000449e-04,-2.573399999999999993e-03,-1.033459999999999934e-02
4.415360000000000226e-04,-5.146819999999999867e-03,-1.291824000000000097e-02
4.416000000000000546e-04,-1.544043999999999972e-02,-1.808554000000000064e-02
4.416640000000000323e-04,-1.029361999999999985e-02,-1.550189999999999901e-02
4.417280000000000100e-04,0.000000000000000000e+00,-1.291824000000000097e-02
4.417920000000000419e-04,-7.720219999999999860e-03,-2.842019999999999963e-02
4.418560000000000196e-04,-1.544043999999999972e-02,-1.550189999999999901e-02
4.419200000000000515e-04,-7.720219999999999860e-03,-1.291824000000000097e-02
4.419840000000000292e-04,-5.146819999999999867e-03,-1.291824000000000097e-02
4.420480000000000069e-04,-7.720219999999999860e-03,-2.583639999999999895e-02
4.421120000000000388e-04,-2.573399999999999993e-03,-1.550189999999999901e-02
4.421760000000000165e-04,-7.720219999999999860e-03,-1.550189999999999901e-02
4.422400000000000484e-04,-7.720219999999999860e-03,-1.550189999999999901e-02
4.423040000000000261e-04,-5.146819999999999867e-03,-1.291824000000000097e-02
4.423680000000000038e-04,-1.029361999999999985e-02,-7.750940000000000434e-03
4.424320000000000357e-04,-5.146819999999999867e-03,-1.291824000000000097e-02
4.424960000000000135e-04,-7.720219999999999860e-03,-1.808554000000000064e-02
4.425600000000000454e-04,-5.146819999999999867e-03,-1.808554000000000064e-02
4.426240000000000231e-04,-5.146819999999999867e-03,-1.550189999999999901e-02
4.426880000000000008e-04,-1.029361999999999985e-02,-1.808554000000000064e-02
4.427520000000000327e-04,-2.573399999999999993e-03,-1.550189999999999901e-02
4.428160000000000104e-04,-1.029361999999999985e-02,-1.291824000000000097e-02
4.428800000000000423e-04,0.000000000000000000e+00,-1.808554000000000064e-02
4.429440000000000200e-04,-7.720219999999999860e-03,-7.750940000000000434e-03
4.430080000000000519e-04,0.000000000000000000e+00,-1.291824000000000097e-02
4.430720000000000296e-04,-5.146819999999999867e-03,-1.808554000000000064e-02
4.431360000000000073e-04,-5.146819999999999867e-03,-1.033459999999999934e-02
4.432000000000000392e-04,-7.720219999999999860e-03,-1.808554000000000064e-02
4.432640000000000169e-04,-1.029361999999999985e-02,-1.033459999999999934e-02
4.433280000000000489e-04,-5.146819999999999867e-03,-1.291824000000000097e-02
4.433920000000000266e-04,-7.720219999999999860e-03,-1.291824000000000097e-02
4.434560000000000043e-04,-1.544043999999999972e-02,-1.291824000000000097e-02
4.435200000000000362e-04,-1.029361999999999985e-02,-1.808554000000000064e-02
4.435840000000000139e-04,-5.146819999999999867e-03,-1.550189999999999901e-02
4.436480000000000458e-04,-5.146819999999999867e-03,-1.550189999999999901e-02
4.437120000000000235e-04,-5.146819999999999867e-03,-7.750940000000000434e-03
4.437760000000000012e-04,-7.720219999999999860e-03,-7.750940000000000434e-03
4.438400000000000331e-04,-1.029361999999999985e-02,-1.033459999999999934e-02
4.439040000000000108e-04,-7.720219999999999860e-03,-1.550189999999999901e-02
4.439680000000000427e-04,-5.146819999999999867e-03,-1.291824000000000097e-02
4.440320000000000204e-04,-5.146819999999999867e-03,-1.291824000000000097e-02
4.440960000000000523e-04,-1.029361999999999985e-02,-1.550189999999999901e-02
4.441600000000000300e-04,-2.573399999999999993e-03,-1.550189999999999901e-02
4.442240000000000077e-04,0.000000000000000000e+00,-1.291824000000000097e-02
4.442880000000000397e-04,-7.720219999999999860e-03,-1.033459999999999934e-02
4.443520000000000174e-04,-2.573399999999999993e-03,-1.291824000000000097e-02
4.444160000000000493e-04,-7.720219999999999860e-03,-1.291824000000000097e-02
4.444800000000000270e-04,-2.573399999999999993e-03,-1.291824000000000097e-02
4.445440000000000047e-04,-7.720219999999999860e-03,-7.750940000000000434e-03
4.446080000000000366e-04,-7.720219999999999860e-03,-1.550189999999999901e-02
4.446720000000000143e-04,0.000000000000000000e+00,-1.033459999999999934e-02
4.447360000000000462e-04,-1.029361999999999985e-02,-1.550189999999999901e-02
4.448000000000000239e-04,-1.029361999999999985e-02,-1.291824000000000097e-02
4.448640000000000016e-04,-2.573399999999999993e-03,-1.033459999999999934e-02
4.449280000000000335e-04,-5.146819999999999867e-03,-1.291824000000000097e-02
4.449920000000000112e-04,-2.573399999999999993e-03,-2.325279999999999708e-02
4.450560000000000432e-04,-2.573399999999999993e-03,-1.550189999999999901e-02
4.451200000000000209e-04,-1.029361999999999985e-02,-2.066919999999999868e-02
4.451840000000000528e-04,-7.720219999999999860e-03,-1.291824000000000097e-02
4.452480000000000305e-04,-2.573399999999999993e-03,-1.291824000000000097e-02
4.453120000000000082e-04,-1.286701999999999985e-02,-1.808554000000000064e-02
4.453760000000000401e-04,-1.286701999999999985e-02,-1.808554000000000064e-02
4.454400000000000178e-04,-1.029361999999999985e-02,-1.808554000000000064e-02
4.455040000000000497e-04,-2.573399999999999993e-03,-1.550189999999999901e-02
4.455680000000000274e-04,-2.573399999999999993e-03,-1.808554000000000064e-02
4.456320000000000051e-04,-1.029361999999999985e-02,-1.033459999999999934e-02
4.456960000000000370e-04,-1.544043999999999972e-02,-1.033459999999999934e-02
4.457600000000000147e-04,-2.573399999999999993e-03,-1.808554000000000064e-02
4.458240000000000466e-04,-2.573399999999999993e-03,-1.550189999999999901e-02
4.458880000000000243e-04,-5.146819999999999867e-03,-1.808554000000000064e-02
4.459520000000000020e-04,-5.146819999999999867e-03,-1.033459999999999934e-02
4.460160000000000340e-04,-2.573399999999999993e-03,-1.033459999999999934e-02
4.460800000000000117e-04,-5.146819999999999867e-03,-1.291824000000000097e-02
4.461440000000000436e-04,-1.029361999999999985e-02,-1.550189999999999901e-02
4.462080000000000213e-04,0.000000000000000000e+00,-1.550189999999999901e-02
4.462720000000000532e-04,-1.286701999999999985e-02,-1.291824000000000097e-02
4.463360000000000309e-04,-5.146819999999999867e-03,-1.808554000000000064e-02
4.464000000000000086e-04,-5.146819999999999867e-03,-1.291824000000000097e-02
4.464640000000000405e-04,-5.146819999999999867e-03,-1.550189999999999901e-02
4.465280000000000182e-04,-5.146819999999999867e-03,-1.033459999999999934e-02
4.465920000000000501e-04,-7.720219999999999860e-03,-1.550189999999999901e-02
4.466560000000000278e-04,-5.146819999999999867e-03,-2.066919999999999868e-02
4.467200000000000055e-04,-7.720219999999999860e-03,-1.550189999999999901e-02
4.467840000000000374e-04,-1.029361999999999985e-02,-1.550189999999999901e-02
4.468480000000000152e-04,-7.720219999999999860e-03,-1.033459999999999934e-02
4.469120000000000471e-04,0.000000000000000000e+00,-1.033459999999999934e-02
4.469760000000000248e-04,-7.720219999999999860e-03,-5.167299999999999671e-03
4.470400000000000025e-04,-2.573399999999999993e-03,-1.291824000000000097e-02
4.471040000000000344e-04,-1.029361999999999985e-02,-1.550189999999999901e-02
4.471680000000000121e-04,-5.146819999999999867e-03,-1.291824000000000097e-02
4.472320000000000440e-04,-7.720219999999999860e-03,-1.033459999999999934e-02
4.472960000000000217e-04,-1.029361999999999985e-02,-1.033459999999999934e-02
4.473600000000000536e-04,-7.720219999999999860e-03,-1.033459999999999934e-02
4.474240000000000313e-04,-1.544043999999999972e-02,-7.750940000000000434e-03
4.474880000000000090e-04,-7.720219999999999860e-03,-1.550189999999999901e-02
4.475520000000000409e-04,-1.286701999999999985e-02,-1.291824000000000097e-02
4.476160000000000186e-04,-5.146819999999999867e-03,-1.808554000000000064e-02
4.476800000000000506e-04,-1.286701999999999985e-02,-1.033459999999999934e-02
4.477440000000000283e-04,-5.146819999999999867e-03,-1.033459999999999934e-02
4.478080000000000060e-04,-1.544043999999999972e-02,-1.291824000000000097e-02
4.478720000000000379e-04,-5.146819999999999867e-03,-1.550189999999999901e-02
4.479360000000000156e-04,-1.544043999999999972e-02,-1.808554000000000064e-02
4.480000000000000475e-04,-1.029361999999999985e-02,-1.550189999999999901e-02
4.480640000000000252e-04,-1.286701999999999985e-02,-1.550189999999999901e-02
4.481280000000000029e-04,-1.286701999999999985e-02,-1.033459999999999934e-02
4.481920000000000348e-04,-1.029361999999999985e-02,-1.291824000000000097e-02
4.482560000000000125e-04,-1.029361999999999985e-02,-1.550189999999999901e-02
4.483200000000000444e-04,-1.544043999999999972e-02,-1.291824000000000097e-02
4.483840000000000221e-04,-1.544043999999999972e-02,-1.808554000000000064e-02
4.484480000000000540e-04,-1.286701999999999985e-02,-7.750940000000000434e-03
4.485120000000000317e-04,-1.029361999999999985e-02,-1.550189999999999901e-02
4.485760000000000094e-04,-1.286701999999999985e-02,-1.033459999999999934e-02
4.486400000000000414e-04,-1.544043999999999972e-02,-1.033459999999999934e-02
4.487040000000000191e-04,-1.544043999999999972e-02,-7.750940000000000434e-03
4.487680000000000510e-04,-1.029361999999999985e-02,-1.808554000000000064e-02
4.488320000000000287e-04,-1.029361999999999985e-02,-1.033459999999999934e-02
4.488960000000000064e-04,-7.720219999999999860e-03,-5.167299999999999671e-03
4.489600000000000383e-04,-1.029361999999999985e-02,-7.750940000000000434e-03
4.490240000000000160e-04,-7.720219999999999860e-03,-1.033459999999999934e-02
4.490880000000000479e-04,-1.286701999999999985e-02,-1.808554000000000064e-02
4.491520000000000256e-04,-1.029361999999999985e-02,-1.550189999999999901e-02
4.492160000000000033e-04,-7.720219999999999860e-03,-7.750940000000000434e-03
4.492800000000000352e-04,-7.720219999999999860e-03,-7.750940000000000434e-03
4.493440000000000129e-04,-2.058719999999999994e-02,-1.033459999999999934e-02
4.494080000000000449e-04,-1.286701999999999985e-02,-7.750940000000000434e-03
4.494720000000000226e-04,-1.801383999999999971e-02,-1.291824000000000097e-02
4.495360000000000545e-04,-1.801383999999999971e-02,-1.550189999999999901e-02
4.496000000000000322e-04,-1.029361999999999985e-02,-1.291824000000000097e-02
4.496640000000000099e-04,-1.286701999999999985e-02,-1.033459999999999934e-02
4.497280000000000418e-04,-1.029361999999999985e-02,-1.033459999999999934e-02
4.497920000000000195e-04,-1.286701999999999985e-02,-1.291824000000000097e-02
4.498560000000000514e-04,-1.029361999999999985e-02,-1.808554000000000064e-02
4.499200000000000291e-04,-1.801383999999999971e-02,-1.033459999999999934e-02
4.499840000000000068e-04,-1.544043999999999972e-02,-1.291824000000000097e-02
4.500480000000000387e-04,-1.544043999999999972e-02,-1.808554000000000064e-02
4.501120000000000164e-04,-1.029361999999999985e-02,-1.291824000000000097e-02
4.501760000000000483e-04,-1.544043999999999972e-02,-1.291824000000000097e-02
4.502400000000000260e-04,-1.029361999999999985e-02,-1.550189999999999901e-02
4.503040000000000037e-04,-5.146819999999999867e-03,-7.750940000000000434e-03
4.503680000000000357e-04,-7.720219999999999860e-03,-1.291824000000000097e-02
4.504320000000000134e-04,-1.544043999999999972e-02,-1.291824000000000097e-02
4.504960000000000453e-04,-1.801383999999999971e-02,-5.167299999999999671e-03
4.505600000000000230e-04,-1.286701999999999985e-02,-7.750940000000000434e-03
4.506240000000000549e-04,-1.286701999999999985e-02,-1.033459999999999934e-02
4.506880000000000326e-04,-7.720219999999999860e-03,-1.033459999999999934e-02
4.507520000000000103e-04,-1.801383999999999971e-02,-1.291824000000000097e-02
4.508160000000000422e-04,-1.544043999999999972e-02,-1.550189999999999901e-02
4.508800000000000199e-04,-2.058719999999999994e-02,-7.750940000000000434e-03
4.509440000000000518e-04,-1.286701999999999985e-02,-1.291824000000000097e-02
4.510080000000000295e-04,-7.720219999999999860e-03,-7.750940000000000434e-03
4.510720000000000072e-04,-7.720219999999999860e-03,-1.291824000000000097e-02
4.511360000000000391e-04,-1.286701999999999985e-02,-1.550189999999999901e-02
4.512000000000000169e-04,-1.286701999999999985e-02,-7.750940000000000434e-03
4.512640000000000488e-04,-7.720219999999999860e-03,-1.291824000000000097e-02
4.513280000000000265e-04,-1.029361999999999985e-02,-1.291824000000000097e-02
4.513920000000000042e-04,-1.801383999999999971e-02,-1.550189999999999901e-02
4.514560000000000361e-04,-1.544043999999999972e-02,-1.291824000000000097e-02
4.515200000000000138e-04,-1.801383999999999971e-02,-7.750940000000000434e-03
4.515840000000000457e-04,-1.029361999999999985e-02,-7.750940000000000434e-03
4.516480000000000234e-04,-1.286701999999999985e-02,-2.583640000000000329e-03
4.517120000000000011e-04,-1.286701999999999985e-02,-7.750940000000000434e-03
4.517760000000000330e-04,-1.801383999999999971e-02,-7.750940000000000434e-03
4.518400000000000107e-04,-1.029361999999999985e-02,-1.033459999999999934e-02
4.519040000000000426e-04,-1.029361999999999985e-02,-7.750940000000000434e-03
4.519680000000000203e-04,-1.801383999999999971e-02,-1.033459999999999934e-02
4.520320000000000523e-04,-2.058719999999999994e-02,-7.750940000000000434e-03
4.520960000000000300e-04,-1.286701999999999985e-02,-2.583640000000000329e-03
4.521600000000000077e-04,-1.286701999999999985e-02,-1.033459999999999934e-02
4.522240000000000396e-04,-1.029361999999999985e-02,-1.033459999999999934e-02
4.522880000000000173e-04,-1.801383999999999971e-02,-5.167299999999999671e-03
4.523520000000000492e-04,-1.801383999999999971e-02,-1.291824000000000097e-02
4.524160000000000269e-04,-1.029361999999999985e-02,-7.750940000000000434e-03
4.524800000000000046e-04,-1.801383999999999971e-02,-1.550189999999999901e-02
4.525440000000000365e-04,-1.029361999999999985e-02,-1.033459999999999934e-02
4.526080000000000142e-04,-1.286701999999999985e-02,-1.808554000000000064e-02
4.526720000000000461e-04,-1.544043999999999972e-02,-5.167299999999999671e-03
4.527360000000000238e-04,-1.544043999999999972e-02,-1.291824000000000097e-02
4.528000000000000015e-04,-2.058719999999999994e-02,-1.291824000000000097e-02
4.528640000000000334e-04,-1.801383999999999971e-02,-1.291824000000000097e-02
4.529280000000000111e-04,-1.286701999999999985e-02,-7.750940000000000434e-03
4.529920000000000431e-04,-1.544043999999999972e-02,-7.750940000000000434e-03
4.530560000000000208e-04,-7.720219999999999860e-03,-7.750940000000000434e-03
4.531200000000000527e-04,-1.286701999999999985e-02,-1.291824000000000097e-02
4.531840000000000304e-04,-1.801383999999999971e-02,-1.291824000000000097e-02
4.532480000000000081e-04,-2.058719999999999994e-02,-7.750940000000000434e-03
4.533120000000000400e-04,-1.286701999999999985e-02,-7.750940000000000434e-03
4.533760000000000177e-04,-2.316059999999999994e-02,-1.550189999999999901e-02
4.534400000000000496e-04,-7.720219999999999860e-03,-1.033459999999999934e-02
4.535040000000000273e-04,-1.544043999999999972e-02,-1.291824000000000097e-02
4.535680000000000050e-04,-1.029361999999999985e-02,-1.291824000000000097e-02
4.536320000000000369e-04,-2.058719999999999994e-02,-1.033459999999999934e-02
4.536960000000000146e-04,-5.146819999999999867e-03,-7.750940000000000434e-03
4.537600000000000466e-04,-1.029361999999999985e-02,-7.750940000000000434e-03
4.538240000000000243e-04,-2.058719999999999994e-02,-1.033459999999999934e-02
4.538880000000000020e-04,-2.058719999999999994e-02,-7.750940000000000434e-03
4.539520000000000339e-04,-1.544043999999999972e-02,-5.167299999999999671e-03
4.540160000000000116e-04,-7.720219999999999860e-03,-7.750940000000000434e-03
4.540800000000000435e-04,-1.029361999999999985e-02,-1.808554000000000064e-02
4.541440000000000212e-04,-1.544043999999999972e-02,-1.550189999999999901e-02
4.542080000000000531e-04,-1.544043999999999972e-02,-1.033459999999999934e-02
4.542720000000000308e-04,-1.029361999999999985e-02,-1.291824000000000097e-02
4.543360000000000085e-04,-7.720219999999999860e-03,-1.033459999999999934e-02
4.544000000000000404e-04,-1.286701999999999985e-02,-1.033459999999999934e-02
4.544640000000000181e-04,-1.029361999999999985e-02,-1.291824000000000097e-02
4.545280000000000500e-04,-1.544043999999999972e-02,-1.033459999999999934e-02
4.545920000000000277e-04,-1.801383999999999971e-02,-5.167299999999999671e-03
4.546560000000000054e-04,-1.544043999999999972e-02,-1.550189999999999901e-02
4.547200000000000374e-04,-1.286701999999999985e-02,-1.033459999999999934e-02
4.547840000000000151e-04,-1.286701999999999985e-02,-1.033459999999999934e-02
4.548480000000000470e-04,-1.286701999999999985e-02,-1.808554000000000064e-02
4.549120000000000247e-04,-1.544043999999999972e-02,-7.750940000000000434e-03
4.549760000000000024e-04,-1.544043999999999972e-02,-2.583640000000000329e-03
4.550400000000000343e-04,-1.544043999999999972e-02,-1.291824000000000097e-02
4.551040000000000120e-04,-1.544043999999999972e-02,-1.291824000000000097e-02
4.551680000000000439e-04,-1.801383999999999971e-02,-1.291824000000000097e-02
4.552320000000000216e-04,-1.544043999999999972e-02,-1.808554000000000064e-02
4.552960000000000535e-04,-7.720219999999999860e-03,-1.291824000000000097e-02
4.553600000000000312e-04,-2.058719999999999994e-02,-7.750940000000000434e-03
4.554240000000000089e-04,-7.720219999999999860e-03,-1.550189999999999901e-02
4.554880000000000408e-04,-1.544043999999999972e-02,-2.325279999999999708e-02
4.555520000000000186e-04,-1.801383999999999971e-02,-2.583639999999999895e-02
4.556160000000000505e-04,-1.544043999999999972e-02,-1.808554000000000064e-02
4.556800000000000282e-04,-1.029361999999999985e-02,-1.550189999999999901e-02
4.557440000000000059e-04,-2.058719999999999994e-02,-1.291824000000000097e-02
4.558080000000000378e-04,-2.058719999999999994e-02,-1.808554000000000064e-02
4.558720000000000155e-04,-1.801383999999999971e-02,-1.033459999999999934e-02
4.559360000000000474e-04,-1.029361999999999985e-02,-1.808554000000000064e-02
4.560000000000000251e-04,-1.544043999999999972e-02,-1.550189999999999901e-02
4.560640000000000028e-04,-1.286701999999999985e-02,-7.750940000000000434e-03
4.561280000000000347e-04,-1.801383999999999971e-02,-1.291824000000000097e-02
4.561920000000000124e-04,-1.286701999999999985e-02,-1.033459999999999934e-02
4.562560000000000443e-04,-1.801383999999999971e-02,-1.808554000000000064e-02
4.563200000000000220e-04,-1.801383999999999971e-02,-1.550189999999999901e-02
4.563840000000000540e-04,-1.544043999999999972e-02,-1.550189999999999901e-02
4.564480000000000317e-04,-2.830739999999999992e-02,-2.066919999999999868e-02
4.565120000000000094e-04,-1.286701999999999985e-02,-1.550189999999999901e-02
4.565760000000000413e-04,-1.029361999999999985e-02,-2.066919999999999868e-02
4.566400000000000190e-04,-2.058719999999999994e-02,-1.033459999999999934e-02
4.567040000000000509e-04,-1.801383999999999971e-02,-1.033459999999999934e-02
4.567680000000000286e-04,-2.058719999999999994e-02,-1.808554000000000064e-02
4.568320000000000063e-04,-1.286701999999999985e-02,-1.808554000000000064e-02
4.568960000000000382e-04,-1.286701999999999985e-02,-1.808554000000000064e-02
4.569600000000000159e-04,-1.801383999999999971e-02,-1.808554000000000064e-02
4.570240000000000478e-04,-2.316059999999999994e-02,-1.033459999999999934e-02
4.570880000000000255e-04,-2.316059999999999994e-02,-1.291824000000000097e-02
4.571520000000000032e-04,-1.801383999999999971e-02,-1.550189999999999901e-02
4.572160000000000351e-04,-2.058719999999999994e-02,-1.291824000000000097e-02
4.572800000000000128e-04,-1.801383999999999971e-02,-2.066919999999999868e-02
4.573440000000000448e-04,-2.316059999999999994e-02,-2.066919999999999868e-02
4.574080000000000225e-04,-1.286701999999999985e-02,-1.550189999999999901e-02
4.574720000000000544e-04,-1.544043999999999972e-02,-1.550189999999999901e-02
4.575360000000000321e-04,-2.058719999999999994e-02,-1.550189999999999901e-02
4.576000000000000098e-04,-1.544043999999999972e-02,-1.291824000000000097e-02
4.576640000000000417e-04,-2.316059999999999994e-02,-1.550189999999999901e-02
4.577280000000000194e-04,-2.058719999999999994e-02,-1.550189999999999901e-02
4.577920000000000513e-04,-2.058719999999999994e-02,-1.291824000000000097e-02
4.578560000000000290e-04,-1.544043999999999972e-02,-1.550189999999999901e-02
4.579200000000000067e-04,-2.058719999999999994e-02,-7.750940000000000434e-03
4.579840000000000386e-04,-1.029361999999999985e-02,-1.033459999999999934e-02
4.580480000000000163e-04,-2.316059999999999994e-02,-1.808554000000000064e-02
4.581120000000000483e-04,-2.058719999999999994e-02,-2.325279999999999708e-02
4.581760000000000260e-04,-1.544043999999999972e-02,-1.550189999999999901e-02
4.582400000000000037e-04,-2.830739999999999992e-02,-1.808554000000000064e-02
4.583040000000000356e-04,-1.544043999999999972e-02,-1.291824000000000097e-02
4.583680000000000133e-04,-2.058719999999999994e-02,-7.750940000000000434e-03
4.584320000000000452e-04,-7.720219999999999860e-03,-1.033459999999999934e-02
4.584960000000000229e-04,-1.544043999999999972e-02,-5.167299999999999671e-03
4.585600000000000548e-04,-1.801383999999999971e-02,-1.550189999999999901e-02
4.586240000000000325e-04,-5.146819999999999867e-03,-5.167299999999999671e-03
4.586880000000000102e-04,-2.316059999999999994e-02,-1.808554000000000064e-02
4.587520000000000421e-04,-1.801383999999999971e-02,-1.550189999999999901e-02
4.588160000000000198e-04,-1.801383999999999971e-02,-1.033459999999999934e-02
4.588800000000000517e-04,-1.544043999999999972e-02,-7.750940000000000434e-03
4.589440000000000294e-04,-1.286701999999999985e-02,-1.808554000000000064e-02
4.590080000000000071e-04,-1.286701999999999985e-02,-2.583640000000000329e-03
4.590720000000000391e-04,-1.544043999999999972e-02,-1.291824000000000097e-02
4.591360000000000168e-04,-1.029361999999999985e-02,-1.550189999999999901e-02
4.592000000000000487e-04,-1.801383999999999971e-02,-2.066919999999999868e-02
4.592640000000000264e-04,-1.801383999999999971e-02,-2.066919999999999868e-02
4.593280000000000041e-04,-1.286701999999999985e-02,-1.550189999999999901e-02
4.593920000000000360e-04,-1.029361999999999985e-02,-1.550189999999999901e-02
4.594560000000000137e-04,-1.544043999999999972e-02,-1.550189999999999901e-02
4.595200000000000456e-04,-1.286701999999999985e-02,-7.750940000000000434e-03
4.595840000000000233e-04,-1.286701999999999985e-02,-1.808554000000000064e-02
4.596480000000000552e-04,-1.286701999999999985e-02,-1.033459999999999934e-02
4.597120000000000329e-04,-1.544043999999999972e-02,-1.291824000000000097e-02
4.597760000000000106e-04,-1.029361999999999985e-02,-1.550189999999999901e-02
4.598400000000000425e-04,-1.801383999999999971e-02,-1.291824000000000097e-02
4.599040000000000203e-04,-1.029361999999999985e-02,-1.291824000000000097e-02
4.599680000000000522e-04,-7.720219999999999860e-03,-1.291824000000000097e-02
4.600320000000000299e-04,-1.286701999999999985e-02,-1.291824000000000097e-02
4.600960000000000076e-04,-1.544043999999999972e-02,-1.550189999999999901e-02
4.601600000000000395e-04,-7.720219999999999860e-03,-1.550189999999999901e-02
4.602240000000000172e-04,-1.286701999999999985e-02,-1.550189999999999901e-02
4.602880000000000491e-04,-1.544043999999999972e-02,-2.066919999999999868e-02
4.603520000000000268e-04,-1.544043999999999972e-02,-1.808554000000000064e-02
4.604160000000000045e-04,-1.544043999999999972e-02,-1.550189999999999901e-02
4.604800000000000364e-04,-1.286701999999999985e-02,-1.808554000000000064e-02
4.605440000000000141e-04,-1.801383999999999971e-02,-1.808554000000000064e-02
4.606080000000000460e-04,-1.544043999999999972e-02,-2.066919999999999868e-02
4.606720000000000237e-04,-1.544043999999999972e-02,-1.808554000000000064e-02
4.607360000000000557e-04,-1.286701999999999985e-02,-1.550189999999999901e-02
4.608000000000000334e-04,-2.058719999999999994e-02,-1.550189999999999901e-02
4.608640000000000111e-04,-2.316059999999999994e-02,-1.550189999999999901e-02
4.609280000000000430e-04,-1.544043999999999972e-02,-1.550189999999999901e-02
4.609920000000000207e-04,-1.801383999999999971e-02,-1.808554000000000064e-02
4.610560000000000526e-04,-7.720219999999999860e-03,-2.066919999999999868e-02
4.611200000000000303e-04,-1.544043999999999972e-02,-2.325279999999999708e-02
4.611840000000000080e-04,-1.544043999999999972e-02,-1.550189999999999901e-02
4.612480000000000399e-04,-1.286701999999999985e-02,-1.808554000000000064e-02
4.613120000000000176e-04,-2.058719999999999994e-02,-1.291824000000000097e-02
4.613760000000000495e-04,-2.058719999999999994e-02,-1.550189999999999901e-02
4.614400000000000272e-04,-2.573399999999999993e-02,-1.550189999999999901e-02
4.615040000000000049e-04,-1.801383999999999971e-02,-2.325279999999999708e-02
4.615680000000000368e-04,-1.544043999999999972e-02,-1.550189999999999901e-02
4.616320000000000146e-04,-1.544043999999999972e-02,-1.808554000000000064e-02
4.616960000000000465e-04,-5.146819999999999867e-03,-1.033459999999999934e-02
4.617600000000000242e-04,-7.720219999999999860e-03,-1.291824000000000097e-02
4.618240000000000019e-04,-1.029361999999999985e-02,-1.808554000000000064e-02
4.618880000000000338e-04,-1.029361999999999985e-02,-1.291824000000000097e-02
4.619520000000000115e-04,-1.029361999999999985e-02,-1.550189999999999901e-02
4.620160000000000434e-04,-1.029361999999999985e-02,-1.550189999999999901e-02
4.620800000000000211e-04,-1.286701999999999985e-02,-2.066919999999999868e-02
4.621440000000000530e-04,-1.029361999999999985e-02,-1.550189999999999901e-02
4.622080000000000307e-04,-1.286701999999999985e-02,-5.167299999999999671e-03
4.622720000000000084e-04,-5.146819999999999867e-03,-1.808554000000000064e-02
4.623360000000000403e-04,-1.286701999999999985e-02,-1.291824000000000097e-02
4.624000000000000180e-04,-1.029361999999999985e-02,-1.550189999999999901e-02
4.624640000000000500e-04,-1.286701999999999985e-02,-1.033459999999999934e-02
4.625280000000000277e-04,-1.544043999999999972e-02,-1.291824000000000097e-02
4.625920000000000054e-04,-1.286701999999999985e-02,-1.291824000000000097e-02
4.626560000000000373e-04,-5.146819999999999867e-03,-1.550189999999999901e-02
4.627200000000000150e-04,-7.720219999999999860e-03,-1.550189999999999901e-02
4.627840000000000469e-04,-2.573399999999999993e-03,-1.291824000000000097e-02
4.628480000000000246e-04,-1.029361999999999985e-02,-1.550189999999999901e-02
4.629120000000000023e-04,-1.029361999999999985e-02,-1.550189999999999901e-02
4.629760000000000342e-04,-2.573399999999999993e-03,-2.066919999999999868e-02
4.630400000000000119e-04,-1.029361999999999985e-02,-1.550189999999999901e-02
4.631040000000000438e-04,-1.286701999999999985e-02,-1.033459999999999934e-02
4.631680000000000215e-04,-1.286701999999999985e-02,-2.325279999999999708e-02
4.632320000000000534e-04,-1.286701999999999985e-02,-1.033459999999999934e-02
4.632960000000000311e-04,-2.573399999999999993e-03,-1.033459999999999934e-02
4.633600000000000088e-04,-1.029361999999999985e-02,-1.291824000000000097e-02
4.634240000000000408e-04,-1.029361999999999985e-02,-2.066919999999999868e-02
4.634880000000000185e-04,-1.286701999999999985e-02,-1.291824000000000097e-02
4.635520000000000504e-04,-1.029361999999999985e-02,-1.291824000000000097e-02
4.636160000000000281e-04,-1.286701999999999985e-02,-1.291824000000000097e-02
4.636800000000000058e-04,-5.146819999999999867e-03,-1.550189999999999901e-02
4.637440000000000377e-04,-1.029361999999999985e-02,-1.291824000000000097e-02
4.638080000000000154e-04,-1.029361999999999985e-02,-1.291824000000000097e-02
4.638720000000000473e-04,-1.029361999999999985e-02,-1.291824000000000097e-02
4.639360000000000250e-04,-2.573399999999999993e-03,-1.291824000000000097e-02
4.640000000000000027e-04,-7.720219999999999860e-03,-7.750940000000000434e-03
4.640640000000000346e-04,-1.286701999999999985e-02,-2.583640000000000329e-03
4.641280000000000123e-04,-1.286701999999999985e-02,-2.066919999999999868e-02
4.641920000000000442e-04,-5.146819999999999867e-03,-1.550189999999999901e-02
4.642560000000000220e-04,-5.146819999999999867e-03,-1.808554000000000064e-02
4.643200000000000539e-04,-1.029361999999999985e-02,-2.066919999999999868e-02
4.643840000000000316e-04,-5.146819999999999867e-03,-2.583640000000000329e-03
4.644480000000000093e-04,-1.029361999999999985e-02,-1.550189999999999901e-02
4.645120000000000412e-04,-5.146819999999999867e-03,-1.033459999999999934e-02
4.645760000000000189e-04,-1.029361999999999985e-02,-1.033459999999999934e-02
4.646400000000000508e-04,-1.286701999999999985e-02,-1.291824000000000097e-02
4.647040000000000285e-04,-7.720219999999999860e-03,-1.808554000000000064e-02
4.647680000000000062e-04,0.000000000000000000e+00,-1.808554000000000064e-02
4.648320000000000381e-04,-2.573399999999999993e-03,-1.550189999999999901e-02
4.648960000000000158e-04,-5.146819999999999867e-03,-1.808554000000000064e-02
4.649600000000000477e-04,-1.544043999999999972e-02,-1.033459999999999934e-02
4.650240000000000254e-04,-1.029361999999999985e-02,-2.066919999999999868e-02
4.650880000000000031e-04,-2.573399999999999993e-03,-1.033459999999999934e-02
4.651520000000000351e-04,0.000000000000000000e+00,-2.066919999999999868e-02
4.652160000000000128e-04,-1.286701999999999985e-02,-1.550189999999999901e-02
4.652800000000000447e-04,-1.544043999999999972e-02,-1.033459999999999934e-02
4.653440000000000224e-04,2.573399999999999993e-03,-1.291824000000000097e-02
4.654080000000000543e-04,-1.544043999999999972e-02,-1.291824000000000097e-02
4.654720000000000320e-04,-5.146819999999999867e-03,-7.750940000000000434e-03
4.655360000000000097e-04,-5.146819999999999867e-03,-1.550189999999999901e-02
4.656000000000000416e-04,-7.720219999999999860e-03,-1.808554000000000064e-02
4.656640000000000193e-04,-7.720219999999999860e-03,-1.033459999999999934e-02
4.657280000000000512e-04,-2.573399999999999993e-03,-1.033459999999999934e-02
4.657920000000000289e-04,-7.720219999999999860e-03,-5.167299999999999671e-03
4.658560000000000066e-04,-1.029361999999999985e-02,-7.750940000000000434e-03
4.659200000000000385e-04,-1.286701999999999985e-02,-1.808554000000000064e-02
4.659840000000000163e-04,0.000000000000000000e+00,-1.033459999999999934e-02
4.660480000000000482e-04,0.000000000000000000e+00,-1.033459999999999934e-02
4.661120000000000259e-04,-5.146819999999999867e-03,-1.808554000000000064e-02
4.661760000000000036e-04,-1.029361999999999985e-02,-1.291824000000000097e-02
4.662400000000000355e-04,-1.029361999999999985e-02,-1.291824000000000097e-02
4.663040000000000132e-04,-7.720219999999999860e-03,-1.808554000000000064e-02
4.663680000000000451e-04,-2.573399999999999993e-03,-5.167299999999999671e-03
4.664320000000000228e-04,-7.720219999999999860e-03,-1.550189999999999901e-02
4.664960000000000547e-04,-1.029361999999999985e-02,-7.750940000000000434e-03
4.665600000000000324e-04,-2.573399999999999993e-03,-7.750940000000000434e-03
4.666240000000000101e-04,-2.573399999999999993e-03,-1.033459999999999934e-02
4.666880000000000420e-04,-1.029361999999999985e-02,-7.750940000000000434e-03
4.667520000000000197e-04,-2.573399999999999993e-03,-1.808554000000000064e-02
4.668160000000000517e-04,-1.029361999999999985e-02,-1.291824000000000097e-02
4.668800000000000294e-04,-7.720219999999999860e-03,-1.033459999999999934e-02
4.669440000000000071e-04,-5.146819999999999867e-03,-5.167299999999999671e-03
4.670080000000000390e-04,-7.720219999999999860e-03,-7.750940000000000434e-03
4.670720000000000167e-04,0.000000000000000000e+00,-1.033459999999999934e-02
4.671360000000000486e-04,-5.146819999999999867e-03,-1.033459999999999934e-02
4.672000000000000263e-04,-2.573399999999999993e-03,-7.750940000000000434e-03
4.672640000000000040e-04,-7.720219999999999860e-03,-1.291824000000000097e-02
4.673280000000000359e-04,-7.720219999999999860e-03,-7.750940000000000434e-03
4.673920000000000136e-04,-7.720219999999999860e-03,-1.291824000000000097e-02
4.674560000000000455e-04,-2.573399999999999993e-03,-1.291824000000000097e-02
4.675200000000000232e-04,-7.720219999999999860e-03,-2.583640000000000329e-03
4.675840000000000551e-04,-5.146819999999999867e-03,-5.167299999999999671e-03
4.676480000000000328e-04,-1.029361999999999985e-02,-1.291824000000000097e-02
4.677120000000000105e-04,-1.029361999999999985e-02,-7.750940000000000434e-03
4.677760000000000425e-04,-7.720219999999999860e-03,-7.750940000000000434e-03
4.678400000000000202e-04,-5.146819999999999867e-03,-1.291824000000000097e-02
4.679040000000000521e-04,-2.573399999999999993e-03,-2.583640000000000329e-03
4.679680000000000298e-04,-7.720219999999999860e-03,-7.750940000000000434e-03
4.680320000000000075e-04,-1.029361999999999985e-02,-1.291824000000000097e-02
4.680960000000000394e-04,-5.146819999999999867e-03,-1.550189999999999901e-02
4.681600000000000171e-04,-1.286701999999999985e-02,-1.291824000000000097e-02
4.682240000000000490e-04,-1.286701999999999985e-02,-1.808554000000000064e-02
4.682880000000000267e-04,0.000000000000000000e+00,-1.291824000000000097e-02
4.683520000000000044e-04,2.573399999999999993e-03,-1.291824000000000097e-02
4.684160000000000363e-04,-7.720219999999999860e-03,-1.033459999999999934e-02
4.684800000000000140e-04,-1.029361999999999985e-02,-7.750940000000000434e-03
4.685440000000000460e-04,-1.286701999999999985e-02,-2.583640000000000329e-03
4.686080000000000237e-04,-1.029361999999999985e-02,-1.808554000000000064e-02
4.686720000000000556e-04,-5.146819999999999867e-03,-1.291824000000000097e-02
4.687360000000000333e-04,-1.029361999999999985e-02,-1.033459999999999934e-02
4.688000000000000110e-04,-1.029361999999999985e-02,-1.033459999999999934e-02
4.688640000000000429e-04,-7.720219999999999860e-03,-1.291824000000000097e-02
4.689280000000000206e-04,-1.286701999999999985e-02,-2.066919999999999868e-02
4.689920000000000525e-04,-1.286701999999999985e-02,-1.291824000000000097e-02
4.690560000000000302e-04,-1.286701999999999985e-02,-1.808554000000000064e-02
4.691200000000000079e-04,-5.146819999999999867e-03,-1.033459999999999934e-02
4.691840000000000398e-04,-1.286701999999999985e-02,-1.291824000000000097e-02
4.692480000000000175e-04,-1.544043999999999972e-02,-7.750940000000000434e-03
4.693120000000000494e-04,-1.544043999999999972e-02,-1.291824000000000097e-02
4.693760000000000271e-04,-2.058719999999999994e-02,-1.550189999999999901e-02
4.694400000000000048e-04,-1.029361999999999985e-02,-1.808554000000000064e-02
4.695040000000000368e-04,-1.029361999999999985e-02,-1.291824000000000097e-02
4.695680000000000145e-04,-1.029361999999999985e-02,-1.291824000000000097e-02
4.696320000000000464e-04,-1.286701999999999985e-02,-7.750940000000000434e-03
4.696960000000000241e-04,-1.029361999999999985e-02,-1.550189999999999901e-02
4.697600000000000560e-04,-1.801383999999999971e-02,-5.167299999999999671e-03
4.698240000000000337e-04,-1.286701999999999985e-02,-1.291824000000000097e-02
4.698880000000000114e-04,-1.544043999999999972e-02,-1.550189999999999901e-02
4.699520000000000433e-04,-1.286701999999999985e-02,-1.550189999999999901e-02
4.700160000000000210e-04,-1.286701999999999985e-02,-1.291824000000000097e-02
4.700800000000000529e-04,-1.801383999999999971e-02,-1.291824000000000097e-02
4.701440000000000306e-04,-1.286701999999999985e-02,-1.808554000000000064e-02
4.702080000000000083e-04,-7.720219999999999860e-03,-7.750940000000000434e-03
4.702720000000000402e-04,-1.029361999999999985e-02,-7.750940000000000434e-03
4.703360000000000180e-04,-1.029361999999999985e-02,-1.291824000000000097e-02
4.704000000000000499e-04,-1.544043999999999972e-02,-1.291824000000000097e-02
4.704640000000000276e-04,-1.029361999999999985e-02,-7.750940000000000434e-03
4.705280000000000053e-04,-1.029361999999999985e-02,-1.291824000000000097e-02
4.705920000000000372e-04,-1.544043999999999972e-02,-7.750940000000000434e-03
4.706560000000000149e-04,-1.029361999999999985e-02,-1.291824000000000097e-02
4.707200000000000468e-04,-5.146819999999999867e-03,-1.033459999999999934e-02
4.707840000000000245e-04,-1.544043999999999972e-02,-5.167299999999999671e-03
4.708480000000000564e-04,-1.544043999999999972e-02,-1.033459999999999934e-02
4.709120000000000341e-04,-1.544043999999999972e-02,-1.033459999999999934e-02
4.709760000000000118e-04,-1.029361999999999985e-02,-1.033459999999999934e-02
4.710400000000000437e-04,-1.544043999999999972e-02,-1.550189999999999901e-02
4.711040000000000214e-04,-2.058719999999999994e-02,-2.583640000000000329e-03
4.711680000000000534e-04,-2.573399999999999993e-03,-7.750940000000000434e-03
4.712320000000000311e-04,-1.801383999999999971e-02,-1.808554000000000064e-02
4.712960000000000088e-04,-5.146819999999999867e-03,-7.750940000000000434e-03
4.713600000000000407e-04,-1.286701999999999985e-02,-1.291824000000000097e-02
4.714240000000000184e-04,-2.316059999999999994e-02,-7.750940000000000434e-03
4.714880000000000503e-04,-1.286701999999999985e-02,-7.750940000000000434e-03
4.715520000000000280e-04,-1.029361999999999985e-02,-7.750940000000000434e-03
4.716160000000000057e-04,-1.544043999999999972e-02,-5.167299999999999671e-03
4.716800000000000376e-04,-1.801383999999999971e-02,-1.550189999999999901e-02
4.717440000000000153e-04,-1.029361999999999985e-02,-1.033459999999999934e-02
4.718080000000000472e-04,-1.029361999999999985e-02,-7.750940000000000434e-03
4.718720000000000249e-04,-1.544043999999999972e-02,-1.033459999999999934e-02
4.719360000000000026e-04,-1.544043999999999972e-02,-1.033459999999999934e-02
4.720000000000000345e-04,-1.544043999999999972e-02,-2.066919999999999868e-02
4.720640000000000122e-04,-1.801383999999999971e-02,-7.750940000000000434e-03
4.721280000000000442e-04,-1.544043999999999972e-02,-1.033459999999999934e-02
4.721920000000000219e-04,-1.801383999999999971e-02,-1.291824000000000097e-02
4.722560000000000538e-04,-1.029361999999999985e-02,-5.167299999999999671e-03
4.723200000000000315e-04,-1.029361999999999985e-02,-1.291824000000000097e-02
4.723840000000000092e-04,-1.286701999999999985e-02,-7.750940000000000434e-03
4.724480000000000411e-04,-1.029361999999999985e-02,-1.808554000000000064e-02
4.725120000000000188e-04,-1.029361999999999985e-02,-1.550189999999999901e-02
4.725760000000000507e-04,-1.544043999999999972e-02,-1.291824000000000097e-02
4.726400000000000284e-04,-1.029361999999999985e-02,-5.167299999999999671e-03
4.727040000000000061e-04,-1.544043999999999972e-02,-1.033459999999999934e-02
4.727680000000000380e-04,-1.801383999999999971e-02,-5.167299999999999671e-03
4.728320000000000157e-04,-1.801383999999999971e-02,-1.033459999999999934e-02
4.728960000000000477e-04,-1.029361999999999985e-02,-1.808554000000000064e-02
4.729600000000000254e-04,-5.146819999999999867e-03,-1.550189999999999901e-02
4.730240000000000031e-04,-1.544043999999999972e-02,-2.583640000000000329e-03
4.730880000000000350e-04,-7.720219999999999860e-03,-1.550189999999999901e-02
4.731520000000000127e-04,-7.720219999999999860e-03,-7.750940000000000434e-03
4.732160000000000446e-04,-1.286701999999999985e-02,-7.750940000000000434e-03
4.732800000000000223e-04,-2.316059999999999994e-02,-1.291824000000000097e-02
4.733440000000000542e-04,-1.286701999999999985e-02,-1.033459999999999934e-02
4.734080000000000319e-04,-1.544043999999999972e-02,-1.550189999999999901e-02
4.734720000000000096e-04,-2.058719999999999994e-02,-1.550189999999999901e-02
4.735360000000000415e-04,-2.058719999999999994e-02,-7.750940000000000434e-03
4.736000000000000192e-04,-1.801383999999999971e-02,-1.291824000000000097e-02
4.736640000000000511e-04,-1.029361999999999985e-02,-1.033459999999999934e-02
4.737280000000000288e-04,-1.029361999999999985e-02,-1.033459999999999934e-02
4.737920000000000065e-04,-1.544043999999999972e-02,-2.066919999999999868e-02
4.738560000000000385e-04,-1.286701999999999985e-02,-2.066919999999999868e-02
4.739200000000000162e-04,-1.029361999999999985e-02,-1.033459999999999934e-02
4.739840000000000481e-04,-5.146819999999999867e-03,-1.550189999999999901e-02
4.740480000000000258e-04,-1.544043999999999972e-02,-1.291824000000000097e-02
4.741120000000000035e-04,-1.544043999999999972e-02,-1.808554000000000064e-02
4.741760000000000354e-04,-1.029361999999999985e-02,-1.291824000000000097e-02
4.742400000000000131e-04,-1.286701999999999985e-02,-1.550189999999999901e-02
4.743040000000000450e-04,-1.286701999999999985e-02,-1.033459999999999934e-02
4.743680000000000227e-04,-1.286701999999999985e-02,-7.750940000000000434e-03
4.744320000000000546e-04,-1.801383999999999971e-02,-1.033459999999999934e-02
4.744960000000000323e-04,-2.058719999999999994e-02,-1.808554000000000064e-02
4.745600000000000100e-04,-1.286701999999999985e-02,-1.550189999999999901e-02
4.746240000000000419e-04,-1.801383999999999971e-02,-7.750940000000000434e-03
4.746880000000000197e-04,-1.286701999999999985e-02,-1.550189999999999901e-02
4.747520000000000516e-04,-2.058719999999999994e-02,-1.033459999999999934e-02
4.748160000000000293e-04,-1.544043999999999972e-02,-1.291824000000000097e-02
4.748800000000000070e-04,-7.720219999999999860e-03,-1.291824000000000097e-02
4.749440000000000389e-04,-2.058719999999999994e-02,-1.550189999999999901e-02
4.750080000000000166e-04,-1.544043999999999972e-02,-1.808554000000000064e-02
4.750720000000000485e-04,-1.286701999999999985e-02,-1.291824000000000097e-02
4.751360000000000262e-04,-1.544043999999999972e-02,-1.550189999999999901e-02
4.752000000000000039e-04,-1.801383999999999971e-02,-5.167299999999999671e-03
4.752640000000000358e-04,-7.720219999999999860e-03,-1.291824000000000097e-02
4.753280000000000135e-04,-1.544043999999999972e-02,-1.291824000000000097e-02
4.753920000000000454e-04,-1.801383999999999971e-02,-1.033459999999999934e-02
4.754560000000000231e-04,-1.286701999999999985e-02,-1.291824000000000097e-02
4.755200000000000551e-04,-1.544043999999999972e-02,-1.550189999999999901e-02
4.755840000000000328e-04,-1.544043999999999972e-02,-1.550189999999999901e-02
4.756480000000000105e-04,-2.058719999999999994e-02,-1.291824000000000097e-02
4.757120000000000424e-04,-1.801383999999999971e-02,-1.808554000000000064e-02
4.757760000000000201e-04,-2.058719999999999994e-02,-1.550189999999999901e-02
4.758400000000000520e-04,-2.058719999999999994e-02,-1.550189999999999901e-02
4.759040000000000297e-04,-1.029361999999999985e-02,-1.808554000000000064e-02
4.759680000000000074e-04,-1.801383999999999971e-02,-7.750940000000000434e-03
4.760320000000000393e-04,-2.058719999999999994e-02,-1.291824000000000097e-02
4.760960000000000170e-04,-1.544043999999999972e-02,-1.808554000000000064e-02
4.761600000000000489e-04,-1.544043999999999972e-02,-1.550189999999999901e-02
4.762240000000000266e-04,-1.801383999999999971e-02,-1.291824000000000097e-02
4.762880000000000043e-04,-2.058719999999999994e-02,-7.750940000000000434e-03
4.763520000000000362e-04,-2.058719999999999994e-02,-1.033459999999999934e-02
4.764160000000000139e-04,-1.544043999999999972e-02,-1.808554000000000064e-02
4.764800000000000459e-04,-2.058719999999999994e-02,-2.066919999999999868e-02
4.765440000000000236e-04,-1.544043999999999972e-02,-1.033459999999999934e-02
4.766080000000000555e-04,-1.544043999999999972e-02,-1.550189999999999901e-02
4.766720000000000332e-04,-2.058719999999999994e-02,-1.033459999999999934e-02
4.767360000000000109e-04,-1.544043999999999972e-02,-2.066919999999999868e-02
4.768000000000000428e-04,-7.720219999999999860e-03,-1.808554000000000064e-02
4.768640000000000205e-04,-5.146819999999999867e-03,-1.291824000000000097e-02
4.769280000000000524e-04,-1.286701999999999985e-02,-1.291824000000000097e-02
4.769920000000000301e-04,-1.544043999999999972e-02,-1.808554000000000064e-02
4.770560000000000078e-04,-1.029361999999999985e-02,-2.583640000000000329e-03
4.771200000000000397e-04,-1.544043999999999972e-02,-1.291824000000000097e-02
4.771840000000000174e-04,-2.058719999999999994e-02,-1.550189999999999901e-02
4.772480000000000494e-04,-2.058719999999999994e-02,-1.550189999999999901e-02
4.773120000000000271e-04,-2.573399999999999993e-02,-1.033459999999999934e-02
4.773760000000000048e-04,-1.801383999999999971e-02,-1.550189999999999901e-02
4.774400000000000367e-04,-1.801383999999999971e-02,-1.550189999999999901e-02
4.775040000000000144e-04,-1.286701999999999985e-02,-1.550189999999999901e-02
4.775680000000000463e-04,-1.286701999999999985e-02,-1.291824000000000097e-02
4.776320000000000240e-04,-1.029361999999999985e-02,-1.550189999999999901e-02
4.776960000000000559e-04,-1.544043999999999972e-02,-1.550189999999999901e-02
4.777600000000000336e-04,-1.286701999999999985e-02,-7.750940000000000434e-03
4.778240000000000113e-04,-1.544043999999999972e-02,-1.550189999999999901e-02
4.778880000000000432e-04,-1.544043999999999972e-02,-1.033459999999999934e-02
4.779520000000000209e-04,-2.316059999999999994e-02,-1.291824000000000097e-02
4.780160000000000528e-04,-1.801383999999999971e-02,-2.583639999999999895e-02
4.780800000000000305e-04,-1.029361999999999985e-02,-7.750940000000000434e-03
4.781440000000000082e-04,-1.286701999999999985e-02,-1.808554000000000064e-02
4.782080000000000402e-04,-1.029361999999999985e-02,-1.808554000000000064e-02
4.782720000000000179e-04,-1.801383999999999971e-02,-1.033459999999999934e-02
4.783360000000000498e-04,-1.286701999999999985e-02,-1.033459999999999934e-02
4.784000000000000275e-04,-1.544043999999999972e-02,-1.550189999999999901e-02
4.784640000000000052e-04,-2.316059999999999994e-02,-1.808554000000000064e-02
4.785280000000000371e-04,-1.286701999999999985e-02,-1.550189999999999901e-02
4.785920000000000148e-04,-1.801383999999999971e-02,-1.808554000000000064e-02
4.786560000000000467e-04,-1.544043999999999972e-02,-1.550189999999999901e-02
4.787200000000000244e-04,-2.058719999999999994e-02,-1.550189999999999901e-02
4.787840000000000563e-04,-1.801383999999999971e-02,-1.033459999999999934e-02
4.788480000000000340e-04,-2.058719999999999994e-02,-1.808554000000000064e-02
4.789120000000000117e-04,-7.720219999999999860e-03,-1.808554000000000064e-02
4.789760000000000436e-04,-1.286701999999999985e-02,-2.066919999999999868e-02
4.790400000000000214e-04,-1.544043999999999972e-02,-1.808554000000000064e-02
4.791040000000000533e-04,-1.544043999999999972e-02,-1.291824000000000097e-02
4.791680000000000310e-04,-1.286701999999999985e-02,-1.808554000000000064e-02
4.792320000000000087e-04,-7.720219999999999860e-03,-1.291824000000000097e-02
4.792960000000000406e-04,-1.544043999999999972e-02,-1.033459999999999934e-02
4.793600000000000183e-04,-7.720219999999999860e-03,-1.550189999999999901e-02
4.794240000000000502e-04,-1.286701999999999985e-02,-1.808554000000000064e-02
4.794880000000000279e-04,-1.801383999999999971e-02,-1.550189999999999901e-02
4.795520000000000056e-04,-1.029361999999999985e-02,-1.550189999999999901e-02
4.796160000000000375e-04,-7.720219999999999860e-03,-1.808554000000000064e-02
4.796800000000000152e-04,-1.286701999999999985e-02,-1.550189999999999901e-02
4.797440000000000471e-04,-1.801383999999999971e-02,-1.291824000000000097e-02
4.798080000000000248e-04,-1.544043999999999972e-02,-2.325279999999999708e-02
4.798720000000000568e-04,0.000000000000000000e+00,-1.550189999999999901e-02
4.799360000000000345e-04,-2.573399999999999993e-03,-2.066919999999999868e-02
4.800000000000000122e-04,-1.029361999999999985e-02,-1.291824000000000097e-02
4.800640000000000441e-04,-7.720219999999999860e-03,-2.583639999999999895e-02
4.801280000000000218e-04,-7.720219999999999860e-03,-1.550189999999999901e-02
4.801920000000000537e-04,-1.029361999999999985e-02,-1.033459999999999934e-02
4.802560000000000314e-04,-7.720219999999999860e-03,-2.066919999999999868e-02
4.803200000000000091e-04,-7.720219999999999860e-03,-1.291824000000000097e-02
4.803840000000000410e-04,2.573399999999999993e-03,-1.808554000000000064e-02
4.804480000000000187e-04,-1.029361999999999985e-02,-1.291824000000000097e-02
4.805120000000000506e-04,-1.286701999999999985e-02,-7.750940000000000434e-03
4.805760000000000283e-04,-1.286701999999999985e-02,-1.033459999999999934e-02
4.806400000000000060e-04,-5.146819999999999867e-03,-1.550189999999999901e-02
4.807040000000000379e-04,-1.029361999999999985e-02,-1.808554000000000064e-02
4.807680000000000156e-04,-1.029361999999999985e-02,-1.291824000000000097e-02
4.808320000000000476e-04,-1.286701999999999985e-02,-1.291824000000000097e-02
4.808960000000000253e-04,-7.720219999999999860e-03,-1.550189999999999901e-02
4.809600000000000030e-04,-7.720219999999999860e-03,-1.550189999999999901e-02
4.810240000000000349e-04,-5.146819999999999867e-03,-1.808554000000000064e-02
4.810880000000000126e-04,-1.286701999999999985e-02,-2.325279999999999708e-02
4.811520000000000445e-04,-5.146819999999999867e-03,-1.550189999999999901e-02
4.812160000000000222e-04,-7.720219999999999860e-03,-2.325279999999999708e-02
4.812800000000000541e-04,-2.573399999999999993e-03,-1.808554000000000064e-02
4.813440000000000318e-04,-1.029361999999999985e-02,-1.550189999999999901e-02
4.814080000000000095e-04,-1.286701999999999985e-02,-2.066919999999999868e-02
4.814720000000000414e-04,-1.029361999999999985e-02,-1.808554000000000064e-02
4.815360000000000191e-04,-1.029361999999999985e-02,-2.325279999999999708e-02
4.816000000000000511e-04,-5.146819999999999867e-03,-1.291824000000000097e-02
4.816640000000000288e-04,-2.573399999999999993e-03,-1.550189999999999901e-02
4.817280000000000065e-04,-1.029361999999999985e-02,-1.550189999999999901e-02
4.817920000000000384e-04,-1.029361999999999985e-02,-1.033459999999999934e-02
4.818560000000000161e-04,-7.720219999999999860e-03,-1.550189999999999901e-02
4.819200000000000480e-04,-1.286701999999999985e-02,-2.325279999999999708e-02
4.819840000000000257e-04,-1.544043999999999972e-02,-2.325279999999999708e-02
4.820480000000000034e-04,-1.029361999999999985e-02,-1.550189999999999901e-02
4.821120000000000353e-04,-5.146819999999999867e-03,-1.808554000000000064e-02
4.821760000000000130e-04,-2.573399999999999993e-03,-1.808554000000000064e-02
4.822400000000000449e-04,0.000000000000000000e+00,-1.033459999999999934e-02
4.823040000000000226e-04,-5.146819999999999867e-03,-2.583639999999999895e-02
4.823680000000000545e-04,-7.720219999999999860e-03,-2.066919999999999868e-02
4.824320000000000322e-04,-1.029361999999999985e-02,-1.550189999999999901e-02
4.824960000000000099e-04,-1.286701999999999985e-02,-2.066919999999999868e-02
4.825600000000000419e-04,-7.720219999999999860e-03,-1.033459999999999934e-02
4.826240000000000196e-04,-1.029361999999999985e-02,-1.808554000000000064e-02
4.826880000000000515e-04,-1.029361999999999985e-02,-2.066919999999999868e-02
4.827520000000000292e-04,-7.720219999999999860e-03,-1.291824000000000097e-02
4.828160000000000069e-04,-2.573399999999999993e-03,-1.808554000000000064e-02
4.828800000000000388e-04,-1.029361999999999985e-02,-2.066919999999999868e-02
4.829440000000000165e-04,-1.544043999999999972e-02,-2.066919999999999868e-02
4.830080000000000484e-04,-5.146819999999999867e-03,-1.808554000000000064e-02
4.830720000000000261e-04,-5.146819999999999867e-03,-1.550189999999999901e-02
4.831360000000000038e-04,-1.286701999999999985e-02,-1.550189999999999901e-02
4.832000000000000357e-04,-1.286701999999999985e-02,-1.808554000000000064e-02
4.832640000000000134e-04,-7.720219999999999860e-03,-2.066919999999999868e-02
4.833280000000000453e-04,-7.720219999999999860e-03,-1.550189999999999901e-02
4.833920000000000231e-04,-2.573399999999999993e-03,-1.808554000000000064e-02
4.834560000000000550e-04,-1.286701999999999985e-02,-2.325279999999999708e-02
4.835200000000000327e-04,-1.029361999999999985e-02,-1.550189999999999901e-02
4.835840000000000104e-04,-2.573399999999999993e-03,-2.066919999999999868e-02
4.836480000000000423e-04,-1.286701999999999985e-02,-1.808554000000000064e-02
4.837120000000000200e-04,-7.720219999999999860e-03,-1.550189999999999901e-02
4.837760000000000519e-04,-1.029361999999999985e-02,-1.550189999999999901e-02
4.838400000000000296e-04,-7.720219999999999860e-03,-1.291824000000000097e-02
4.839040000000000073e-04,-5.146819999999999867e-03,-2.066919999999999868e-02
4.839680000000000392e-04,-1.029361999999999985e-02,-1.808554000000000064e-02
4.840320000000000169e-04,-1.544043999999999972e-02,-2.066919999999999868e-02
4.840960000000000488e-04,-7.720219999999999860e-03,-1.291824000000000097e-02
4.841600000000000265e-04,-5.146819999999999867e-03,-1.291824000000000097e-02
4.842240000000000042e-04,-1.029361999999999985e-02,-1.808554000000000064e-02
4.842880000000000362e-04,-7.720219999999999860e-03,-2.325279999999999708e-02
4.843520000000000139e-04,-1.286701999999999985e-02,-1.808554000000000064e-02
4.844160000000000458e-04,0.000000000000000000e+00,-2.325279999999999708e-02
4.844800000000000235e-04,-5.146819999999999867e-03,-1.808554000000000064e-02
4.845440000000000554e-04,-1.029361999999999985e-02,-1.291824000000000097e-02
4.846080000000000331e-04,0.000000000000000000e+00,-1.808554000000000064e-02
4.846720000000000108e-04,-7.720219999999999860e-03,-2.066919999999999868e-02
4.847360000000000427e-04,-7.720219999999999860e-03,-2.583639999999999895e-02
4.848000000000000204e-04,-5.146819999999999867e-03,-2.583639999999999895e-02
4.848640000000000523e-04,-1.544043999999999972e-02,-2.066919999999999868e-02
4.849280000000000300e-04,2.573399999999999993e-03,-1.808554000000000064e-02
4.849920000000000077e-04,-7.720219999999999860e-03,-1.808554000000000064e-02
4.850560000000000396e-04,-1.286701999999999985e-02,-2.842019999999999963e-02
4.851200000000000173e-04,-2.573399999999999993e-03,-2.066919999999999868e-02
4.851840000000000493e-04,-1.544043999999999972e-02,-1.808554000000000064e-02
4.852480000000000270e-04,-7.720219999999999860e-03,-1.550189999999999901e-02
4.853120000000000047e-04,-2.573399999999999993e-03,-7.750940000000000434e-03
4.853760000000000366e-04,-7.720219999999999860e-03,-1.550189999999999901e-02
4.854400000000000143e-04,-2.573399999999999993e-03,-1.033459999999999934e-02
4.855040000000000462e-04,-1.029361999999999985e-02,-1.550189999999999901e-02
4.855680000000000239e-04,-2.573399999999999993e-03,-1.291824000000000097e-02
4.856320000000000558e-04,-1.029361999999999985e-02,-1.550189999999999901e-02
4.856960000000000335e-04,-1.286701999999999985e-02,-1.550189999999999901e-02
4.857600000000000112e-04,-1.286701999999999985e-02,-1.291824000000000097e-02
4.858240000000000431e-04,-7.720219999999999860e-03,-2.066919999999999868e-02
4.858880000000000208e-04,-5.146819999999999867e-03,-1.808554000000000064e-02
4.859520000000000528e-04,-5.146819999999999867e-03,-1.291824000000000097e-02
4.860160000000000305e-04,-7.720219999999999860e-03,-1.808554000000000064e-02
4.860800000000000082e-04,-1.286701999999999985e-02,-1.808554000000000064e-02
4.861440000000000401e-04,-5.146819999999999867e-03,-5.167299999999999671e-03
4.862080000000000178e-04,-1.029361999999999985e-02,-2.325279999999999708e-02
4.862720000000000497e-04,-1.801383999999999971e-02,-1.033459999999999934e-02
4.863360000000000274e-04,-5.146819999999999867e-03,-1.808554000000000064e-02
4.864000000000000051e-04,-7.720219999999999860e-03,-2.583640000000000329e-03
4.864640000000000370e-04,-5.146819999999999867e-03,-1.550189999999999901e-02
4.865280000000000147e-04,-1.029361999999999985e-02,-1.291824000000000097e-02
4.865920000000000466e-04,-7.720219999999999860e-03,-1.291824000000000097e-02
4.866560000000000243e-04,-1.801383999999999971e-02,-1.550189999999999901e-02
4.867200000000000562e-04,-2.058719999999999994e-02,-1.291824000000000097e-02
4.867840000000000339e-04,-1.029361999999999985e-02,-1.033459999999999934e-02
4.868480000000000116e-04,-1.286701999999999985e-02,-1.291824000000000097e-02
4.869120000000000436e-04,-7.720219999999999860e-03,-1.291824000000000097e-02
4.869760000000000213e-04,-7.720219999999999860e-03,-1.808554000000000064e-02
4.870400000000000532e-04,-1.544043999999999972e-02,-2.066919999999999868e-02
4.871040000000000309e-04,-5.146819999999999867e-03,-2.066919999999999868e-02
4.871680000000000086e-04,-1.029361999999999985e-02,-1.291824000000000097e-02
4.872320000000000405e-04,-1.286701999999999985e-02,-2.066919999999999868e-02
4.872960000000000182e-04,-1.029361999999999985e-02,-7.750940000000000434e-03
4.873600000000000501e-04,-1.029361999999999985e-02,-1.291824000000000097e-02
4.874240000000000278e-04,-1.544043999999999972e-02,-1.550189999999999901e-02
4.874880000000000055e-04,-1.286701999999999985e-02,-1.808554000000000064e-02
4.875520000000000374e-04,-1.286701999999999985e-02,-1.808554000000000064e-02
4.876160000000000151e-04,-2.058719999999999994e-02,-2.325279999999999708e-02
4.876800000000000470e-04,-1.286701999999999985e-02,-1.550189999999999901e-02
4.877440000000000248e-04,-5.146819999999999867e-03,-1.291824000000000097e-02
4.878080000000000567e-04,-1.029361999999999985e-02,-1.550189999999999901e-02
4.878720000000000344e-04,-1.544043999999999972e-02,-1.291824000000000097e-02
4.879360000000000121e-04,-1.544043999999999972e-02,-1.033459999999999934e-02
4.880000000000000440e-04,-1.029361999999999985e-02,-7.750940000000000434e-03
4.880640000000000217e-04,-1.801383999999999971e-02,-1.291824000000000097e-02
4.881280000000000536e-04,-1.801383999999999971e-02,-2.066919999999999868e-02
4.881920000000000313e-04,-1.801383999999999971e-02,-1.808554000000000064e-02
4.882560000000000090e-04,-1.801383999999999971e-02,-5.167299999999999671e-03
4.883199999999999867e-04,-1.029361999999999985e-02,-2.066919999999999868e-02
4.883840000000000186e-04,-7.720219999999999860e-03,-1.550189999999999901e-02
4.884480000000000505e-04,-1.801383999999999971e-02,-7.750940000000000434e-03
4.885120000000000825e-04,-1.286701999999999985e-02,-1.550189999999999901e-02
4.885760000000000059e-04,-1.544043999999999972e-02,-1.291824000000000097e-02
4.886400000000000379e-04,-1.801383999999999971e-02,-1.550189999999999901e-02
4.887040000000000698e-04,-1.286701999999999985e-02,-1.033459999999999934e-02
4.887679999999999933e-04,-2.058719999999999994e-02,-1.033459999999999934e-02
4.888320000000000252e-04,-2.058719999999999994e-02,-1.808554000000000064e-02
4.888960000000000571e-04,-1.544043999999999972e-02,-7.750940000000000434e-03
4.889599999999999806e-04,-1.544043999999999972e-02,-1.291824000000000097e-02
4.890240000000000125e-04,-1.286701999999999985e-02,-1.291824000000000097e-02
4.890880000000000444e-04,-1.029361999999999985e-02,-1.550189999999999901e-02
4.891520000000000763e-04,-2.316059999999999994e-02,-7.750940000000000434e-03
4.892159999999999998e-04,-1.544043999999999972e-02,-1.550189999999999901e-02
4.892800000000000317e-04,-1.544043999999999972e-02,-1.033459999999999934e-02
4.893440000000000636e-04,-1.544043999999999972e-02,-5.167299999999999671e-03
4.894079999999999871e-04,-2.058719999999999994e-02,-2.066919999999999868e-02
4.894720000000000191e-04,-1.544043999999999972e-02,-7.750940000000000434e-03
4.895360000000000510e-04,-1.544043999999999972e-02,-1.550189999999999901e-02
4.896000000000000829e-04,-1.801383999999999971e-02,-1.550189999999999901e-02
4.896640000000000064e-04,-2.058719999999999994e-02,-1.550189999999999901e-02
4.897280000000000383e-04,-7.720219999999999860e-03,-1.291824000000000097e-02
4.897920000000000702e-04,-1.286701999999999985e-02,-1.291824000000000097e-02
4.898559999999999937e-04,-7.720219999999999860e-03,-7.750940000000000434e-03
4.899200000000000256e-04,-1.029361999999999985e-02,-1.291824000000000097e-02
4.899840000000000575e-04,-1.029361999999999985e-02,-1.550189999999999901e-02
4.900479999999999810e-04,-2.058719999999999994e-02,-1.291824000000000097e-02
4.901120000000000129e-04,-1.286701999999999985e-02,-1.033459999999999934e-02
4.901760000000000448e-04,-1.544043999999999972e-02,-1.808554000000000064e-02
4.902400000000000767e-04,-1.029361999999999985e-02,-1.033459999999999934e-02
4.903040000000000002e-04,-1.286701999999999985e-02,-1.808554000000000064e-02
4.903680000000000322e-04,-1.544043999999999972e-02,-2.066919999999999868e-02
4.904320000000000641e-04,-1.029361999999999985e-02,-1.291824000000000097e-02
4.904959999999999876e-04,-1.286701999999999985e-02,-1.033459999999999934e-02
4.905600000000000195e-04,-1.029361999999999985e-02,-2.325279999999999708e-02
4.906240000000000514e-04,-7.720219999999999860e-03,-1.550189999999999901e-02
4.906880000000000833e-04,-1.286701999999999985e-02,-1.808554000000000064e-02
4.907520000000000068e-04,-1.544043999999999972e-02,-1.033459999999999934e-02
4.908160000000000387e-04,-2.058719999999999994e-02,-7.750940000000000434e-03
4.908800000000000706e-04,-1.544043999999999972e-02,-1.291824000000000097e-02
4.909439999999999941e-04,-1.544043999999999972e-02,-1.808554000000000064e-02
4.910080000000000260e-04,-7.720219999999999860e-03,-1.291824000000000097e-02
4.910720000000000579e-04,-1.801383999999999971e-02,-1.808554000000000064e-02
4.911359999999999814e-04,-1.801383999999999971e-02,-1.291824000000000097e-02
4.912000000000000133e-04,-2.058719999999999994e-02,-1.291824000000000097e-02
4.912640000000000453e-04,-1.801383999999999971e-02,-2.066919999999999868e-02
4.913280000000000772e-04,-1.286701999999999985e-02,-1.033459999999999934e-02
4.913920000000000007e-04,-1.544043999999999972e-02,-1.291824000000000097e-02
4.914560000000000326e-04,-5.146819999999999867e-03,-1.033459999999999934e-02
4.915200000000000645e-04,-1.801383999999999971e-02,-1.291824000000000097e-02
4.915839999999999880e-04,-1.286701999999999985e-02,-2.325279999999999708e-02
4.916480000000000199e-04,-1.544043999999999972e-02,-1.550189999999999901e-02
4.917120000000000518e-04,-1.801383999999999971e-02,-1.550189999999999901e-02
4.917760000000000837e-04,-1.801383999999999971e-02,-1.550189999999999901e-02
4.918400000000000072e-04,-7.720219999999999860e-03,-1.033459999999999934e-02
4.919040000000000391e-04,-2.058719999999999994e-02,-1.808554000000000064e-02
4.919680000000000710e-04,-1.029361999999999985e-02,-1.033459999999999934e-02
4.920319999999999945e-04,-2.058719999999999994e-02,-1.033459999999999934e-02
4.920960000000000265e-04,-1.801383999999999971e-02,-1.291824000000000097e-02
4.921600000000000584e-04,-1.544043999999999972e-02,-1.033459999999999934e-02
4.922239999999999819e-04,-1.544043999999999972e-02,-1.291824000000000097e-02
4.922880000000000138e-04,-1.544043999999999972e-02,-1.291824000000000097e-02
4.923520000000000457e-04,-1.286701999999999985e-02,-1.033459999999999934e-02
4.924160000000000776e-04,-1.801383999999999971e-02,-1.291824000000000097e-02
4.924800000000000011e-04,-1.801383999999999971e-02,-1.033459999999999934e-02
4.925440000000000330e-04,-1.544043999999999972e-02,-7.750940000000000434e-03
4.926080000000000649e-04,-1.286701999999999985e-02,-1.550189999999999901e-02
4.926719999999999884e-04,-1.286701999999999985e-02,-1.808554000000000064e-02
4.927360000000000203e-04,-1.029361999999999985e-02,-1.808554000000000064e-02
4.928000000000000522e-04,-1.544043999999999972e-02,-1.550189999999999901e-02
4.928640000000000842e-04,-1.029361999999999985e-02,-1.033459999999999934e-02
4.929280000000000076e-04,-1.029361999999999985e-02,-1.033459999999999934e-02
4.929920000000000396e-04,-1.286701999999999985e-02,-1.808554000000000064e-02
4.930560000000000715e-04,-7.720219999999999860e-03,-1.808554000000000064e-02
4.931199999999999950e-04,-1.801383999999999971e-02,-1.550189999999999901e-02
4.931840000000000269e-04,-2.058719999999999994e-02,-1.550189999999999901e-02
4.932480000000000588e-04,-1.286701999999999985e-02,-1.291824000000000097e-02
4.933119999999999823e-04,-7.720219999999999860e-03,-1.550189999999999901e-02
4.933760000000000142e-04,-1.544043999999999972e-02,-2.066919999999999868e-02
4.934400000000000461e-04,-5.146819999999999867e-03,-1.291824000000000097e-02
4.935040000000000780e-04,-1.029361999999999985e-02,-1.550189999999999901e-02
4.935680000000000015e-04,-2.058719999999999994e-02,-1.291824000000000097e-02
4.936320000000000334e-04,-1.544043999999999972e-02,-1.291824000000000097e-02
4.936960000000000653e-04,-1.544043999999999972e-02,-7.750940000000000434e-03
4.937599999999999888e-04,-7.720219999999999860e-03,-1.291824000000000097e-02
4.938240000000000208e-04,-5.146819999999999867e-03,-1.550189999999999901e-02
4.938880000000000527e-04,-7.720219999999999860e-03,-1.291824000000000097e-02
4.939520000000000846e-04,-7.720219999999999860e-03,-2.066919999999999868e-02
4.940160000000000081e-04,-1.029361999999999985e-02,-1.291824000000000097e-02
4.940800000000000400e-04,-7.720219999999999860e-03,-1.291824000000000097e-02
4.941440000000000719e-04,-1.286701999999999985e-02,-1.291824000000000097e-02
4.942079999999999954e-04,-1.544043999999999972e-02,-7.750940000000000434e-03
4.942720000000000273e-04,-1.544043999999999972e-02,-2.066919999999999868e-02
4.943360000000000592e-04,-1.029361999999999985e-02,-1.808554000000000064e-02
4.943999999999999827e-04,-1.029361999999999985e-02,-1.550189999999999901e-02
4.944640000000000146e-04,-7.720219999999999860e-03,-1.808554000000000064e-02
4.945280000000000465e-04,-2.316059999999999994e-02,-7.750940000000000434e-03
4.945920000000000784e-04,-1.029361999999999985e-02,-1.033459999999999934e-02
4.946560000000000019e-04,-7.720219999999999860e-03,-7.750940000000000434e-03
4.947200000000000339e-04,-7.720219999999999860e-03,-7.750940000000000434e-03
4.947840000000000658e-04,-1.286701999999999985e-02,-1.808554000000000064e-02
4.948479999999999893e-04,-1.544043999999999972e-02,-1.550189999999999901e-02
4.949120000000000212e-04,-7.720219999999999860e-03,-1.550189999999999901e-02
4.949760000000000531e-04,-1.544043999999999972e-02,-5.167299999999999671e-03
4.950400000000000850e-04,-7.720219999999999860e-03,-1.808554000000000064e-02
4.951040000000000085e-04,-7.720219999999999860e-03,-1.550189999999999901e-02
4.951680000000000404e-04,-1.286701999999999985e-02,-1.550189999999999901e-02
4.952320000000000723e-04,-1.029361999999999985e-02,-1.550189999999999901e-02
4.952959999999999958e-04,-7.720219999999999860e-03,-1.033459999999999934e-02
4.953600000000000277e-04,-1.029361999999999985e-02,-1.033459999999999934e-02
4.954240000000000596e-04,-5.146819999999999867e-03,-1.033459999999999934e-02
4.954879999999999831e-04,-7.720219999999999860e-03,-1.291824000000000097e-02
4.955520000000000150e-04,-1.286701999999999985e-02,-1.550189999999999901e-02
4.956160000000000470e-04,-7.720219999999999860e-03,-1.550189999999999901e-02
4.956800000000000789e-04,-5.146819999999999867e-03,-1.033459999999999934e-02
4.957440000000000024e-04,-5.146819999999999867e-03,-1.808554000000000064e-02
4.958080000000000343e-04,-1.286701999999999985e-02,-1.808554000000000064e-02
4.958720000000000662e-04,-7.720219999999999860e-03,-1.550189999999999901e-02
4.959359999999999897e-04,-2.573399999999999993e-03,-1.291824000000000097e-02
4.960000000000000216e-04,-1.029361999999999985e-02,-1.550189999999999901e-02
4.960640000000000535e-04,-5.146819999999999867e-03,-2.325279999999999708e-02
4.961279999999999770e-04,-1.029361999999999985e-02,-1.291824000000000097e-02
4.961920000000000089e-04,-1.029361999999999985e-02,-1.033459999999999934e-02
4.962560000000000408e-04,-1.286701999999999985e-02,-1.033459999999999934e-02
4.963200000000000727e-04,-5.146819999999999867e-03,-1.808554000000000064e-02
4.963839999999999962e-04,-2.573399999999999993e-03,-1.033459999999999934e-02
4.964480000000000282e-04,-7.720219999999999860e-03,-1.033459999999999934e-02
4.965120000000000601e-04,-5.146819999999999867e-03,-1.033459999999999934e-02
4.965759999999999836e-04,-7.720219999999999860e-03,-1.808554000000000064e-02
4.966400000000000155e-04,-1.286701999999999985e-02,-1.550189999999999901e-02
4.967040000000000474e-04,-7.720219999999999860e-03,-1.808554000000000064e-02
4.967680000000000793e-04,-5.146819999999999867e-03,-1.550189999999999901e-02
4.968320000000000028e-04,-5.146819999999999867e-03,-1.550189999999999901e-02
4.968960000000000347e-04,-1.029361999999999985e-02,-1.291824000000000097e-02
4.969600000000000666e-04,-2.573399999999999993e-03,-1.291824000000000097e-02
4.970239999999999901e-04,0.000000000000000000e+00,-1.033459999999999934e-02
4.970880000000000220e-04,-2.573399999999999993e-03,-1.291824000000000097e-02
4.971520000000000539e-04,-1.544043999999999972e-02,-1.291824000000000097e-02
4.972159999999999774e-04,-1.286701999999999985e-02,-1.808554000000000064e-02
4.972800000000000093e-04,-1.286701999999999985e-02,-1.291824000000000097e-02
4.973440000000000413e-04,-1.286701999999999985e-02,-2.325279999999999708e-02
4.974080000000000732e-04,-7.720219999999999860e-03,-1.808554000000000064e-02
4.974719999999999967e-04,2.573399999999999993e-03,-1.808554000000000064e-02
4.975360000000000286e-04,-5.146819999999999867e-03,-1.808554000000000064e-02
4.976000000000000605e-04,-7.720219999999999860e-03,-1.291824000000000097e-02
4.976639999999999840e-04,-7.720219999999999860e-03,-1.291824000000000097e-02
4.977280000000000159e-04,-1.029361999999999985e-02,-2.066919999999999868e-02
4.977920000000000478e-04,-7.720219999999999860e-03,-1.291824000000000097e-02
4.978560000000000797e-04,-1.286701999999999985e-02,-1.291824000000000097e-02
4.979200000000000032e-04,-1.029361999999999985e-02,-1.291824000000000097e-02
4.979840000000000351e-04,-2.573399999999999993e-03,-1.550189999999999901e-02
4.980480000000000670e-04,-7.720219999999999860e-03,-1.550189999999999901e-02
4.981119999999999905e-04,5.146819999999999867e-03,-1.291824000000000097e-02
4.981760000000000225e-04,-5.146819999999999867e-03,-2.066919999999999868e-02
4.982400000000000544e-04,-1.029361999999999985e-02,-1.550189999999999901e-02
4.983039999999999779e-04,-1.029361999999999985e-02,-1.291824000000000097e-02
4.983680000000000098e-04,-1.029361999999999985e-02,-1.033459999999999934e-02
4.984320000000000417e-04,-5.146819999999999867e-03,-1.291824000000000097e-02
4.984960000000000736e-04,-5.146819999999999867e-03,-1.808554000000000064e-02
4.985599999999999971e-04,-2.573399999999999993e-03,-1.291824000000000097e-02
4.986240000000000290e-04,-2.573399999999999993e-03,-1.033459999999999934e-02
4.986880000000000609e-04,-1.029361999999999985e-02,-1.291824000000000097e-02
4.987519999999999844e-04,5.146819999999999867e-03,-1.550189999999999901e-02
4.988160000000000163e-04,-1.286701999999999985e-02,-1.291824000000000097e-02
4.988800000000000482e-04,-7.720219999999999860e-03,-7.750940000000000434e-03
4.989440000000000801e-04,0.000000000000000000e+00,-1.291824000000000097e-02
4.990080000000000036e-04,-7.720219999999999860e-03,-1.550189999999999901e-02
4.990720000000000356e-04,-1.544043999999999972e-02,-1.808554000000000064e-02
4.991360000000000675e-04,5.146819999999999867e-03,-1.291824000000000097e-02
4.991999999999999910e-04,-1.029361999999999985e-02,-1.550189999999999901e-02
4.992640000000000229e-04,-5.146819999999999867e-03,-1.291824000000000097e-02
4.993280000000000548e-04,-5.146819999999999867e-03,-1.291824000000000097e-02
4.993919999999999783e-04,-7.720219999999999860e-03,-1.291824000000000097e-02
4.994560000000000102e-04,-5.146819999999999867e-03,-1.033459999999999934e-02
4.995200000000000421e-04,2.573399999999999993e-03,-1.550189999999999901e-02
4.995840000000000740e-04,-7.720219999999999860e-03,-1.291824000000000097e-02
4.996479999999999975e-04,-5.146819999999999867e-03,-1.550189999999999901e-02
4.997120000000000294e-04,-2.573399999999999993e-03,-1.550189999999999901e-02
4.997760000000000613e-04,-1.544043999999999972e-02,-7.750940000000000434e-03
4.998399999999999848e-04,-5.146819999999999867e-03,-1.033459999999999934e-02
4.999040000000000167e-04,-7.720219999999999860e-03,-1.550189999999999901e-02
4.999680000000000487e-04,-5.146819999999999867e-03,-1.550189999999999901e-02
5.000320000000000806e-04,-5.146819999999999867e-03,-1.291824000000000097e-02
5.000960000000000041e-04,-1.029361999999999985e-02,-1.291824000000000097e-02
5.001600000000000360e-04,-1.029361999999999985e-02,-1.291824000000000097e-02
5.002240000000000679e-04,-5.146819999999999867e-03,-1.550189999999999901e-02
5.002879999999999914e-04,-7.720219999999999860e-03,-7.750940000000000434e-03
5.003520000000000233e-04,-5.146819999999999867e-03,-1.291824000000000097e-02
5.004160000000000552e-04,-2.573399999999999993e-03,-7.750940000000000434e-03
5.004799999999999787e-04,-7.720219999999999860e-03,-1.808554000000000064e-02
5.005440000000000106e-04,-2.573399999999999993e-03,-1.808554000000000064e-02
5.006080000000000425e-04,-7.720219999999999860e-03,-1.808554000000000064e-02
5.006720000000000744e-04,-7.720219999999999860e-03,-1.033459999999999934e-02
5.007359999999999979e-04,-7.720219999999999860e-03,-1.291824000000000097e-02
5.008000000000000299e-04,-2.573399999999999993e-03,-1.808554000000000064e-02
5.008640000000000618e-04,-7.720219999999999860e-03,-7.750940000000000434e-03
5.009279999999999853e-04,-1.029361999999999985e-02,-1.033459999999999934e-02
5.009920000000000172e-04,-5.146819999999999867e-03,-1.291824000000000097e-02
5.010560000000000491e-04,-7.720219999999999860e-03,-1.291824000000000097e-02
5.011200000000000810e-04,-5.146819999999999867e-03,-7.750940000000000434e-03
5.011840000000000045e-04,-7.720219999999999860e-03,-1.550189999999999901e-02
5.012480000000000364e-04,-7.720219999999999860e-03,-1.291824000000000097e-02
5.013120000000000683e-04,-2.573399999999999993e-03,-1.291824000000000097e-02
5.013759999999999918e-04,-1.029361999999999985e-02,-5.167299999999999671e-03
5.014400000000000237e-04,-5.146819999999999867e-03,-1.033459999999999934e-02
5.015040000000000556e-04,-1.286701999999999985e-02,-1.808554000000000064e-02
5.015679999999999791e-04,-7.720219999999999860e-03,-1.291824000000000097e-02
5.016320000000000110e-04,-7.720219999999999860e-03,-5.167299999999999671e-03
5.016960000000000430e-04,-5.146819999999999867e-03,-1.291824000000000097e-02
5.017600000000000749e-04,-1.544043999999999972e-02,-1.291824000000000097e-02
5.018239999999999984e-04,0.000000000000000000e+00,-1.291824000000000097e-02
5.018880000000000303e-04,-7.720219999999999860e-03,-1.808554000000000064e-02
5.019520000000000622e-04,-7.720219999999999860e-03,-1.808554000000000064e-02
5.020159999999999857e-04,0.000000000000000000e+00,-2.583640000000000329e-03
5.020800000000000176e-04,0.000000000000000000e+00,-7.750940000000000434e-03
5.021440000000000495e-04,-5.146819999999999867e-03,-1.033459999999999934e-02
5.022080000000000814e-04,-2.573399999999999993e-03,-1.291824000000000097e-02
5.022720000000000049e-04,-2.573399999999999993e-03,-1.033459999999999934e-02
5.023360000000000368e-04,-1.029361999999999985e-02,-1.033459999999999934e-02
5.024000000000000687e-04,-1.029361999999999985e-02,-1.808554000000000064e-02
5.024639999999999922e-04,-1.029361999999999985e-02,-1.808554000000000064e-02
5.025280000000000242e-04,-2.573399999999999993e-03,-1.033459999999999934e-02
5.025920000000000561e-04,-1.029361999999999985e-02,-1.033459999999999934e-02
5.026559999999999796e-04,-7.720219999999999860e-03,-1.550189999999999901e-02
5.027200000000000115e-04,-2.573399999999999993e-03,-1.291824000000000097e-02
5.027840000000000434e-04,-5.146819999999999867e-03,-1.033459999999999934e-02
5.028480000000000753e-04,-2.573399999999999993e-03,-1.033459999999999934e-02
5.029119999999999988e-04,5.146819999999999867e-03,-1.550189999999999901e-02
5.029760000000000307e-04,-7.720219999999999860e-03,-1.808554000000000064e-02
5.030400000000000626e-04,-1.029361999999999985e-02,-1.033459999999999934e-02
5.031039999999999861e-04,-7.720219999999999860e-03,-1.033459999999999934e-02
5.031680000000000180e-04,-7.720219999999999860e-03,-5.167299999999999671e-03
5.032320000000000499e-04,-7.720219999999999860e-03,-1.033459999999999934e-02
5.032960000000000819e-04,-5.146819999999999867e-03,-1.033459999999999934e-02
5.033600000000000053e-04,-1.286701999999999985e-02,-7.750940000000000434e-03
5.034240000000000373e-04,-1.286701999999999985e-02,-1.033459999999999934e-02
5.034880000000000692e-04,-1.286701999999999985e-02,-1.291824000000000097e-02
5.035519999999999927e-04,-1.286701999999999985e-02,-7.750940000000000434e-03
5.036160000000000246e-04,-1.029361999999999985e-02,-1.033459999999999934e-02
5.036800000000000565e-04,-1.029361999999999985e-02,-1.550189999999999901e-02
5.037439999999999800e-04,-1.029361999999999985e-02,-1.033459999999999934e-02
5.038080000000000119e-04,-1.286701999999999985e-02,-1.033459999999999934e-02
5.038720000000000438e-04,-1.029361999999999985e-02,-1.033459999999999934e-02
5.039360000000000757e-04,-1.286701999999999985e-02,-1.033459999999999934e-02
5.039999999999999992e-04,-5.146819999999999867e-03,-7.750940000000000434e-03
5.040640000000000311e-04,-1.544043999999999972e-02,-2.583640000000000329e-03
5.041280000000000630e-04,-1.544043999999999972e-02,-1.550189999999999901e-02
5.041919999999999865e-04,-1.286701999999999985e-02,-1.033459999999999934e-02
5.042560000000000184e-04,-1.544043999999999972e-02,-1.291824000000000097e-02
5.043200000000000504e-04,-1.286701999999999985e-02,-1.291824000000000097e-02
5.043840000000000823e-04,-1.286701999999999985e-02,-1.550189999999999901e-02
5.044480000000000058e-04,-1.544043999999999972e-02,-1.808554000000000064e-02
5.045120000000000377e-04,-1.286701999999999985e-02,-2.066919999999999868e-02
5.045760000000000696e-04,-1.286701999999999985e-02,-1.033459999999999934e-02
5.046399999999999931e-04,-1.544043999999999972e-02,-1.808554000000000064e-02
5.047040000000000250e-04,-1.029361999999999985e-02,-7.750940000000000434e-03
5.047680000000000569e-04,-1.286701999999999985e-02,-1.291824000000000097e-02
5.048319999999999804e-04,-2.058719999999999994e-02,-1.291824000000000097e-02
5.048960000000000123e-04,-1.544043999999999972e-02,-7.750940000000000434e-03
5.049600000000000442e-04,-1.029361999999999985e-02,-1.291824000000000097e-02
5.050240000000000761e-04,-1.286701999999999985e-02,-1.550189999999999901e-02
5.050879999999999996e-04,-2.573399999999999993e-03,-1.550189999999999901e-02
5.051520000000000316e-04,-1.029361999999999985e-02,-7.750940000000000434e-03
5.052160000000000635e-04,-1.544043999999999972e-02,-7.750940000000000434e-03
5.052799999999999870e-04,-1.029361999999999985e-02,-1.291824000000000097e-02
5.053440000000000189e-04,-1.029361999999999985e-02,-1.033459999999999934e-02
5.054080000000000508e-04,-1.544043999999999972e-02,-1.291824000000000097e-02
5.054720000000000827e-04,-1.286701999999999985e-02,-1.550189999999999901e-02
5.055360000000000062e-04,-1.801383999999999971e-02,-1.550189999999999901e-02
5.056000000000000381e-04,-1.286701999999999985e-02,-1.033459999999999934e-02
5.056640000000000700e-04,-2.316059999999999994e-02,-2.325279999999999708e-02
5.057279999999999935e-04,-1.286701999999999985e-02,-7.750940000000000434e-03
5.057920000000000254e-04,-7.720219999999999860e-03,-5.167299999999999671e-03
5.058560000000000573e-04,-1.544043999999999972e-02,-1.808554000000000064e-02
5.059199999999999808e-04,-1.801383999999999971e-02,-2.066919999999999868e-02
5.059840000000000127e-04,-1.029361999999999985e-02,-1.033459999999999934e-02
5.060480000000000447e-04,-1.286701999999999985e-02,-1.550189999999999901e-02
5.061120000000000766e-04,-2.058719999999999994e-02,-1.033459999999999934e-02
5.061760000000000001e-04,-1.544043999999999972e-02,-2.325279999999999708e-02
5.062400000000000320e-04,-1.544043999999999972e-02,-1.033459999999999934e-02
5.063040000000000639e-04,-1.544043999999999972e-02,-2.066919999999999868e-02
5.063679999999999874e-04,-1.544043999999999972e-02,-1.033459999999999934e-02
5.064320000000000193e-04,-2.058719999999999994e-02,-1.550189999999999901e-02
5.064960000000000512e-04,-7.720219999999999860e-03,-1.808554000000000064e-02
5.065600000000000831e-04,-1.544043999999999972e-02,-2.066919999999999868e-02
5.066240000000000066e-04,-1.544043999999999972e-02,-1.550189999999999901e-02
5.066880000000000385e-04,-7.720219999999999860e-03,-1.291824000000000097e-02
5.067520000000000704e-04,-1.544043999999999972e-02,-1.550189999999999901e-02
5.068159999999999939e-04,-1.286701999999999985e-02,-2.066919999999999868e-02
5.068800000000000259e-04,-1.286701999999999985e-02,-1.033459999999999934e-02
5.069440000000000578e-04,-1.801383999999999971e-02,-1.550189999999999901e-02
5.070079999999999813e-04,-2.058719999999999994e-02,-1.550189999999999901e-02
5.070720000000000132e-04,-2.058719999999999994e-02,-1.033459999999999934e-02
5.071360000000000451e-04,-1.544043999999999972e-02,-1.291824000000000097e-02
5.072000000000000770e-04,-5.146819999999999867e-03,-1.291824000000000097e-02
5.072640000000000005e-04,-1.544043999999999972e-02,-1.550189999999999901e-02
5.073280000000000324e-04,-1.544043999999999972e-02,-1.550189999999999901e-02
5.073920000000000643e-04,-1.286701999999999985e-02,-1.550189999999999901e-02
5.074559999999999878e-04,-7.720219999999999860e-03,-1.808554000000000064e-02
5.075200000000000197e-04,-1.286701999999999985e-02,-1.033459999999999934e-02
5.075840000000000516e-04,-1.029361999999999985e-02,-2.066919999999999868e-02
5.076480000000000836e-04,-2.058719999999999994e-02,-1.291824000000000097e-02
5.077120000000000070e-04,-1.544043999999999972e-02,-1.550189999999999901e-02
5.077760000000000390e-04,-1.544043999999999972e-02,-1.550189999999999901e-02
5.078400000000000709e-04,-1.801383999999999971e-02,-1.808554000000000064e-02
5.079039999999999944e-04,-1.286701999999999985e-02,-5.167299999999999671e-03
5.079680000000000263e-04,-7.720219999999999860e-03,-1.291824000000000097e-02
5.080320000000000582e-04,-7.720219999999999860e-03,-1.291824000000000097e-02
5.080959999999999817e-04,-2.058719999999999994e-02,-1.550189999999999901e-02
5.081600000000000136e-04,-2.058719999999999994e-02,-1.033459999999999934e-02
5.082240000000000455e-04,-1.286701999999999985e-02,-1.291824000000000097e-02
5.082880000000000774e-04,-1.544043999999999972e-02,-1.550189999999999901e-02
5.083520000000000009e-04,-1.801383999999999971e-02,-1.291824000000000097e-02
5.084160000000000328e-04,-1.029361999999999985e-02,-1.550189999999999901e-02
5.084800000000000647e-04,-2.830739999999999992e-02,-1.550189999999999901e-02
5.085439999999999882e-04,-2.058719999999999994e-02,-1.033459999999999934e-02
5.086080000000000201e-04,-1.029361999999999985e-02,-1.033459999999999934e-02
5.086720000000000521e-04,-1.801383999999999971e-02,-1.291824000000000097e-02
5.087360000000000840e-04,-2.058719999999999994e-02,-1.550189999999999901e-02
5.088000000000000075e-04,-1.801383999999999971e-02,-1.291824000000000097e-02
5.088640000000000394e-04,-1.544043999999999972e-02,-2.066919999999999868e-02
5.089280000000000713e-04,-1.544043999999999972e-02,-1.550189999999999901e-02
5.089919999999999948e-04,-1.801383999999999971e-02,-1.550189999999999901e-02
5.090560000000000267e-04,-1.801383999999999971e-02,-7.750940000000000434e-03
5.091200000000000586e-04,-1.286701999999999985e-02,-1.033459999999999934e-02
5.091839999999999821e-04,-2.058719999999999994e-02,-1.033459999999999934e-02
5.092480000000000140e-04,-1.544043999999999972e-02,-1.550189999999999901e-02
5.093120000000000459e-04,-2.058719999999999994e-02,-1.550189999999999901e-02
5.093760000000000778e-04,-2.058719999999999994e-02,-1.291824000000000097e-02
5.094400000000000013e-04,-2.316059999999999994e-02,-1.550189999999999901e-02
5.095040000000000333e-04,-1.801383999999999971e-02,-1.291824000000000097e-02
5.095680000000000652e-04,-1.544043999999999972e-02,-7.750940000000000434e-03
5.096319999999999887e-04,-1.544043999999999972e-02,-1.550189999999999901e-02
5.096960000000000206e-04,-1.801383999999999971e-02,-7.750940000000000434e-03
5.097600000000000525e-04,-1.544043999999999972e-02,-1.033459999999999934e-02
5.098240000000000844e-04,-1.286701999999999985e-02,-1.291824000000000097e-02
5.098880000000000079e-04,-2.058719999999999994e-02,-7.750940000000000434e-03
5.099520000000000398e-04,-1.544043999999999972e-02,-1.291824000000000097e-02
5.100160000000000717e-04,-2.058719999999999994e-02,-1.550189999999999901e-02
5.100799999999999952e-04,-1.544043999999999972e-02,-7.750940000000000434e-03
5.101440000000000271e-04,-1.801383999999999971e-02,-5.167299999999999671e-03
5.102080000000000590e-04,-1.801383999999999971e-02,-1.550189999999999901e-02
5.102719999999999825e-04,-2.058719999999999994e-02,-1.033459999999999934e-02
5.103360000000000144e-04,-2.316059999999999994e-02,-5.167299999999999671e-03
5.104000000000000464e-04,-2.058719999999999994e-02,-2.325279999999999708e-02
5.104640000000000783e-04,-2.058719999999999994e-02,-1.291824000000000097e-02
5.105280000000000018e-04,-5.146819999999999867e-03,-7.750940000000000434e-03
5.105920000000000337e-04,-1.801383999999999971e-02,-1.550189999999999901e-02
5.106560000000000656e-04,-2.316059999999999994e-02,-1.033459999999999934e-02
5.107199999999999891e-04,-2.058719999999999994e-02,-1.291824000000000097e-02
5.107840000000000210e-04,-1.544043999999999972e-02,-7.750940000000000434e-03
5.108480000000000529e-04,-1.544043999999999972e-02,-1.550189999999999901e-02
5.109120000000000848e-04,-1.029361999999999985e-02,-5.167299999999999671e-03
5.109760000000000083e-04,-1.801383999999999971e-02,-7.750940000000000434e-03
5.110400000000000402e-04,-1.544043999999999972e-02,-1.808554000000000064e-02
5.111040000000000721e-04,-1.029361999999999985e-02,-1.291824000000000097e-02
5.111679999999999956e-04,-1.544043999999999972e-02,-7.750940000000000434e-03
5.112320000000000276e-04,-2.316059999999999994e-02,-1.808554000000000064e-02
5.112960000000000595e-04,-2.316059999999999994e-02,-1.291824000000000097e-02
5.113599999999999830e-04,-1.801383999999999971e-02,-2.583640000000000329e-03
5.114240000000000149e-04,-2.058719999999999994e-02,-1.291824000000000097e-02
5.114880000000000468e-04,-1.801383999999999971e-02,-7.750940000000000434e-03
5.115520000000000787e-04,-1.029361999999999985e-02,-1.291824000000000097e-02
5.116160000000000022e-04,-1.286701999999999985e-02,-1.291824000000000097e-02
5.116800000000000341e-04,-1.801383999999999971e-02,-5.167299999999999671e-03
5.117440000000000660e-04,-1.544043999999999972e-02,-1.033459999999999934e-02
5.118079999999999895e-04,-1.544043999999999972e-02,-1.291824000000000097e-02
5.118720000000000214e-04,-1.801383999999999971e-02,-1.033459999999999934e-02
5.119360000000000533e-04,-1.286701999999999985e-02,-1.291824000000000097e-02
5.120000000000000853e-04,-7.720219999999999860e-03,-7.750940000000000434e-03
5.120640000000000087e-04,-1.029361999999999985e-02,-5.167299999999999671e-03
5.121280000000000407e-04,-1.544043999999999972e-02,-1.033459999999999934e-02
5.121920000000000726e-04,-1.544043999999999972e-02,-1.291824000000000097e-02
5.122559999999999961e-04,-1.801383999999999971e-02,-1.033459999999999934e-02
5.123200000000000280e-04,-2.058719999999999994e-02,-1.291824000000000097e-02
5.123840000000000599e-04,-2.058719999999999994e-02,-1.033459999999999934e-02
5.124479999999999834e-04,-1.029361999999999985e-02,-5.167299999999999671e-03
5.125120000000000153e-04,-1.029361999999999985e-02,-1.291824000000000097e-02
5.125760000000000472e-04,-1.801383999999999971e-02,2.583640000000000329e-03
5.126400000000000791e-04,-1.544043999999999972e-02,-7.750940000000000434e-03
5.127040000000000026e-04,-1.801383999999999971e-02,-7.750940000000000434e-03
5.127680000000000345e-04,-1.286701999999999985e-02,-1.291824000000000097e-02
5.128320000000000664e-04,-1.544043999999999972e-02,-5.167299999999999671e-03
5.128959999999999899e-04,-1.029361999999999985e-02,-7.750940000000000434e-03
5.129600000000000218e-04,-1.544043999999999972e-02,-1.550189999999999901e-02
5.130240000000000538e-04,-1.029361999999999985e-02,-5.167299999999999671e-03
5.130880000000000857e-04,-1.286701999999999985e-02,-7.750940000000000434e-03
5.131520000000000092e-04,-1.029361999999999985e-02,-1.033459999999999934e-02
5.132160000000000411e-04,-1.544043999999999972e-02,-1.033459999999999934e-02
5.132800000000000730e-04,-1.544043999999999972e-02,-7.750940000000000434e-03
5.133439999999999965e-04,-2.058719999999999994e-02,-1.033459999999999934e-02
5.134080000000000284e-04,-1.029361999999999985e-02,-1.033459999999999934e-02
5.134720000000000603e-04,-1.801383999999999971e-02,-1.291824000000000097e-02
5.135359999999999838e-04,-1.286701999999999985e-02,-1.291824000000000097e-02
5.136000000000000157e-04,-1.801383999999999971e-02,-7.750940000000000434e-03
5.136640000000000476e-04,-1.029361999999999985e-02,-5.167299999999999671e-03
5.137280000000000795e-04,-1.029361999999999985e-02,-1.033459999999999934e-02
5.137920000000000030e-04,-1.801383999999999971e-02,-1.033459999999999934e-02
5.138560000000000350e-04,-1.029361999999999985e-02,-7.750940000000000434e-03
5.139200000000000669e-04,-1.286701999999999985e-02,-1.808554000000000064e-02
5.139839999999999904e-04,-1.029361999999999985e-02,-1.033459999999999934e-02
5.140480000000000223e-04,-7.720219999999999860e-03,-1.291824000000000097e-02
5.141120000000000542e-04,-5.146819999999999867e-03,-1.033459999999999934e-02
5.141760000000000861e-04,-1.286701999999999985e-02,-1.550189999999999901e-02
5.142400000000000096e-04,-1.029361999999999985e-02,-1.291824000000000097e-02
5.143040000000000415e-04,-1.029361999999999985e-02,-7.750940000000000434e-03
5.143680000000000734e-04,-1.029361999999999985e-02,-7.750940000000000434e-03
5.144319999999999969e-04,-7.720219999999999860e-03,-1.033459999999999934e-02
5.144960000000000288e-04,-7.720219999999999860e-03,-7.750940000000000434e-03
5.145600000000000607e-04,-1.029361999999999985e-02,-7.750940000000000434e-03
5.146239999999999842e-04,-5.146819999999999867e-03,-1.291824000000000097e-02
5.146880000000000161e-04,-5.146819999999999867e-03,-1.550189999999999901e-02
5.147520000000000481e-04,-1.286701999999999985e-02,-7.750940000000000434e-03
5.148160000000000800e-04,-1.286701999999999985e-02,-1.033459999999999934e-02
5.148800000000000035e-04,-7.720219999999999860e-03,-1.291824000000000097e-02
5.149440000000000354e-04,-2.573399999999999993e-03,-5.167299999999999671e-03
5.150080000000000673e-04,-1.286701999999999985e-02,-1.291824000000000097e-02
5.150719999999999908e-04,0.000000000000000000e+00,-1.291824000000000097e-02
5.151360000000000227e-04,-1.286701999999999985e-02,-1.808554000000000064e-02
5.152000000000000546e-04,-5.146819999999999867e-03,-1.291824000000000097e-02
5.152639999999999781e-04,-7.720219999999999860e-03,-2.583640000000000329e-03
5.153280000000000100e-04,-1.029361999999999985e-02,-2.066919999999999868e-02
5.153920000000000419e-04,-1.544043999999999972e-02,-1.033459999999999934e-02
5.154560000000000738e-04,-1.286701999999999985e-02,-1.033459999999999934e-02
5.155199999999999973e-04,-1.544043999999999972e-02,-1.808554000000000064e-02
5.155840000000000293e-04,-1.286701999999999985e-02,-1.808554000000000064e-02
5.156480000000000612e-04,-5.146819999999999867e-03,-1.033459999999999934e-02
5.157119999999999847e-04,-7.720219999999999860e-03,-1.808554000000000064e-02
5.157760000000000166e-04,-1.286701999999999985e-02,-1.291824000000000097e-02
5.158400000000000485e-04,-1.029361999999999985e-02,-1.291824000000000097e-02
5.159040000000000804e-04,-5.146819999999999867e-03,-1.291824000000000097e-02
5.159680000000000039e-04,-1.286701999999999985e-02,-1.291824000000000097e-02
5.160320000000000358e-04,-7.720219999999999860e-03,-1.033459999999999934e-02
5.160960000000000677e-04,-1.029361999999999985e-02,-1.550189999999999901e-02
5.161599999999999912e-04,-5.146819999999999867e-03,-1.033459999999999934e-02
5.162240000000000231e-04,-1.544043999999999972e-02,-1.033459999999999934e-02
5.162880000000000550e-04,-7.720219999999999860e-03,-1.550189999999999901e-02
5.163519999999999785e-04,-1.029361999999999985e-02,-1.550189999999999901e-02
5.164160000000000104e-04,-7.720219999999999860e-03,-1.291824000000000097e-02
5.164800000000000424e-04,-7.720219999999999860e-03,-1.033459999999999934e-02
5.165440000000000743e-04,-2.573399999999999993e-03,-1.550189999999999901e-02
5.166079999999999978e-04,-7.720219999999999860e-03,-1.550189999999999901e-02
5.166720000000000297e-04,0.000000000000000000e+00,-1.291824000000000097e-02
5.167360000000000616e-04,-2.573399999999999993e-03,-1.033459999999999934e-02
5.167999999999999851e-04,-1.029361999999999985e-02,-1.808554000000000064e-02
5.168640000000000170e-04,-7.720219999999999860e-03,-1.033459999999999934e-02
5.169280000000000489e-04,-7.720219999999999860e-03,-1.291824000000000097e-02
5.169920000000000808e-04,-1.029361999999999985e-02,-7.750940000000000434e-03
5.170560000000000043e-04,-1.286701999999999985e-02,-1.550189999999999901e-02
5.171200000000000362e-04,-5.146819999999999867e-03,-1.291824000000000097e-02
5.171840000000000681e-04,0.000000000000000000e+00,-1.550189999999999901e-02
5.172479999999999916e-04,-5.146819999999999867e-03,-1.033459999999999934e-02
5.173120000000000236e-04,-5.146819999999999867e-03,-1.550189999999999901e-02
5.173760000000000555e-04,-1.029361999999999985e-02,-1.291824000000000097e-02
5.174399999999999790e-04,-1.029361999999999985e-02,-1.033459999999999934e-02
5.175040000000000109e-04,-7.720219999999999860e-03,-7.750940000000000434e-03
5.175680000000000428e-04,-1.029361999999999985e-02,-1.033459999999999934e-02
5.176320000000000747e-04,-7.720219999999999860e-03,-1.550189999999999901e-02
5.176959999999999982e-04,0.000000000000000000e+00,-1.550189999999999901e-02
5.177600000000000301e-04,-7.720219999999999860e-03,-7.750940000000000434e-03
5.178240000000000620e-04,-1.286701999999999985e-02,-7.750940000000000434e-03
5.178879999999999855e-04,-1.286701999999999985e-02,-1.291824000000000097e-02
5.179520000000000174e-04,-1.029361999999999985e-02,-1.291824000000000097e-02
5.180160000000000493e-04,-1.029361999999999985e-02,-1.291824000000000097e-02
5.180800000000000812e-04,-1.286701999999999985e-02,-1.291824000000000097e-02
5.181440000000000047e-04,0.000000000000000000e+00,-1.291824000000000097e-02
5.182080000000000367e-04,-1.286701999999999985e-02,-1.291824000000000097e-02
5.182720000000000686e-04,-5.146819999999999867e-03,-1.808554000000000064e-02
5.183359999999999921e-04,-5.146819999999999867e-03,-7.750940000000000434e-03
5.184000000000000240e-04,-7.720219999999999860e-03,-1.550189999999999901e-02
5.184640000000000559e-04,-5.146819999999999867e-03,-2.066919999999999868e-02
5.185279999999999794e-04,-5.146819999999999867e-03,-1.550189999999999901e-02
5.185920000000000113e-04,-1.286701999999999985e-02,-1.291824000000000097e-02
5.186560000000000432e-04,-1.544043999999999972e-02,-1.808554000000000064e-02
5.187200000000000751e-04,-1.286701999999999985e-02,-1.808554000000000064e-02
5.187839999999999986e-04,-1.286701999999999985e-02,-1.033459999999999934e-02
5.188480000000000305e-04,-2.573399999999999993e-03,-1.550189999999999901e-02
5.189120000000000624e-04,-2.573399999999999993e-03,-1.033459999999999934e-02
5.189759999999999859e-04,-1.029361999999999985e-02,-1.550189999999999901e-02
5.190400000000000178e-04,-7.720219999999999860e-03,-7.750940000000000434e-03
5.191040000000000498e-04,-2.573399999999999993e-03,-1.808554000000000064e-02
5.191680000000000817e-04,-7.720219999999999860e-03,-1.033459999999999934e-02
5.192320000000000052e-04,-1.544043999999999972e-02,-2.066919999999999868e-02
5.192960000000000371e-04,-1.286701999999999985e-02,-1.291824000000000097e-02
5.193600000000000690e-04,-5.146819999999999867e-03,-7.750940000000000434e-03
5.194239999999999925e-04,-2.573399999999999993e-03,-1.550189999999999901e-02
5.194880000000000244e-04,-5.146819999999999867e-03,-1.033459999999999934e-02
5.195520000000000563e-04,-1.029361999999999985e-02,-1.550189999999999901e-02
5.196159999999999798e-04,-2.573399999999999993e-03,-1.291824000000000097e-02
5.196800000000000117e-04,-7.720219999999999860e-03,-2.325279999999999708e-02
5.197440000000000436e-04,-7.720219999999999860e-03,-1.550189999999999901e-02
5.198080000000000755e-04,-1.286701999999999985e-02,-1.291824000000000097e-02
5.198719999999999990e-04,-5.146819999999999867e-03,-5.167299999999999671e-03
5.199360000000000310e-04,-1.029361999999999985e-02,-1.808554000000000064e-02
5.200000000000000629e-04,-5.146819999999999867e-03,-1.808554000000000064e-02
5.200639999999999864e-04,-5.146819999999999867e-03,-1.808554000000000064e-02
5.201280000000000183e-04,-5.146819999999999867e-03,-1.808554000000000064e-02
5.201920000000000502e-04,-5.146819999999999867e-03,-1.550189999999999901e-02
5.202560000000000821e-04,-7.720219999999999860e-03,-1.291824000000000097e-02
5.203200000000000056e-04,-7.720219999999999860e-03,-1.033459999999999934e-02
5.203840000000000375e-04,-5.146819999999999867e-03,-2.066919999999999868e-02
5.204480000000000694e-04,-7.720219999999999860e-03,-1.550189999999999901e-02
5.205119999999999929e-04,-2.573399999999999993e-03,-1.550189999999999901e-02
5.205760000000000248e-04,-7.720219999999999860e-03,-1.808554000000000064e-02
5.206400000000000567e-04,-1.029361999999999985e-02,-1.550189999999999901e-02
5.207039999999999802e-04,-1.029361999999999985e-02,-1.291824000000000097e-02
5.207680000000000121e-04,-7.720219999999999860e-03,-1.808554000000000064e-02
5.208320000000000441e-04,-5.146819999999999867e-03,-1.033459999999999934e-02
5.208960000000000760e-04,-7.720219999999999860e-03,-1.550189999999999901e-02
5.209599999999999995e-04,-7.720219999999999860e-03,-1.550189999999999901e-02
5.210240000000000314e-04,-5.146819999999999867e-03,-1.808554000000000064e-02
5.210880000000000633e-04,-1.286701999999999985e-02,-1.291824000000000097e-02
5.211519999999999868e-04,-1.286701999999999985e-02,-1.033459999999999934e-02
5.212160000000000187e-04,-1.029361999999999985e-02,-1.291824000000000097e-02
5.212800000000000506e-04,-1.544043999999999972e-02,-2.066919999999999868e-02
5.213440000000000825e-04,0.000000000000000000e+00,-1.291824000000000097e-02
5.214080000000000060e-04,-5.146819999999999867e-03,-1.808554000000000064e-02
5.214720000000000379e-04,-2.573399999999999993e-03,-1.550189999999999901e-02
5.215360000000000698e-04,-7.720219999999999860e-03,-1.291824000000000097e-02
5.215999999999999933e-04,-1.029361999999999985e-02,-1.808554000000000064e-02
5.216640000000000253e-04,-7.720219999999999860e-03,-1.808554000000000064e-02
5.217280000000000572e-04,-1.801383999999999971e-02,-2.066919999999999868e-02
5.217919999999999807e-04,-1.801383999999999971e-02,-1.550189999999999901e-02
5.218560000000000126e-04,-1.286701999999999985e-02,-2.325279999999999708e-02
5.219200000000000445e-04,-7.720219999999999860e-03,-1.291824000000000097e-02
5.219840000000000764e-04,-1.029361999999999985e-02,-7.750940000000000434e-03
5.220479999999999999e-04,-7.720219999999999860e-03,-1.550189999999999901e-02
5.221120000000000318e-04,-1.286701999999999985e-02,-1.808554000000000064e-02
5.221760000000000637e-04,-5.146819999999999867e-03,-1.550189999999999901e-02
5.222399999999999872e-04,-7.720219999999999860e-03,-1.550189999999999901e-02
5.223040000000000191e-04,-1.801383999999999971e-02,-1.033459999999999934e-02
5.223680000000000510e-04,-1.544043999999999972e-02,-1.808554000000000064e-02
5.224320000000000829e-04,-1.029361999999999985e-02,-1.033459999999999934e-02
5.224960000000000064e-04,-7.720219999999999860e-03,-2.066919999999999868e-02
5.225600000000000384e-04,-1.544043999999999972e-02,-1.291824000000000097e-02
5.226240000000000703e-04,-1.029361999999999985e-02,-1.808554000000000064e-02
5.226879999999999938e-04,-1.029361999999999985e-02,-2.325279999999999708e-02
5.227520000000000257e-04,-1.286701999999999985e-02,-2.066919999999999868e-02
5.228160000000000576e-04,-1.029361999999999985e-02,-1.808554000000000064e-02
5.228799999999999811e-04,-7.720219999999999860e-03,-2.066919999999999868e-02
5.229440000000000130e-04,-1.286701999999999985e-02,-1.291824000000000097e-02
5.230080000000000449e-04,-1.029361999999999985e-02,-1.550189999999999901e-02
5.230720000000000768e-04,-1.029361999999999985e-02,-1.550189999999999901e-02
5.231360000000000003e-04,-2.058719999999999994e-02,-1.033459999999999934e-02
5.232000000000000322e-04,-1.029361999999999985e-02,-2.066919999999999868e-02
5.232640000000000641e-04,-7.720219999999999860e-03,-1.550189999999999901e-02
5.233279999999999876e-04,-1.286701999999999985e-02,-2.066919999999999868e-02
5.233920000000000195e-04,-1.801383999999999971e-02,-1.291824000000000097e-02
5.234560000000000515e-04,-1.286701999999999985e-02,-1.033459999999999934e-02
5.235200000000000834e-04,-1.544043999999999972e-02,-1.550189999999999901e-02
5.235840000000000069e-04,-1.801383999999999971e-02,-2.066919999999999868e-02
5.236480000000000388e-04,-1.286701999999999985e-02,-1.291824000000000097e-02
5.237120000000000707e-04,-7.720219999999999860e-03,-1.291824000000000097e-02
5.237759999999999942e-04,-1.544043999999999972e-02,-1.808554000000000064e-02
5.238400000000000261e-04,-2.058719999999999994e-02,-7.750940000000000434e-03
5.239040000000000580e-04,-7.720219999999999860e-03,-2.066919999999999868e-02
5.239679999999999815e-04,-1.286701999999999985e-02,-1.291824000000000097e-02
5.240320000000000134e-04,-1.029361999999999985e-02,-1.033459999999999934e-02
5.240960000000000453e-04,-1.029361999999999985e-02,-1.550189999999999901e-02
5.241600000000000772e-04,-7.720219999999999860e-03,-2.325279999999999708e-02
5.242240000000000007e-04,-2.316059999999999994e-02,-1.550189999999999901e-02
5.242880000000000327e-04,-7.720219999999999860e-03,-1.808554000000000064e-02
5.243520000000000646e-04,-1.544043999999999972e-02,-1.808554000000000064e-02
5.244159999999999881e-04,-1.544043999999999972e-02,-1.808554000000000064e-02
5.244800000000000200e-04,-1.801383999999999971e-02,-1.033459999999999934e-02
5.245440000000000519e-04,-1.029361999999999985e-02,-2.325279999999999708e-02
5.246080000000000838e-04,-1.801383999999999971e-02,-2.066919999999999868e-02
5.246720000000000073e-04,-1.029361999999999985e-02,-1.550189999999999901e-02
5.247360000000000392e-04,-1.286701999999999985e-02,-1.550189999999999901e-02
5.248000000000000711e-04,-1.286701999999999985e-02,-1.808554000000000064e-02
5.248639999999999946e-04,-1.286701999999999985e-02,-1.291824000000000097e-02
5.249280000000000265e-04,-1.801383999999999971e-02,-1.550189999999999901e-02
5.249920000000000584e-04,-1.286701999999999985e-02,-1.033459999999999934e-02
5.250559999999999819e-04,-1.544043999999999972e-02,-1.033459999999999934e-02
5.251200000000000138e-04,-1.544043999999999972e-02,-1.291824000000000097e-02
5.251840000000000458e-04,-1.544043999999999972e-02,-1.550189999999999901e-02
5.252480000000000777e-04,-1.029361999999999985e-02,-1.291824000000000097e-02
5.253120000000000012e-04,-2.058719999999999994e-02,-1.808554000000000064e-02
5.253760000000000331e-04,-1.286701999999999985e-02,-1.550189999999999901e-02
5.254400000000000650e-04,-1.286701999999999985e-02,-2.325279999999999708e-02
5.255039999999999885e-04,-7.720219999999999860e-03,-1.550189999999999901e-02
5.255680000000000204e-04,-1.544043999999999972e-02,-1.808554000000000064e-02
5.256320000000000523e-04,-1.286701999999999985e-02,-1.033459999999999934e-02
5.256960000000000842e-04,-1.286701999999999985e-02,-1.550189999999999901e-02
5.257600000000000077e-04,-1.801383999999999971e-02,-1.291824000000000097e-02
5.258240000000000396e-04,-2.058719999999999994e-02,-1.291824000000000097e-02
5.258880000000000715e-04,-1.544043999999999972e-02,-1.550189999999999901e-02
5.259519999999999950e-04,-2.316059999999999994e-02,-1.291824000000000097e-02
5.260160000000000270e-04,-1.286701999999999985e-02,-1.033459999999999934e-02
5.260800000000000589e-04,-1.544043999999999972e-02,-1.033459999999999934e-02
5.261439999999999824e-04,-1.801383999999999971e-02,-2.066919999999999868e-02
5.262080000000000143e-04,-2.058719999999999994e-02,-1.550189999999999901e-02
5.262720000000000462e-04,-1.801383999999999971e-02,-1.550189999999999901e-02
5.263360000000000781e-04,-1.286701999999999985e-02,-1.033459999999999934e-02
5.264000000000000016e-04,-1.801383999999999971e-02,-1.550189999999999901e-02
5.264640000000000335e-04,-1.544043999999999972e-02,-1.291824000000000097e-02
5.265280000000000654e-04,-1.286701999999999985e-02,-1.033459999999999934e-02
5.265919999999999889e-04,-2.058719999999999994e-02,-1.033459999999999934e-02
5.266560000000000208e-04,-1.544043999999999972e-02,-1.033459999999999934e-02
5.267200000000000527e-04,-1.544043999999999972e-02,-1.291824000000000097e-02
5.267840000000000847e-04,-1.544043999999999972e-02,-1.033459999999999934e-02
5.268480000000000081e-04,-7.720219999999999860e-03,-1.808554000000000064e-02
5.269120000000000401e-04,-1.544043999999999972e-02,-1.550189999999999901e-02
5.269760000000000720e-04,-1.544043999999999972e-02,-2.066919999999999868e-02
5.270399999999999955e-04,-1.544043999999999972e-02,-1.808554000000000064e-02
5.271040000000000274e-04,-2.058719999999999994e-02,-1.808554000000000064e-02
5.271680000000000593e-04,-2.316059999999999994e-02,-1.291824000000000097e-02
5.272319999999999828e-04,-2.316059999999999994e-02,-1.808554000000000064e-02
5.272960000000000147e-04,-1.029361999999999985e-02,-1.808554000000000064e-02
5.273600000000000466e-04,-1.801383999999999971e-02,-1.550189999999999901e-02
5.274240000000000785e-04,-2.058719999999999994e-02,-1.291824000000000097e-02
5.274880000000000020e-04,-1.544043999999999972e-02,-1.033459999999999934e-02
5.275520000000000339e-04,-2.058719999999999994e-02,-1.291824000000000097e-02
5.276160000000000658e-04,-1.801383999999999971e-02,-5.167299999999999671e-03
5.276799999999999893e-04,-2.058719999999999994e-02,-1.291824000000000097e-02
5.277440000000000212e-04,-1.544043999999999972e-02,-1.291824000000000097e-02
5.278080000000000532e-04,-2.058719999999999994e-02,-1.033459999999999934e-02
5.278720000000000851e-04,-2.573399999999999993e-02,-1.291824000000000097e-02
5.279360000000000086e-04,-1.801383999999999971e-02,-1.291824000000000097e-02
5.280000000000000405e-04,-1.286701999999999985e-02,-7.750940000000000434e-03
5.280640000000000724e-04,-1.544043999999999972e-02,-1.033459999999999934e-02
5.281279999999999959e-04,-1.286701999999999985e-02,-5.167299999999999671e-03
5.281920000000000278e-04,-1.544043999999999972e-02,-1.033459999999999934e-02
5.282560000000000597e-04,-1.801383999999999971e-02,-5.167299999999999671e-03
5.283199999999999832e-04,-1.801383999999999971e-02,-1.033459999999999934e-02
5.283840000000000151e-04,-1.801383999999999971e-02,-1.033459999999999934e-02
5.284480000000000470e-04,-1.286701999999999985e-02,-1.291824000000000097e-02
5.285120000000000789e-04,-1.801383999999999971e-02,-5.167299999999999671e-03
5.285760000000000024e-04,-2.058719999999999994e-02,-1.808554000000000064e-02
5.286400000000000344e-04,-1.544043999999999972e-02,-1.291824000000000097e-02
5.287040000000000663e-04,-1.801383999999999971e-02,-1.550189999999999901e-02
5.287679999999999898e-04,-1.029361999999999985e-02,-7.750940000000000434e-03
5.288320000000000217e-04,-1.286701999999999985e-02,-1.291824000000000097e-02
5.288960000000000536e-04,-1.286701999999999985e-02,-5.167299999999999671e-03
5.289600000000000855e-04,-1.286701999999999985e-02,-1.291824000000000097e-02
5.290240000000000090e-04,-1.544043999999999972e-02,-1.291824000000000097e-02
5.290880000000000409e-04,-1.286701999999999985e-02,-1.550189999999999901e-02
5.291520000000000728e-04,-1.029361999999999985e-02,0.000000000000000000e+00
5.292159999999999963e-04,-1.544043999999999972e-02,-1.550189999999999901e-02
5.292800000000000282e-04,-1.544043999999999972e-02,-1.033459999999999934e-02
5.293440000000000601e-04,-5.146819999999999867e-03,-1.033459999999999934e-02
5.294079999999999836e-04,-1.801383999999999971e-02,-7.750940000000000434e-03
5.294720000000000155e-04,-1.544043999999999972e-02,-1.550189999999999901e-02
5.295360000000000475e-04,-1.286701999999999985e-02,-1.550189999999999901e-02
5.296000000000000794e-04,-1.801383999999999971e-02,-1.550189999999999901e-02
5.296640000000000029e-04,-1.029361999999999985e-02,-1.291824000000000097e-02
5.297280000000000348e-04,-1.286701999999999985e-02,-1.550189999999999901e-02
5.297920000000000667e-04,-1.286701999999999985e-02,-1.808554000000000064e-02
5.298559999999999902e-04,-1.544043999999999972e-02,-1.033459999999999934e-02
5.299200000000000221e-04,-1.544043999999999972e-02,-1.808554000000000064e-02
5.299840000000000540e-04,-1.801383999999999971e-02,-1.291824000000000097e-02
5.300480000000000859e-04,-1.801383999999999971e-02,-7.750940000000000434e-03
5.301120000000000094e-04,-1.286701999999999985e-02,-2.583640000000000329e-03
5.301760000000000413e-04,-1.029361999999999985e-02,-1.033459999999999934e-02
5.302400000000000732e-04,-7.720219999999999860e-03,-5.167299999999999671e-03
5.303039999999999967e-04,-1.544043999999999972e-02,-1.291824000000000097e-02
5.303680000000000287e-04,-1.286701999999999985e-02,-7.750940000000000434e-03
5.304320000000000606e-04,-1.801383999999999971e-02,-1.033459999999999934e-02
5.304959999999999841e-04,-1.801383999999999971e-02,-1.291824000000000097e-02
5.305600000000000160e-04,-1.544043999999999972e-02,-7.750940000000000434e-03
5.306240000000000479e-04,-2.058719999999999994e-02,-1.808554000000000064e-02
5.306880000000000798e-04,-1.286701999999999985e-02,-1.291824000000000097e-02
5.307520000000000033e-04,-1.286701999999999985e-02,-1.033459999999999934e-02
5.308160000000000352e-04,-2.058719999999999994e-02,-7.750940000000000434e-03
5.308800000000000671e-04,-1.801383999999999971e-02,-1.291824000000000097e-02
5.309439999999999906e-04,-1.286701999999999985e-02,-1.808554000000000064e-02
5.310080000000000225e-04,-1.801383999999999971e-02,-7.750940000000000434e-03
5.310720000000000544e-04,-1.286701999999999985e-02,-1.033459999999999934e-02
5.311360000000000864e-04,-1.801383999999999971e-02,-2.066919999999999868e-02
5.312000000000000098e-04,-1.801383999999999971e-02,-1.291824000000000097e-02
5.312640000000000418e-04,-7.720219999999999860e-03,-7.750940000000000434e-03
5.313280000000000737e-04,-1.801383999999999971e-02,-7.750940000000000434e-03
5.313919999999999972e-04,-1.286701999999999985e-02,-1.033459999999999934e-02
5.314560000000000291e-04,-1.801383999999999971e-02,-1.033459999999999934e-02
5.315200000000000610e-04,-1.286701999999999985e-02,-1.291824000000000097e-02
5.315839999999999845e-04,-1.801383999999999971e-02,-7.750940000000000434e-03
5.316480000000000164e-04,-7.720219999999999860e-03,-1.033459999999999934e-02
5.317120000000000483e-04,-5.146819999999999867e-03,-1.033459999999999934e-02
5.317760000000000802e-04,-1.286701999999999985e-02,-7.750940000000000434e-03
5.318400000000000037e-04,-1.544043999999999972e-02,-1.291824000000000097e-02
5.319040000000000356e-04,-1.029361999999999985e-02,-7.750940000000000434e-03
5.319680000000000675e-04,-5.146819999999999867e-03,-1.291824000000000097e-02
5.320319999999999910e-04,-5.146819999999999867e-03,-1.291824000000000097e-02
5.320960000000000229e-04,-1.029361999999999985e-02,-1.808554000000000064e-02
5.321600000000000549e-04,-1.544043999999999972e-02,-5.167299999999999671e-03
5.322240000000000868e-04,-1.029361999999999985e-02,-1.291824000000000097e-02
5.322880000000000103e-04,-1.029361999999999985e-02,-1.033459999999999934e-02
5.323520000000000422e-04,-1.286701999999999985e-02,-7.750940000000000434e-03
5.324160000000000741e-04,-1.286701999999999985e-02,-1.808554000000000064e-02
5.324799999999999976e-04,-1.286701999999999985e-02,-1.033459999999999934e-02
5.325440000000000295e-04,-1.029361999999999985e-02,-1.291824000000000097e-02
5.326080000000000614e-04,-1.029361999999999985e-02,-1.808554000000000064e-02
5.326719999999999849e-04,-2.058719999999999994e-02,-2.066919999999999868e-02
5.327360000000000168e-04,-1.286701999999999985e-02,-1.291824000000000097e-02
5.328000000000000487e-04,-1.286701999999999985e-02,-7.750940000000000434e-03
5.328640000000000806e-04,-1.029361999999999985e-02,-1.291824000000000097e-02
5.329280000000000041e-04,-5.146819999999999867e-03,-1.550189999999999901e-02
5.329920000000000361e-04,-1.544043999999999972e-02,-1.033459999999999934e-02
5.330560000000000680e-04,0.000000000000000000e+00,-1.033459999999999934e-02
5.331199999999999915e-04,-5.146819999999999867e-03,-5.167299999999999671e-03
5.331840000000000234e-04,-1.286701999999999985e-02,-2.066919999999999868e-02
5.332480000000000553e-04,-1.544043999999999972e-02,-7.750940000000000434e-03
5.333120000000000872e-04,0.000000000000000000e+00,-1.550189999999999901e-02
5.333760000000000107e-04,-5.146819999999999867e-03,-1.291824000000000097e-02
5.334400000000000426e-04,-7.720219999999999860e-03,-1.033459999999999934e-02
5.335040000000000745e-04,-1.029361999999999985e-02,-1.550189999999999901e-02
5.335679999999999980e-04,-1.029361999999999985e-02,-1.550189999999999901e-02
5.336320000000000299e-04,-7.720219999999999860e-03,-1.033459999999999934e-02
5.336960000000000618e-04,-1.029361999999999985e-02,-1.033459999999999934e-02
5.337599999999999853e-04,-5.146819999999999867e-03,-1.033459999999999934e-02
5.338240000000000172e-04,-7.720219999999999860e-03,-1.291824000000000097e-02
5.338880000000000492e-04,-2.573399999999999993e-03,-1.550189999999999901e-02
5.339520000000000811e-04,-5.146819999999999867e-03,-1.291824000000000097e-02
5.340160000000000046e-04,-5.146819999999999867e-03,-1.291824000000000097e-02
5.340800000000000365e-04,-5.146819999999999867e-03,-1.291824000000000097e-02
5.341440000000000684e-04,-7.720219999999999860e-03,-1.291824000000000097e-02
5.342079999999999919e-04,-1.286701999999999985e-02,-1.033459999999999934e-02
5.342720000000000238e-04,-1.029361999999999985e-02,-1.808554000000000064e-02
5.343360000000000557e-04,-1.029361999999999985e-02,-1.550189999999999901e-02
5.343999999999999792e-04,-5.146819999999999867e-03,-1.033459999999999934e-02
5.344640000000000111e-04,-7.720219999999999860e-03,-1.291824000000000097e-02
5.345280000000000430e-04,-1.029361999999999985e-02,-1.550189999999999901e-02
5.345920000000000749e-04,-5.146819999999999867e-03,-1.291824000000000097e-02
5.346559999999999984e-04,-1.029361999999999985e-02,-5.167299999999999671e-03
5.347200000000000304e-04,-1.029361999999999985e-02,-1.808554000000000064e-02
5.347840000000000623e-04,-1.544043999999999972e-02,-1.033459999999999934e-02
5.348479999999999858e-04,-1.029361999999999985e-02,-1.033459999999999934e-02
5.349120000000000177e-04,-7.720219999999999860e-03,-1.291824000000000097e-02
5.349760000000000496e-04,-1.029361999999999985e-02,-1.033459999999999934e-02
5.350400000000000815e-04,-1.029361999999999985e-02,-1.291824000000000097e-02
5.351040000000000050e-04,-7.720219999999999860e-03,-1.550189999999999901e-02
5.351680000000000369e-04,-2.573399999999999993e-03,-1.291824000000000097e-02
5.352320000000000688e-04,-2.573399999999999993e-03,-1.550189999999999901e-02
5.352959999999999923e-04,-2.573399999999999993e-03,-7.750940000000000434e-03
5.353600000000000242e-04,-5.146819999999999867e-03,-2.325279999999999708e-02
5.354240000000000561e-04,-1.286701999999999985e-02,-1.291824000000000097e-02
5.354879999999999796e-04,-1.286701999999999985e-02,-1.033459999999999934e-02
5.355520000000000115e-04,-5.146819999999999867e-03,-2.066919999999999868e-02
5.356160000000000435e-04,-2.573399999999999993e-03,-1.291824000000000097e-02
5.356800000000000754e-04,-5.146819999999999867e-03,-1.033459999999999934e-02
5.357439999999999989e-04,-1.286701999999999985e-02,-1.808554000000000064e-02
5.358080000000000308e-04,-7.720219999999999860e-03,-1.033459999999999934e-02
5.358720000000000627e-04,-5.146819999999999867e-03,-5.167299999999999671e-03
5.359359999999999862e-04,-1.029361999999999985e-02,-1.291824000000000097e-02
5.360000000000000181e-04,-1.029361999999999985e-02,-1.808554000000000064e-02
5.360640000000000500e-04,-1.029361999999999985e-02,-7.750940000000000434e-03
5.361280000000000819e-04,-7.720219999999999860e-03,-1.291824000000000097e-02
5.361920000000000054e-04,0.000000000000000000e+00,-1.291824000000000097e-02
5.362560000000000373e-04,-7.720219999999999860e-03,-1.291824000000000097e-02
5.363200000000000692e-04,-2.573399999999999993e-03,-1.033459999999999934e-02
5.363839999999999927e-04,-1.029361999999999985e-02,-1.033459999999999934e-02
5.364480000000000246e-04,-7.720219999999999860e-03,-5.167299999999999671e-03
5.365120000000000566e-04,0.000000000000000000e+00,-7.750940000000000434e-03
5.365759999999999801e-04,-5.146819999999999867e-03,-1.033459999999999934e-02
5.366400000000000120e-04,0.000000000000000000e+00,-1.550189999999999901e-02
5.367040000000000439e-04,-7.720219999999999860e-03,-1.550189999999999901e-02
5.367680000000000758e-04,-5.146819999999999867e-03,-7.750940000000000434e-03
5.368319999999999993e-04,-7.720219999999999860e-03,-5.167299999999999671e-03
5.368960000000000312e-04,-5.146819999999999867e-03,-1.291824000000000097e-02
5.369600000000000631e-04,-1.029361999999999985e-02,-1.291824000000000097e-02
5.370239999999999866e-04,0.000000000000000000e+00,-7.750940000000000434e-03
5.370880000000000185e-04,-7.720219999999999860e-03,-2.066919999999999868e-02
5.371520000000000504e-04,-2.573399999999999993e-03,-1.033459999999999934e-02
5.372160000000000823e-04,-7.720219999999999860e-03,-1.550189999999999901e-02
5.372800000000000058e-04,-5.146819999999999867e-03,-7.750940000000000434e-03
5.373440000000000378e-04,-1.029361999999999985e-02,-1.808554000000000064e-02
5.374080000000000697e-04,2.573399999999999993e-03,-5.167299999999999671e-03
5.374719999999999932e-04,0.000000000000000000e+00,-1.033459999999999934e-02
5.375360000000000251e-04,0.000000000000000000e+00,-7.750940000000000434e-03
5.376000000000000570e-04,-5.146819999999999867e-03,-7.750940000000000434e-03
5.376639999999999805e-04,-5.146819999999999867e-03,-1.550189999999999901e-02
5.377280000000000124e-04,-2.573399999999999993e-03,-1.291824000000000097e-02
5.377920000000000443e-04,-5.146819999999999867e-03,-1.291824000000000097e-02
5.378560000000000762e-04,-2.573399999999999993e-03,-2.066919999999999868e-02
5.379199999999999997e-04,-1.029361999999999985e-02,-1.291824000000000097e-02
5.379840000000000316e-04,-1.029361999999999985e-02,-7.750940000000000434e-03
5.380480000000000635e-04,-7.720219999999999860e-03,-1.033459999999999934e-02
5.381119999999999870e-04,-1.029361999999999985e-02,-7.750940000000000434e-03
5.381760000000000189e-04,-7.720219999999999860e-03,-1.291824000000000097e-02
5.382400000000000509e-04,-5.146819999999999867e-03,-1.033459999999999934e-02
5.383040000000000828e-04,-1.029361999999999985e-02,-1.550189999999999901e-02
5.383680000000000063e-04,-2.573399999999999993e-03,-1.550189999999999901e-02
5.384320000000000382e-04,-1.029361999999999985e-02,-1.033459999999999934e-02
5.384960000000000701e-04,-1.286701999999999985e-02,-7.750940000000000434e-03
5.385599999999999936e-04,-7.720219999999999860e-03,-1.808554000000000064e-02
5.386240000000000255e-04,-5.146819999999999867e-03,-1.550189999999999901e-02
5.386880000000000574e-04,-2.573399999999999993e-03,-1.291824000000000097e-02
5.387519999999999809e-04,-2.573399999999999993e-03,-1.550189999999999901e-02
5.388160000000000128e-04,2.573399999999999993e-03,-1.808554000000000064e-02
5.388800000000000447e-04,-1.286701999999999985e-02,-1.033459999999999934e-02
5.389440000000000766e-04,-1.029361999999999985e-02,-1.291824000000000097e-02
5.390080000000000001e-04,-2.573399999999999993e-03,-1.291824000000000097e-02
5.390720000000000321e-04,-1.286701999999999985e-02,-1.291824000000000097e-02
5.391360000000000640e-04,-1.544043999999999972e-02,-1.808554000000000064e-02
5.391999999999999875e-04,-1.286701999999999985e-02,-1.550189999999999901e-02
5.392640000000000194e-04,-1.286701999999999985e-02,-1.808554000000000064e-02
5.393280000000000513e-04,-5.146819999999999867e-03,-1.808554000000000064e-02
5.393920000000000832e-04,-2.573399999999999993e-03,-7.750940000000000434e-03
5.394560000000000067e-04,-1.029361999999999985e-02,-1.291824000000000097e-02
5.395200000000000386e-04,-1.544043999999999972e-02,-1.291824000000000097e-02
5.395840000000000705e-04,-1.286701999999999985e-02,-1.033459999999999934e-02
5.396479999999999940e-04,-1.029361999999999985e-02,-2.066919999999999868e-02
5.397120000000000259e-04,-1.029361999999999985e-02,-1.550189999999999901e-02
5.397760000000000578e-04,-1.544043999999999972e-02,-7.750940000000000434e-03
5.398399999999999813e-04,-7.720219999999999860e-03,-1.550189999999999901e-02
5.399040000000000132e-04,-1.029361999999999985e-02,-1.291824000000000097e-02
5.399680000000000452e-04,-1.801383999999999971e-02,-7.750940000000000434e-03
5.400320000000000771e-04,-1.286701999999999985e-02,-1.291824000000000097e-02
5.400960000000000006e-04,-7.720219999999999860e-03,-1.808554000000000064e-02
5.401600000000000325e-04,-1.286701999999999985e-02,-1.033459999999999934e-02
5.402240000000000644e-04,-7.720219999999999860e-03,-7.750940000000000434e-03
5.402879999999999879e-04,-2.058719999999999994e-02,-1.291824000000000097e-02
5.403520000000000198e-04,-1.286701999999999985e-02,-1.291824000000000097e-02
5.404160000000000517e-04,-1.286701999999999985e-02,-7.750940000000000434e-03
5.404800000000000836e-04,-1.544043999999999972e-02,-1.291824000000000097e-02
5.405440000000000071e-04,-2.058719999999999994e-02,-2.066919999999999868e-02
5.406080000000000390e-04,-1.801383999999999971e-02,-1.808554000000000064e-02
5.406720000000000709e-04,-1.286701999999999985e-02,-1.291824000000000097e-02
5.407359999999999944e-04,-1.286701999999999985e-02,-1.033459999999999934e-02
5.408000000000000263e-04,-1.286701999999999985e-02,-1.291824000000000097e-02
5.408640000000000583e-04,-1.286701999999999985e-02,-2.325279999999999708e-02
5.409279999999999818e-04,-1.544043999999999972e-02,-1.550189999999999901e-02
5.409920000000000137e-04,-1.286701999999999985e-02,-1.291824000000000097e-02
5.410560000000000456e-04,-1.029361999999999985e-02,-2.066919999999999868e-02
5.411200000000000775e-04,-1.286701999999999985e-02,-1.808554000000000064e-02
5.411840000000000010e-04,-1.801383999999999971e-02,-1.808554000000000064e-02
5.412480000000000329e-04,-7.720219999999999860e-03,-1.033459999999999934e-02
5.413120000000000648e-04,-7.720219999999999860e-03,-1.550189999999999901e-02
5.413759999999999883e-04,-1.029361999999999985e-02,-1.291824000000000097e-02
5.414400000000000202e-04,-1.029361999999999985e-02,-1.808554000000000064e-02
5.415040000000000521e-04,-7.720219999999999860e-03,-1.808554000000000064e-02
5.415680000000000840e-04,-1.286701999999999985e-02,-1.033459999999999934e-02
5.416320000000000075e-04,-1.801383999999999971e-02,-1.033459999999999934e-02
5.416960000000000395e-04,-2.316059999999999994e-02,-1.550189999999999901e-02
5.417600000000000714e-04,-5.146819999999999867e-03,-1.291824000000000097e-02
5.418239999999999949e-04,-1.029361999999999985e-02,-1.033459999999999934e-02
5.418880000000000268e-04,-1.801383999999999971e-02,-1.808554000000000064e-02
5.419520000000000587e-04,-7.720219999999999860e-03,-1.808554000000000064e-02
5.420159999999999822e-04,-1.286701999999999985e-02,-2.066919999999999868e-02
5.420800000000000141e-04,-1.286701999999999985e-02,-2.325279999999999708e-02
5.421440000000000460e-04,-1.286701999999999985e-02,-1.291824000000000097e-02
5.422080000000000779e-04,-1.286701999999999985e-02,-1.550189999999999901e-02
5.422720000000000014e-04,-1.029361999999999985e-02,-1.808554000000000064e-02
5.423360000000000333e-04,-1.544043999999999972e-02,-1.033459999999999934e-02
5.424000000000000652e-04,-1.286701999999999985e-02,-1.808554000000000064e-02
5.424639999999999887e-04,-7.720219999999999860e-03,-2.066919999999999868e-02
5.425280000000000206e-04,-1.029361999999999985e-02,-1.808554000000000064e-02
5.425920000000000526e-04,-1.029361999999999985e-02,-2.325279999999999708e-02
5.426560000000000845e-04,-2.573399999999999993e-03,-2.066919999999999868e-02
5.427200000000000080e-04,-1.029361999999999985e-02,-1.033459999999999934e-02
5.427840000000000399e-04,-5.146819999999999867e-03,-1.291824000000000097e-02
5.428480000000000718e-04,-1.286701999999999985e-02,-2.066919999999999868e-02
5.429119999999999953e-04,-5.146819999999999867e-03,-1.550189999999999901e-02
5.429760000000000272e-04,-7.720219999999999860e-03,-1.291824000000000097e-02
5.430400000000000591e-04,-1.286701999999999985e-02,-1.033459999999999934e-02
5.431039999999999826e-04,-1.544043999999999972e-02,-1.550189999999999901e-02
5.431680000000000145e-04,-2.058719999999999994e-02,-1.550189999999999901e-02
5.432320000000000464e-04,-5.146819999999999867e-03,-1.550189999999999901e-02
5.432960000000000783e-04,-1.286701999999999985e-02,-1.550189999999999901e-02
5.433600000000000018e-04,-7.720219999999999860e-03,-1.550189999999999901e-02
5.434240000000000338e-04,-1.029361999999999985e-02,-2.583640000000000329e-03
5.434880000000000657e-04,-7.720219999999999860e-03,-1.033459999999999934e-02
5.435519999999999892e-04,-1.286701999999999985e-02,-1.033459999999999934e-02
5.436160000000000211e-04,-1.029361999999999985e-02,2.583640000000000329e-03
5.436800000000000530e-04,-5.146819999999999867e-03,-1.291824000000000097e-02
5.437440000000000849e-04,0.000000000000000000e+00,-1.291824000000000097e-02
5.438080000000000084e-04,-1.286701999999999985e-02,-7.750940000000000434e-03
5.438720000000000403e-04,-1.029361999999999985e-02,-7.750940000000000434e-03
5.439360000000000722e-04,-1.029361999999999985e-02,-5.167299999999999671e-03
5.439999999999999957e-04,-1.286701999999999985e-02,-1.291824000000000097e-02
5.440640000000000276e-04,-1.286701999999999985e-02,-1.033459999999999934e-02
5.441280000000000595e-04,-1.544043999999999972e-02,-7.750940000000000434e-03
5.441919999999999830e-04,-1.544043999999999972e-02,-5.167299999999999671e-03
5.442560000000000149e-04,-1.544043999999999972e-02,-1.033459999999999934e-02
5.443200000000000469e-04,-1.029361999999999985e-02,-2.066919999999999868e-02
5.443840000000000788e-04,-1.286701999999999985e-02,-1.550189999999999901e-02
5.444480000000000023e-04,-1.286701999999999985e-02,-1.033459999999999934e-02
5.445120000000000342e-04,-7.720219999999999860e-03,-1.033459999999999934e-02
5.445760000000000661e-04,-1.544043999999999972e-02,-1.291824000000000097e-02
5.446399999999999896e-04,-1.029361999999999985e-02,-1.033459999999999934e-02
5.447040000000000215e-04,-7.720219999999999860e-03,-1.550189999999999901e-02
5.447680000000000534e-04,-5.146819999999999867e-03,-1.033459999999999934e-02
5.448320000000000853e-04,-1.286701999999999985e-02,-5.167299999999999671e-03
5.448960000000000088e-04,-1.286701999999999985e-02,-1.033459999999999934e-02
5.449600000000000407e-04,-1.544043999999999972e-02,-1.033459999999999934e-02
5.450240000000000726e-04,-1.286701999999999985e-02,-1.033459999999999934e-02
5.450879999999999961e-04,-1.801383999999999971e-02,-1.550189999999999901e-02
5.451520000000000281e-04,-5.146819999999999867e-03,-5.167299999999999671e-03
5.452160000000000600e-04,-7.720219999999999860e-03,-7.750940000000000434e-03
5.452799999999999835e-04,-1.029361999999999985e-02,-1.033459999999999934e-02
5.453440000000000154e-04,-1.029361999999999985e-02,-7.750940000000000434e-03
5.454080000000000473e-04,-7.720219999999999860e-03,-1.550189999999999901e-02
5.454720000000000792e-04,-1.286701999999999985e-02,-1.291824000000000097e-02
5.455360000000000027e-04,-1.029361999999999985e-02,-2.583640000000000329e-03
5.456000000000000346e-04,-7.720219999999999860e-03,-5.167299999999999671e-03
5.456640000000000665e-04,-7.720219999999999860e-03,-7.750940000000000434e-03
5.457279999999999900e-04,-7.720219999999999860e-03,-5.167299999999999671e-03
5.457920000000000219e-04,-1.029361999999999985e-02,-7.750940000000000434e-03
5.458560000000000538e-04,-1.029361999999999985e-02,-7.750940000000000434e-03
5.459200000000000857e-04,-5.146819999999999867e-03,-7.750940000000000434e-03
5.459840000000000092e-04,-5.146819999999999867e-03,-1.033459999999999934e-02
5.460480000000000412e-04,-1.544043999999999972e-02,-7.750940000000000434e-03
5.461120000000000731e-04,-7.720219999999999860e-03,0.000000000000000000e+00
5.461759999999999966e-04,-1.029361999999999985e-02,-1.291824000000000097e-02
5.462400000000000285e-04,-1.544043999999999972e-02,-1.033459999999999934e-02
5.463040000000000604e-04,-1.029361999999999985e-02,-1.291824000000000097e-02
5.463679999999999839e-04,-7.720219999999999860e-03,-2.583640000000000329e-03
5.464320000000000158e-04,-2.573399999999999993e-03,-1.808554000000000064e-02
5.464960000000000477e-04,-5.146819999999999867e-03,-1.033459999999999934e-02
5.465600000000000796e-04,-1.029361999999999985e-02,-1.808554000000000064e-02
5.466240000000000031e-04,-7.720219999999999860e-03,-5.167299999999999671e-03
5.466880000000000350e-04,-1.029361999999999985e-02,-5.167299999999999671e-03
5.467520000000000669e-04,-1.029361999999999985e-02,-1.033459999999999934e-02
5.468159999999999904e-04,-7.720219999999999860e-03,-1.033459999999999934e-02
5.468800000000000223e-04,-5.146819999999999867e-03,-1.033459999999999934e-02
5.469440000000000543e-04,-1.286701999999999985e-02,-1.291824000000000097e-02
5.470080000000000862e-04,-5.146819999999999867e-03,-1.291824000000000097e-02
5.470720000000000097e-04,-7.720219999999999860e-03,-1.291824000000000097e-02
5.471360000000000416e-04,-7.720219999999999860e-03,-7.750940000000000434e-03
5.472000000000000735e-04,-5.146819999999999867e-03,-7.750940000000000434e-03
5.472639999999999970e-04,-1.286701999999999985e-02,-1.033459999999999934e-02
5.473280000000000289e-04,-1.029361999999999985e-02,-1.033459999999999934e-02
5.473920000000000608e-04,0.000000000000000000e+00,-1.033459999999999934e-02
5.474559999999999843e-04,-5.146819999999999867e-03,-7.750940000000000434e-03
5.475200000000000162e-04,-7.720219999999999860e-03,-5.167299999999999671e-03
5.475840000000000481e-04,-7.720219999999999860e-03,-1.808554000000000064e-02
5.476480000000000800e-04,-1.544043999999999972e-02,-1.550189999999999901e-02
5.477120000000000035e-04,-7.720219999999999860e-03,-7.750940000000000434e-03
5.477760000000000355e-04,-5.146819999999999867e-03,-1.033459999999999934e-02
5.478400000000000674e-04,-1.029361999999999985e-02,-1.550189999999999901e-02
5.479039999999999909e-04,-1.029361999999999985e-02,-1.550189999999999901e-02
5.479680000000000228e-04,-7.720219999999999860e-03,2.583640000000000329e-03
5.480320000000000547e-04,-5.146819999999999867e-03,-2.583640000000000329e-03
5.480960000000000866e-04,-5.146819999999999867e-03,-1.291824000000000097e-02
5.481600000000000101e-04,-2.573399999999999993e-03,-5.167299999999999671e-03
5.482240000000000420e-04,-5.146819999999999867e-03,-1.291824000000000097e-02
5.482880000000000739e-04,-2.573399999999999993e-03,-7.750940000000000434e-03
5.483519999999999974e-04,-5.146819999999999867e-03,-7.750940000000000434e-03
5.484160000000000293e-04,-2.573399999999999993e-03,-1.033459999999999934e-02
5.484800000000000612e-04,-2.573399999999999993e-03,-7.750940000000000434e-03
5.485439999999999847e-04,-1.286701999999999985e-02,-5.167299999999999671e-03
5.486080000000000166e-04,-5.146819999999999867e-03,-1.033459999999999934e-02
5.486720000000000486e-04,-7.720219999999999860e-03,-1.033459999999999934e-02
5.487360000000000805e-04,0.000000000000000000e+00,-1.808554000000000064e-02
5.488000000000000040e-04,-1.286701999999999985e-02,-7.750940000000000434e-03
5.488640000000000359e-04,-1.029361999999999985e-02,-1.033459999999999934e-02
5.489280000000000678e-04,-7.720219999999999860e-03,-7.750940000000000434e-03
5.489919999999999913e-04,-5.146819999999999867e-03,-7.750940000000000434e-03
5.490560000000000232e-04,-7.720219999999999860e-03,-1.550189999999999901e-02
5.491200000000000551e-04,-5.146819999999999867e-03,-1.033459999999999934e-02
5.491840000000000870e-04,-7.720219999999999860e-03,-1.550189999999999901e-02
5.492480000000000105e-04,-7.720219999999999860e-03,-7.750940000000000434e-03
5.493120000000000424e-04,-1.286701999999999985e-02,-1.291824000000000097e-02
5.493760000000000743e-04,-7.720219999999999860e-03,-7.750940000000000434e-03
5.494399999999999978e-04,-7.720219999999999860e-03,-1.291824000000000097e-02
5.495040000000000298e-04,-1.029361999999999985e-02,-1.291824000000000097e-02
5.495680000000000617e-04,0.000000000000000000e+00,-1.291824000000000097e-02
5.496319999999999852e-04,-2.573399999999999993e-03,-5.167299999999999671e-03
5.496960000000000171e-04,-7.720219999999999860e-03,-5.167299999999999671e-03
5.497600000000000490e-04,0.000000000000000000e+00,-7.750940000000000434e-03
5.498240000000000809e-04,-5.146819999999999867e-03,-7.750940000000000434e-03
5.498880000000000044e-04,-7.720219999999999860e-03,-7.750940000000000434e-03
5.499520000000000363e-04,-2.573399999999999993e-03,-5.167299999999999671e-03
5.500160000000000682e-04,-5.146819999999999867e-03,-1.033459999999999934e-02
5.500799999999999917e-04,-5.146819999999999867e-03,-1.291824000000000097e-02
5.501440000000000236e-04,-2.573399999999999993e-03,-2.583640000000000329e-03
5.502080000000000555e-04,-5.146819999999999867e-03,-1.033459999999999934e-02
5.502720000000000874e-04,-1.286701999999999985e-02,-1.291824000000000097e-02
5.503360000000000109e-04,-1.544043999999999972e-02,-1.550189999999999901e-02
5.504000000000000429e-04,0.000000000000000000e+00,-1.291824000000000097e-02
5.504640000000000748e-04,-5.146819999999999867e-03,-1.291824000000000097e-02
5.505279999999999983e-04,0.000000000000000000e+00,-1.808554000000000064e-02
5.505920000000000302e-04,2.573399999999999993e-03,-1.550189999999999901e-02
5.506560000000000621e-04,-1.286701999999999985e-02,-1.033459999999999934e-02
5.507199999999999856e-04,0.000000000000000000e+00,-1.033459999999999934e-02
5.507840000000000175e-04,-1.544043999999999972e-02,-7.750940000000000434e-03
5.508480000000000494e-04,-7.720219999999999860e-03,-1.550189999999999901e-02
5.509120000000000813e-04,-5.146819999999999867e-03,-1.808554000000000064e-02
5.509760000000000048e-04,-1.286701999999999985e-02,-1.033459999999999934e-02
5.510400000000000367e-04,-5.146819999999999867e-03,-1.033459999999999934e-02
5.511040000000000686e-04,-1.286701999999999985e-02,-7.750940000000000434e-03
5.511679999999999921e-04,-7.720219999999999860e-03,-1.550189999999999901e-02
5.512320000000000240e-04,-1.544043999999999972e-02,-1.033459999999999934e-02
5.512960000000000560e-04,-5.146819999999999867e-03,-1.550189999999999901e-02
5.513600000000000879e-04,-7.720219999999999860e-03,-1.291824000000000097e-02
5.514240000000000114e-04,-7.720219999999999860e-03,-1.033459999999999934e-02
5.514880000000000433e-04,-1.286701999999999985e-02,-7.750940000000000434e-03
5.515520000000000752e-04,-5.146819999999999867e-03,-1.033459999999999934e-02
5.516159999999999987e-04,-1.286701999999999985e-02,-1.550189999999999901e-02
5.516800000000000306e-04,-7.720219999999999860e-03,-1.033459999999999934e-02
5.517440000000000625e-04,-7.720219999999999860e-03,-7.750940000000000434e-03
5.518079999999999860e-04,-7.720219999999999860e-03,-1.550189999999999901e-02
5.518720000000000179e-04,-7.720219999999999860e-03,-1.808554000000000064e-02
5.519360000000000498e-04,-1.286701999999999985e-02,-1.033459999999999934e-02
5.520000000000000817e-04,-1.286701999999999985e-02,-1.033459999999999934e-02
5.520640000000000052e-04,-7.720219999999999860e-03,-1.033459999999999934e-02
5.521280000000000372e-04,-5.146819999999999867e-03,-1.550189999999999901e-02
5.521920000000000691e-04,-1.029361999999999985e-02,-1.291824000000000097e-02
5.522559999999999926e-04,-7.720219999999999860e-03,-1.291824000000000097e-02
5.523200000000000245e-04,-5.146819999999999867e-03,-1.808554000000000064e-02
5.523840000000000564e-04,-1.286701999999999985e-02,-1.808554000000000064e-02
5.524480000000000883e-04,-1.544043999999999972e-02,-1.550189999999999901e-02
5.525120000000000118e-04,-2.573399999999999993e-03,-1.291824000000000097e-02
5.525760000000000437e-04,-1.286701999999999985e-02,-1.033459999999999934e-02
5.526400000000000756e-04,-5.146819999999999867e-03,-5.167299999999999671e-03
5.527039999999999991e-04,-7.720219999999999860e-03,-2.066919999999999868e-02
5.527680000000000310e-04,-1.286701999999999985e-02,-1.808554000000000064e-02
5.528320000000000629e-04,-7.720219999999999860e-03,-7.750940000000000434e-03
5.528959999999999864e-04,-1.286701999999999985e-02,-1.291824000000000097e-02
5.529600000000000183e-04,-1.029361999999999985e-02,-1.291824000000000097e-02
5.530240000000000503e-04,-1.029361999999999985e-02,-1.291824000000000097e-02
5.530880000000000822e-04,-1.286701999999999985e-02,-1.550189999999999901e-02
5.531520000000000057e-04,-1.029361999999999985e-02,-7.750940000000000434e-03
5.532160000000000376e-04,-1.029361999999999985e-02,-5.167299999999999671e-03
5.532800000000000695e-04,-1.029361999999999985e-02,-1.291824000000000097e-02
5.533439999999999930e-04,-1.286701999999999985e-02,-5.167299999999999671e-03
5.534080000000000249e-04,-1.286701999999999985e-02,-1.033459999999999934e-02
5.534720000000000568e-04,-7.720219999999999860e-03,-7.750940000000000434e-03
5.535359999999999803e-04,-1.286701999999999985e-02,-5.167299999999999671e-03
5.536000000000000122e-04,-1.544043999999999972e-02,-1.033459999999999934e-02
5.536640000000000441e-04,-1.544043999999999972e-02,-1.291824000000000097e-02
5.537280000000000760e-04,-1.029361999999999985e-02,-1.291824000000000097e-02
5.537919999999999995e-04,-7.720219999999999860e-03,-7.750940000000000434e-03
5.538560000000000315e-04,-7.720219999999999860e-03,-1.291824000000000097e-02
5.539200000000000634e-04,-1.801383999999999971e-02,-1.808554000000000064e-02
5.539839999999999869e-04,-1.801383999999999971e-02,-1.808554000000000064e-02
5.540480000000000188e-04,-1.544043999999999972e-02,-1.808554000000000064e-02
5.541120000000000507e-04,-1.801383999999999971e-02,-1.808554000000000064e-02
5.541760000000000826e-04,-1.286701999999999985e-02,-1.808554000000000064e-02
5.542400000000000061e-04,-1.029361999999999985e-02,-1.808554000000000064e-02
5.543040000000000380e-04,-7.720219999999999860e-03,-1.550189999999999901e-02
5.543680000000000699e-04,-1.544043999999999972e-02,-1.291824000000000097e-02
5.544319999999999934e-04,-1.544043999999999972e-02,-7.750940000000000434e-03
5.544960000000000253e-04,-1.801383999999999971e-02,-7.750940000000000434e-03
5.545600000000000572e-04,-1.029361999999999985e-02,-1.033459999999999934e-02
5.546239999999999807e-04,-1.544043999999999972e-02,-1.033459999999999934e-02
5.546880000000000126e-04,-1.801383999999999971e-02,-1.808554000000000064e-02
5.547520000000000446e-04,-1.029361999999999985e-02,-1.550189999999999901e-02
5.548160000000000765e-04,-1.029361999999999985e-02,-1.291824000000000097e-02
5.548800000000000000e-04,-2.058719999999999994e-02,-1.550189999999999901e-02
5.549440000000000319e-04,-1.286701999999999985e-02,-2.325279999999999708e-02
5.550080000000000638e-04,-7.720219999999999860e-03,-2.066919999999999868e-02
5.550719999999999873e-04,-1.286701999999999985e-02,-1.291824000000000097e-02
5.551360000000000192e-04,-1.801383999999999971e-02,-1.291824000000000097e-02
5.552000000000000511e-04,-1.286701999999999985e-02,-2.066919999999999868e-02
5.552640000000000830e-04,-1.544043999999999972e-02,-1.808554000000000064e-02
5.553280000000000065e-04,-1.544043999999999972e-02,-1.550189999999999901e-02
5.553920000000000384e-04,-1.029361999999999985e-02,-1.033459999999999934e-02
5.554560000000000703e-04,-1.286701999999999985e-02,-1.550189999999999901e-02
5.555199999999999938e-04,-1.286701999999999985e-02,-1.033459999999999934e-02
5.555840000000000257e-04,-1.801383999999999971e-02,-1.808554000000000064e-02
5.556480000000000577e-04,-1.029361999999999985e-02,-1.291824000000000097e-02
5.557119999999999812e-04,-1.029361999999999985e-02,-1.808554000000000064e-02
5.557760000000000131e-04,-1.029361999999999985e-02,-1.291824000000000097e-02
5.558400000000000450e-04,-1.286701999999999985e-02,-1.291824000000000097e-02
5.559040000000000769e-04,-1.286701999999999985e-02,-1.550189999999999901e-02
5.559680000000000004e-04,-1.286701999999999985e-02,-1.550189999999999901e-02
5.560320000000000323e-04,-1.801383999999999971e-02,-5.167299999999999671e-03
5.560960000000000642e-04,-1.029361999999999985e-02,-1.033459999999999934e-02
5.561599999999999877e-04,-1.286701999999999985e-02,-2.066919999999999868e-02
5.562240000000000196e-04,-7.720219999999999860e-03,-1.808554000000000064e-02
5.562880000000000515e-04,-1.286701999999999985e-02,-5.167299999999999671e-03
5.563520000000000834e-04,-1.029361999999999985e-02,-5.167299999999999671e-03
5.564160000000000069e-04,-1.286701999999999985e-02,-1.033459999999999934e-02
5.564800000000000389e-04,-1.544043999999999972e-02,-1.033459999999999934e-02
5.565440000000000708e-04,-1.801383999999999971e-02,-1.033459999999999934e-02
5.566079999999999943e-04,-2.316059999999999994e-02,-7.750940000000000434e-03
5.566720000000000262e-04,-1.029361999999999985e-02,-2.066919999999999868e-02
5.567360000000000581e-04,-1.544043999999999972e-02,-7.750940000000000434e-03
5.567999999999999816e-04,-1.544043999999999972e-02,-1.550189999999999901e-02
5.568640000000000135e-04,-2.058719999999999994e-02,-1.291824000000000097e-02
5.569280000000000454e-04,-2.058719999999999994e-02,-1.033459999999999934e-02
5.569920000000000773e-04,-1.801383999999999971e-02,-1.033459999999999934e-02
5.570560000000000008e-04,-7.720219999999999860e-03,-5.167299999999999671e-03
5.571200000000000327e-04,-1.286701999999999985e-02,-1.033459999999999934e-02
5.571840000000000646e-04,-7.720219999999999860e-03,-1.550189999999999901e-02
5.572479999999999881e-04,-1.286701999999999985e-02,-1.808554000000000064e-02
5.573120000000000200e-04,-1.801383999999999971e-02,-1.550189999999999901e-02
5.573760000000000520e-04,-1.286701999999999985e-02,-7.750940000000000434e-03
5.574400000000000839e-04,-1.801383999999999971e-02,-1.808554000000000064e-02
5.575040000000000074e-04,-1.801383999999999971e-02,-1.808554000000000064e-02
5.575680000000000393e-04,-1.801383999999999971e-02,-1.808554000000000064e-02
5.576320000000000712e-04,-1.544043999999999972e-02,-1.808554000000000064e-02
5.576959999999999947e-04,-2.058719999999999994e-02,-2.066919999999999868e-02
5.577600000000000266e-04,-1.801383999999999971e-02,-1.033459999999999934e-02
5.578240000000000585e-04,-7.720219999999999860e-03,-1.550189999999999901e-02
5.578879999999999820e-04,-1.286701999999999985e-02,-1.550189999999999901e-02
5.579520000000000139e-04,-2.316059999999999994e-02,-1.550189999999999901e-02
5.580160000000000458e-04,-1.544043999999999972e-02,-7.750940000000000434e-03
5.580800000000000777e-04,-1.801383999999999971e-02,-5.167299999999999671e-03
5.581440000000000012e-04,-2.058719999999999994e-02,-1.550189999999999901e-02
5.582080000000000332e-04,-1.286701999999999985e-02,-1.550189999999999901e-02
5.582720000000000651e-04,-1.286701999999999985e-02,-1.550189999999999901e-02
5.583359999999999886e-04,-1.801383999999999971e-02,-1.291824000000000097e-02
5.584000000000000205e-04,-1.544043999999999972e-02,-1.291824000000000097e-02
5.584640000000000524e-04,-2.058719999999999994e-02,-1.808554000000000064e-02
5.585280000000000843e-04,-2.058719999999999994e-02,-1.808554000000000064e-02
5.585920000000000078e-04,-1.544043999999999972e-02,-1.291824000000000097e-02
5.586560000000000397e-04,-1.544043999999999972e-02,-1.033459999999999934e-02
5.587200000000000716e-04,-1.286701999999999985e-02,-1.808554000000000064e-02
5.587839999999999951e-04,-1.544043999999999972e-02,-1.808554000000000064e-02
5.588480000000000270e-04,-1.544043999999999972e-02,-7.750940000000000434e-03
5.589120000000000589e-04,-2.058719999999999994e-02,-2.066919999999999868e-02
5.589759999999999824e-04,-1.544043999999999972e-02,-1.550189999999999901e-02
5.590400000000000143e-04,-2.058719999999999994e-02,-1.291824000000000097e-02
5.591040000000000463e-04,-1.286701999999999985e-02,-1.291824000000000097e-02
5.591680000000000782e-04,-1.544043999999999972e-02,-1.550189999999999901e-02
5.592320000000000017e-04,-1.544043999999999972e-02,-2.066919999999999868e-02
5.592960000000000336e-04,-1.544043999999999972e-02,-1.291824000000000097e-02
5.593600000000000655e-04,-1.286701999999999985e-02,-7.750940000000000434e-03
5.594239999999999890e-04,-5.146819999999999867e-03,-1.033459999999999934e-02
5.594880000000000209e-04,-1.544043999999999972e-02,-2.325279999999999708e-02
5.595520000000000528e-04,-1.801383999999999971e-02,-1.291824000000000097e-02
5.596160000000000847e-04,-1.544043999999999972e-02,-2.325279999999999708e-02
5.596800000000000082e-04,-1.544043999999999972e-02,-1.291824000000000097e-02
5.597440000000000401e-04,-1.801383999999999971e-02,-1.808554000000000064e-02
5.598080000000000720e-04,-1.029361999999999985e-02,-7.750940000000000434e-03
5.598719999999999955e-04,-2.058719999999999994e-02,-2.066919999999999868e-02
5.599360000000000274e-04,-2.058719999999999994e-02,-2.066919999999999868e-02
5.600000000000000594e-04,-2.058719999999999994e-02,-1.550189999999999901e-02
5.600639999999999829e-04,-1.029361999999999985e-02,-1.550189999999999901e-02
5.601280000000000148e-04,-1.801383999999999971e-02,-1.550189999999999901e-02
5.601920000000000467e-04,-1.029361999999999985e-02,-1.033459999999999934e-02
5.602560000000000786e-04,-1.029361999999999985e-02,-1.291824000000000097e-02
5.603200000000000021e-04,-1.801383999999999971e-02,-2.066919999999999868e-02
5.603840000000000340e-04,-1.029361999999999985e-02,-2.066919999999999868e-02
5.604480000000000659e-04,-1.286701999999999985e-02,-2.325279999999999708e-02
5.605119999999999894e-04,-1.801383999999999971e-02,-1.291824000000000097e-02
5.605760000000000213e-04,-1.286701999999999985e-02,-1.550189999999999901e-02
5.606400000000000532e-04,-1.544043999999999972e-02,-1.291824000000000097e-02
5.607040000000000851e-04,-1.801383999999999971e-02,-1.808554000000000064e-02
5.607680000000000086e-04,-1.801383999999999971e-02,-1.291824000000000097e-02
5.608320000000000406e-04,-2.316059999999999994e-02,-1.033459999999999934e-02
5.608960000000000725e-04,-1.544043999999999972e-02,-1.033459999999999934e-02
5.609599999999999960e-04,-1.801383999999999971e-02,-5.167299999999999671e-03
5.610240000000000279e-04,-1.286701999999999985e-02,-1.033459999999999934e-02
5.610880000000000598e-04,-1.286701999999999985e-02,-1.550189999999999901e-02
5.611519999999999833e-04,-1.801383999999999971e-02,-1.808554000000000064e-02
5.612160000000000152e-04,-2.058719999999999994e-02,-1.291824000000000097e-02
5.612800000000000471e-04,-1.544043999999999972e-02,-1.550189999999999901e-02
5.613440000000000790e-04,-1.801383999999999971e-02,-1.291824000000000097e-02
5.614080000000000025e-04,-2.058719999999999994e-02,-1.033459999999999934e-02
5.614720000000000344e-04,-1.801383999999999971e-02,-1.808554000000000064e-02
5.615360000000000663e-04,-1.029361999999999985e-02,-1.550189999999999901e-02
5.615999999999999898e-04,-5.146819999999999867e-03,-1.808554000000000064e-02
5.616640000000000217e-04,-2.058719999999999994e-02,-1.808554000000000064e-02
5.617280000000000537e-04,-1.029361999999999985e-02,-1.291824000000000097e-02
5.617920000000000856e-04,-1.029361999999999985e-02,-1.550189999999999901e-02
5.618560000000000091e-04,-2.058719999999999994e-02,-1.550189999999999901e-02
5.619200000000000410e-04,-1.286701999999999985e-02,-1.033459999999999934e-02
5.619840000000000729e-04,-1.544043999999999972e-02,-7.750940000000000434e-03
5.620479999999999964e-04,-1.801383999999999971e-02,-1.808554000000000064e-02
5.621120000000000283e-04,-1.801383999999999971e-02,-1.550189999999999901e-02
5.621760000000000602e-04,-1.801383999999999971e-02,-1.033459999999999934e-02
5.622399999999999837e-04,-7.720219999999999860e-03,-1.291824000000000097e-02
5.623040000000000156e-04,-1.286701999999999985e-02,-2.583640000000000329e-03
5.623680000000000475e-04,-1.544043999999999972e-02,-1.550189999999999901e-02
5.624320000000000794e-04,-1.286701999999999985e-02,-1.550189999999999901e-02
5.624960000000000029e-04,-1.544043999999999972e-02,-1.550189999999999901e-02
5.625600000000000349e-04,-1.286701999999999985e-02,-1.033459999999999934e-02
5.626240000000000668e-04,-1.801383999999999971e-02,-1.808554000000000064e-02
5.626879999999999903e-04,-1.029361999999999985e-02,-1.291824000000000097e-02
5.627520000000000222e-04,-1.801383999999999971e-02,-2.066919999999999868e-02
5.628160000000000541e-04,-1.801383999999999971e-02,-1.291824000000000097e-02
5.628800000000000860e-04,-1.286701999999999985e-02,-1.550189999999999901e-02
5.629440000000000095e-04,-2.573399999999999993e-03,-7.750940000000000434e-03
5.630080000000000414e-04,-2.573399999999999993e-03,-1.033459999999999934e-02
5.630720000000000733e-04,-5.146819999999999867e-03,-1.033459999999999934e-02
5.631359999999999968e-04,-1.029361999999999985e-02,-1.291824000000000097e-02
5.632000000000000287e-04,-5.146819999999999867e-03,-1.033459999999999934e-02
5.632640000000000606e-04,-1.286701999999999985e-02,-1.550189999999999901e-02
5.633279999999999841e-04,-1.544043999999999972e-02,-1.550189999999999901e-02
5.633920000000000160e-04,-1.801383999999999971e-02,-1.291824000000000097e-02
5.634560000000000480e-04,-1.801383999999999971e-02,-1.033459999999999934e-02
5.635200000000000799e-04,-1.029361999999999985e-02,-1.291824000000000097e-02
5.635840000000000034e-04,-1.029361999999999985e-02,-1.033459999999999934e-02
5.636480000000000353e-04,-7.720219999999999860e-03,-1.808554000000000064e-02
5.637120000000000672e-04,0.000000000000000000e+00,-1.808554000000000064e-02
5.637759999999999907e-04,-2.573399999999999993e-03,-1.291824000000000097e-02
5.638400000000000226e-04,-5.146819999999999867e-03,-7.750940000000000434e-03
5.639040000000000545e-04,-1.544043999999999972e-02,-1.550189999999999901e-02
5.639680000000000864e-04,-1.286701999999999985e-02,-1.291824000000000097e-02
5.640320000000000099e-04,-1.801383999999999971e-02,-1.033459999999999934e-02
5.640960000000000418e-04,-1.029361999999999985e-02,-1.033459999999999934e-02
5.641600000000000737e-04,-1.029361999999999985e-02,-1.550189999999999901e-02
5.642239999999999972e-04,0.000000000000000000e+00,-5.167299999999999671e-03
5.642880000000000291e-04,2.573399999999999993e-03,-1.808554000000000064e-02
5.643520000000000611e-04,1.286701999999999985e-02,-5.167299999999999671e-03
5.644159999999999846e-04,5.146819999999999867e-03,-1.291824000000000097e-02
5.644800000000000165e-04,2.573399999999999993e-03,-5.167299999999999671e-03
5.645440000000000484e-04,-1.029361999999999985e-02,-1.033459999999999934e-02
5.646080000000000803e-04,-2.316059999999999994e-02,-1.291824000000000097e-02
5.646720000000000038e-04,-4.117439999999999989e-02,-2.583640000000000329e-03
5.647360000000000357e-04,-3.860099999999999643e-02,-1.033459999999999934e-02
5.648000000000000676e-04,-3.602759999999999990e-02,-1.550189999999999901e-02
5.648639999999999911e-04,-1.029361999999999985e-02,-7.750940000000000434e-03
5.649280000000000230e-04,1.801383999999999971e-02,-1.550189999999999901e-02
5.649920000000000549e-04,2.830739999999999992e-02,-1.291824000000000097e-02
5.650560000000000868e-04,2.573399999999999993e-02,-7.750940000000000434e-03
5.651200000000000103e-04,1.801383999999999971e-02,-1.808554000000000064e-02
5.651840000000000423e-04,1.544043999999999972e-02,-1.033459999999999934e-02
5.652480000000000742e-04,-1.029361999999999985e-02,-2.583640000000000329e-03
5.653119999999999977e-04,-2.316059999999999994e-02,-1.808554000000000064e-02
5.653760000000000296e-04,-2.316059999999999994e-02,-7.750940000000000434e-03
5.654400000000000615e-04,-2.830739999999999992e-02,-7.750940000000000434e-03
5.655039999999999850e-04,-2.316059999999999994e-02,-1.550189999999999901e-02
5.655680000000000169e-04,-3.088079999999999992e-02,-7.750940000000000434e-03
5.656320000000000488e-04,-1.544043999999999972e-02,-5.167299999999999671e-03
5.656960000000000807e-04,-2.573399999999999993e-03,-1.550189999999999901e-02
5.657600000000000042e-04,1.544043999999999972e-02,-1.291824000000000097e-02
5.658240000000000361e-04,2.058719999999999994e-02,2.583640000000000329e-03
5.658880000000000680e-04,2.316059999999999994e-02,-1.291824000000000097e-02
5.659519999999999915e-04,1.544043999999999972e-02,-1.550189999999999901e-02
5.660160000000000234e-04,0.000000000000000000e+00,-1.291824000000000097e-02
5.660800000000000554e-04,-1.544043999999999972e-02,-1.033459999999999934e-02
5.661440000000000873e-04,-2.058719999999999994e-02,-5.167299999999999671e-03
5.662080000000000108e-04,-2.830739999999999992e-02,-7.750940000000000434e-03
5.662720000000000427e-04,-2.573399999999999993e-02,-1.291824000000000097e-02
5.663360000000000746e-04,-2.830739999999999992e-02,-5.167299999999999671e-03
5.663999999999999981e-04,-1.286701999999999985e-02,-1.808554000000000064e-02
5.664640000000000300e-04,-5.146819999999999867e-03,-1.291824000000000097e-02
5.665280000000000619e-04,1.029361999999999985e-02,-1.291824000000000097e-02
5.665919999999999854e-04,2.058719999999999994e-02,-1.291824000000000097e-02
5.666560000000000173e-04,1.544043999999999972e-02,-2.583640000000000329e-03
5.667200000000000492e-04,1.029361999999999985e-02,-7.750940000000000434e-03
5.667840000000000811e-04,-5.146819999999999867e-03,-1.033459999999999934e-02
5.668480000000000046e-04,-1.544043999999999972e-02,-5.167299999999999671e-03
5.669120000000000366e-04,-2.830739999999999992e-02,-1.550189999999999901e-02
5.669760000000000685e-04,-2.058719999999999994e-02,-7.750940000000000434e-03
5.670399999999999920e-04,-2.573399999999999993e-02,-5.167299999999999671e-03
5.671040000000000239e-04,-2.316059999999999994e-02,-7.750940000000000434e-03
5.671680000000000558e-04,-1.801383999999999971e-02,-7.750940000000000434e-03
5.672320000000000877e-04,-1.801383999999999971e-02,-1.291824000000000097e-02
5.672960000000000112e-04,-2.058719999999999994e-02,-1.291824000000000097e-02
5.673600000000000431e-04,-1.286701999999999985e-02,-5.167299999999999671e-03
5.674240000000000750e-04,-5.146819999999999867e-03,-1.550189999999999901e-02
5.674879999999999985e-04,1.286701999999999985e-02,-7.750940000000000434e-03
5.675520000000000304e-04,1.286701999999999985e-02,-1.291824000000000097e-02
5.676160000000000623e-04,2.058719999999999994e-02,-1.291824000000000097e-02
5.676799999999999858e-04,3.345420000000000338e-02,-1.291824000000000097e-02
5.677440000000000177e-04,2.316059999999999994e-02,-5.167299999999999671e-03
5.678080000000000497e-04,-2.573399999999999993e-03,-7.750940000000000434e-03
5.678720000000000816e-04,-1.544043999999999972e-02,-7.750940000000000434e-03
5.679360000000000051e-04,-4.117439999999999989e-02,-2.583640000000000329e-03
5.680000000000000370e-04,-5.661499999999999866e-02,-1.033459999999999934e-02
5.680640000000000689e-04,-6.176179999999999864e-02,-1.033459999999999934e-02
5.681279999999999924e-04,-6.690859999999999863e-02,-5.167299999999999671e-03
5.681920000000000243e-04,-5.146819999999999867e-02,-1.033459999999999934e-02
5.682560000000000562e-04,-2.058719999999999994e-02,-5.167299999999999671e-03
5.683200000000000881e-04,2.058719999999999994e-02,-1.550189999999999901e-02
5.683840000000000116e-04,6.433519999999999517e-02,-7.750940000000000434e-03
5.684480000000000435e-04,9.264259999999999162e-02,-1.033459999999999934e-02
5.685120000000000754e-04,7.205539999999999168e-02,-1.033459999999999934e-02
5.685759999999999989e-04,3.345420000000000338e-02,-7.750940000000000434e-03
5.686400000000000308e-04,-2.316059999999999994e-02,-5.167299999999999671e-03
5.687040000000000628e-04,-7.977560000000000207e-02,-5.167299999999999671e-03
5.687679999999999863e-04,-1.132297999999999916e-01,-1.033459999999999934e-02
5.688320000000000182e-04,-1.106564000000000020e-01,-7.750940000000000434e-03
5.688960000000000501e-04,-7.720219999999999860e-02,-7.750940000000000434e-03
5.689600000000000820e-04,-1.286701999999999985e-02,-1.291824000000000097e-02
5.690240000000000055e-04,4.117439999999999989e-02,-1.291824000000000097e-02
5.690880000000000374e-04,9.006920000000000204e-02,-1.291824000000000097e-02
5.691520000000000693e-04,9.521599999999999508e-02,-7.750940000000000434e-03
5.692159999999999928e-04,6.690859999999999863e-02,-1.033459999999999934e-02
5.692800000000000247e-04,2.316059999999999994e-02,-1.033459999999999934e-02
5.693440000000000566e-04,-5.404159999999999520e-02,-1.291824000000000097e-02
5.694080000000000885e-04,-1.106564000000000020e-01,-1.033459999999999934e-02
5.694720000000000120e-04,-1.209500000000000020e-01,-5.167299999999999671e-03
5.695360000000000440e-04,-7.720219999999999860e-02,-1.550189999999999901e-02
5.696000000000000759e-04,-1.286701999999999985e-02,-5.167299999999999671e-03
5.696639999999999994e-04,4.374780000000000335e-02,-7.750940000000000434e-03
5.697280000000000313e-04,7.977560000000000207e-02,-1.033459999999999934e-02
5.697920000000000632e-04,6.948200000000000209e-02,-7.750940000000000434e-03
5.698559999999999867e-04,4.117439999999999989e-02,-2.583640000000000329e-03
5.699200000000000186e-04,-7.720219999999999860e-03,-1.033459999999999934e-02
5.699840000000000505e-04,-4.374780000000000335e-02,-1.291824000000000097e-02
5.700480000000000824e-04,-7.462879999999999514e-02,0.000000000000000000e+00
5.701120000000000059e-04,-8.749579999999999858e-02,-1.291824000000000097e-02
5.701760000000000378e-04,-6.176179999999999864e-02,-7.750940000000000434e-03
5.702400000000000697e-04,-2.058719999999999994e-02,-1.550189999999999901e-02
5.703039999999999932e-04,1.286701999999999985e-02,-7.750940000000000434e-03
5.703680000000000251e-04,5.404159999999999520e-02,-5.167299999999999671e-03
5.704320000000000571e-04,6.433519999999999517e-02,-1.291824000000000097e-02
5.704960000000000890e-04,4.117439999999999989e-02,-1.033459999999999934e-02
5.705600000000000125e-04,2.573399999999999993e-03,-7.750940000000000434e-03
5.706240000000000444e-04,-4.889480000000000215e-02,-5.167299999999999671e-03
5.706880000000000763e-04,-8.492239999999999511e-02,-1.033459999999999934e-02
5.707519999999999998e-04,-9.264259999999999162e-02,-1.291824000000000097e-02
5.708160000000000317e-04,-6.433519999999999517e-02,-1.550189999999999901e-02
5.708800000000000636e-04,-2.058719999999999994e-02,-1.033459999999999934e-02
5.709439999999999871e-04,3.345420000000000338e-02,-7.750940000000000434e-03
5.710080000000000190e-04,4.889480000000000215e-02,-1.808554000000000064e-02
5.710720000000000509e-04,5.404159999999999520e-02,-1.550189999999999901e-02
5.711360000000000828e-04,3.088079999999999992e-02,-1.033459999999999934e-02
5.712000000000000063e-04,-1.029361999999999985e-02,-7.750940000000000434e-03
5.712640000000000383e-04,-6.433519999999999517e-02,-1.291824000000000097e-02
5.713280000000000702e-04,-9.521599999999999508e-02,-1.291824000000000097e-02
5.713919999999999937e-04,-9.006920000000000204e-02,-1.550189999999999901e-02
5.714560000000000256e-04,-5.146819999999999867e-02,-1.033459999999999934e-02
5.715200000000000575e-04,1.544043999999999972e-02,-2.066919999999999868e-02
5.715840000000000894e-04,7.977560000000000207e-02,-1.550189999999999901e-02
5.716480000000000129e-04,1.158031999999999950e-01,-1.550189999999999901e-02
5.717120000000000448e-04,9.778939999999999855e-02,-1.550189999999999901e-02
5.717760000000000767e-04,1.286701999999999985e-02,-1.550189999999999901e-02
5.718400000000000002e-04,-8.492239999999999511e-02,-1.550189999999999901e-02
5.719040000000000321e-04,-1.775650000000000284e-01,-2.066919999999999868e-02
5.719680000000000640e-04,-1.878586000000000145e-01,-1.550189999999999901e-02
5.720319999999999875e-04,-1.260968000000000089e-01,-2.325279999999999708e-02
5.720960000000000194e-04,-2.058719999999999994e-02,-1.550189999999999901e-02
5.721600000000000514e-04,8.749579999999999858e-02,-1.291824000000000097e-02
5.722240000000000833e-04,1.646980000000000111e-01,-1.550189999999999901e-02
5.722880000000000068e-04,1.904319999999999902e-01,-1.033459999999999934e-02
5.723520000000000387e-04,1.518309999999999937e-01,-1.291824000000000097e-02
5.724160000000000706e-04,4.117439999999999989e-02,-1.291824000000000097e-02
5.724799999999999941e-04,-1.055095999999999951e-01,-1.033459999999999934e-02
5.725440000000000260e-04,-2.187400000000000178e-01,-1.550189999999999901e-02
5.726080000000000579e-04,-2.470459999999999878e-01,-1.808554000000000064e-02
5.726720000000000898e-04,-1.904319999999999902e-01,-7.750940000000000434e-03
5.727360000000000133e-04,-9.006920000000000204e-02,-1.550189999999999901e-02
5.728000000000000452e-04,4.117439999999999989e-02,-1.550189999999999901e-02
5.728640000000000771e-04,1.492575999999999903e-01,-1.808554000000000064e-02
5.729280000000000006e-04,2.161659999999999970e-01,-1.291824000000000097e-02
5.729920000000000326e-04,1.930054000000000214e-01,-1.291824000000000097e-02
5.730560000000000645e-04,9.521599999999999508e-02,-1.033459999999999934e-02
5.731199999999999880e-04,-4.374780000000000335e-02,-1.033459999999999934e-02
5.731840000000000199e-04,-1.569778000000000007e-01,-2.325279999999999708e-02
5.732480000000000518e-04,-2.084460000000000202e-01,-1.808554000000000064e-02
5.733120000000000837e-04,-1.801384000000000041e-01,-1.808554000000000064e-02
5.733760000000000072e-04,-1.055095999999999951e-01,-1.808554000000000064e-02
5.734400000000000391e-04,-7.720219999999999860e-03,-1.291824000000000097e-02
5.735040000000000710e-04,8.492239999999999511e-02,-1.291824000000000097e-02
5.735679999999999945e-04,1.260968000000000089e-01,-2.583640000000000329e-03
5.736320000000000264e-04,1.209500000000000020e-01,-1.033459999999999934e-02
5.736960000000000583e-04,6.948200000000000209e-02,-1.550189999999999901e-02
5.737599999999999818e-04,-2.573399999999999993e-03,-1.291824000000000097e-02
5.738240000000000137e-04,-7.720219999999999860e-02,-1.033459999999999934e-02
5.738880000000000457e-04,-1.029362000000000055e-01,-1.808554000000000064e-02
5.739520000000000776e-04,-1.132297999999999916e-01,-1.550189999999999901e-02
5.740160000000000011e-04,-7.205539999999999168e-02,-1.808554000000000064e-02
5.740800000000000330e-04,-1.801383999999999971e-02,-1.550189999999999901e-02
5.741440000000000649e-04,3.602759999999999990e-02,-1.291824000000000097e-02
5.742079999999999884e-04,6.433519999999999517e-02,-1.033459999999999934e-02
5.742720000000000203e-04,6.690859999999999863e-02,-1.291824000000000097e-02
5.743360000000000522e-04,2.316059999999999994e-02,-1.291824000000000097e-02
5.744000000000000841e-04,-1.801383999999999971e-02,-1.291824000000000097e-02
5.744640000000000076e-04,-6.433519999999999517e-02,-1.808554000000000064e-02
5.745280000000000395e-04,-9.006920000000000204e-02,-1.033459999999999934e-02
5.745920000000000714e-04,-8.234900000000000553e-02,-1.033459999999999934e-02
5.746559999999999949e-04,-3.860099999999999643e-02,-1.550189999999999901e-02
5.747200000000000268e-04,5.146819999999999867e-03,-2.066919999999999868e-02
5.747840000000000588e-04,4.374780000000000335e-02,-1.033459999999999934e-02
5.748479999999999823e-04,5.661499999999999866e-02,-1.291824000000000097e-02
5.749120000000000142e-04,4.374780000000000335e-02,-1.291824000000000097e-02
5.749760000000000461e-04,5.146819999999999867e-03,-7.750940000000000434e-03
5.750400000000000780e-04,-4.374780000000000335e-02,-1.550189999999999901e-02
5.751040000000000015e-04,-8.492239999999999511e-02,-1.550189999999999901e-02
5.751680000000000334e-04,-9.264259999999999162e-02,-1.291824000000000097e-02
5.752320000000000653e-04,-6.948200000000000209e-02,-7.750940000000000434e-03
5.752959999999999888e-04,7.720219999999999860e-03,-7.750940000000000434e-03
5.753600000000000207e-04,8.749579999999999858e-02,-1.550189999999999901e-02
5.754240000000000526e-04,1.209500000000000020e-01,-1.033459999999999934e-02
5.754880000000000845e-04,6.176179999999999864e-02,-1.550189999999999901e-02
5.755520000000000080e-04,-6.176179999999999864e-02,-1.550189999999999901e-02
5.756160000000000400e-04,-1.569778000000000007e-01,-1.033459999999999934e-02
5.756800000000000719e-04,-1.595512000000000041e-01,-1.291824000000000097e-02
5.757439999999999954e-04,-7.977560000000000207e-02,-1.550189999999999901e-02
5.758080000000000273e-04,7.720219999999999860e-03,-1.808554000000000064e-02
5.758720000000000592e-04,6.176179999999999864e-02,-1.291824000000000097e-02
5.759359999999999827e-04,1.055095999999999951e-01,-2.066919999999999868e-02
5.760000000000000146e-04,1.312435999999999880e-01,-2.066919999999999868e-02
5.760640000000000465e-04,1.080829999999999985e-01,-1.808554000000000064e-02
5.761280000000000784e-04,2.058719999999999994e-02,-1.033459999999999934e-02
5.761920000000000019e-04,-1.106564000000000020e-01,-1.291824000000000097e-02
5.762560000000000338e-04,-2.135919999999999763e-01,-1.291824000000000097e-02
5.763200000000000657e-04,-2.264599999999999946e-01,-1.291824000000000097e-02
5.763839999999999892e-04,-1.595512000000000041e-01,-7.750940000000000434e-03
5.764480000000000211e-04,-4.117439999999999989e-02,-2.066919999999999868e-02
5.765120000000000531e-04,7.462879999999999514e-02,-1.291824000000000097e-02
5.765760000000000850e-04,1.698447999999999902e-01,-1.291824000000000097e-02
5.766400000000000085e-04,2.110199999999999854e-01,-1.291824000000000097e-02
5.767040000000000404e-04,1.775650000000000284e-01,-1.808554000000000064e-02
5.767680000000000723e-04,4.889480000000000215e-02,-1.550189999999999901e-02
5.768319999999999958e-04,-8.749579999999999858e-02,-1.550189999999999901e-02
5.768960000000000277e-04,-1.827118000000000075e-01,-1.033459999999999934e-02
5.769600000000000596e-04,-2.213120000000000087e-01,-1.550189999999999901e-02
5.770239999999999831e-04,-1.930054000000000214e-01,-1.033459999999999934e-02
5.770880000000000150e-04,-1.158031999999999950e-01,-1.033459999999999934e-02
5.771520000000000469e-04,-1.801383999999999971e-02,-1.033459999999999934e-02
5.772160000000000788e-04,1.029362000000000055e-01,-1.808554000000000064e-02
5.772800000000000023e-04,1.827118000000000075e-01,-2.066919999999999868e-02
5.773440000000000343e-04,1.827118000000000075e-01,-1.550189999999999901e-02
5.774080000000000662e-04,1.106564000000000020e-01,-1.291824000000000097e-02
5.774719999999999897e-04,1.286701999999999985e-02,-1.033459999999999934e-02
5.775360000000000216e-04,-8.492239999999999511e-02,-1.291824000000000097e-02
5.776000000000000535e-04,-1.698447999999999902e-01,-1.808554000000000064e-02
5.776640000000000854e-04,-2.033000000000000085e-01,-1.550189999999999901e-02
5.777280000000000089e-04,-1.646980000000000111e-01,-1.033459999999999934e-02
5.777920000000000408e-04,-6.176179999999999864e-02,-1.550189999999999901e-02
5.778560000000000727e-04,5.918840000000000212e-02,-1.033459999999999934e-02
5.779199999999999962e-04,1.569778000000000007e-01,-1.033459999999999934e-02
5.779840000000000281e-04,1.749915999999999972e-01,-1.550189999999999901e-02
5.780480000000000600e-04,1.158031999999999950e-01,-1.291824000000000097e-02
5.781119999999999835e-04,1.029361999999999985e-02,-1.550189999999999901e-02
5.781760000000000154e-04,-8.492239999999999511e-02,-1.808554000000000064e-02
5.782400000000000474e-04,-1.569778000000000007e-01,-1.033459999999999934e-02
5.783040000000000793e-04,-1.621246000000000076e-01,-1.808554000000000064e-02
5.783680000000000028e-04,-1.106564000000000020e-01,-2.583640000000000329e-03
5.784320000000000347e-04,-7.720219999999999860e-03,-1.033459999999999934e-02
5.784960000000000666e-04,8.492239999999999511e-02,-1.291824000000000097e-02
5.785599999999999901e-04,1.260968000000000089e-01,-7.750940000000000434e-03
5.786240000000000220e-04,1.003628000000000020e-01,-1.550189999999999901e-02
5.786880000000000539e-04,3.602759999999999990e-02,-1.550189999999999901e-02
5.787520000000000858e-04,-4.117439999999999989e-02,-7.750940000000000434e-03
5.788160000000000093e-04,-9.778939999999999855e-02,-1.291824000000000097e-02
5.788800000000000412e-04,-1.080829999999999985e-01,-1.808554000000000064e-02
5.789440000000000731e-04,-7.205539999999999168e-02,-1.033459999999999934e-02
5.790079999999999966e-04,-7.720219999999999860e-03,-7.750940000000000434e-03
5.790720000000000285e-04,4.889480000000000215e-02,-1.808554000000000064e-02
5.791360000000000605e-04,6.948200000000000209e-02,-1.033459999999999934e-02
5.791999999999999840e-04,4.374780000000000335e-02,-5.167299999999999671e-03
5.792640000000000159e-04,-2.573399999999999993e-03,-1.291824000000000097e-02
5.793280000000000478e-04,-3.860099999999999643e-02,-1.033459999999999934e-02
5.793920000000000797e-04,-5.661499999999999866e-02,-7.750940000000000434e-03
5.794560000000000032e-04,-3.602759999999999990e-02,-2.583640000000000329e-03
5.795200000000000351e-04,-2.316059999999999994e-02,-1.291824000000000097e-02
5.795840000000000670e-04,1.286701999999999985e-02,-1.550189999999999901e-02
5.796479999999999905e-04,5.146819999999999867e-02,-1.291824000000000097e-02
5.797120000000000224e-04,5.918840000000000212e-02,-1.033459999999999934e-02
5.797760000000000543e-04,2.058719999999999994e-02,-1.033459999999999934e-02
5.798400000000000862e-04,-4.117439999999999989e-02,-1.033459999999999934e-02
5.799040000000000097e-04,-9.264259999999999162e-02,-1.550189999999999901e-02
5.799680000000000417e-04,-1.003628000000000020e-01,-7.750940000000000434e-03
5.800320000000000736e-04,-5.146819999999999867e-02,-1.033459999999999934e-02
5.800959999999999971e-04,7.720219999999999860e-03,-1.808554000000000064e-02
5.801600000000000290e-04,4.889480000000000215e-02,-1.550189999999999901e-02
5.802240000000000609e-04,5.918840000000000212e-02,-1.291824000000000097e-02
5.802879999999999844e-04,6.176179999999999864e-02,-1.033459999999999934e-02
5.803520000000000163e-04,3.860099999999999643e-02,-1.550189999999999901e-02
5.804160000000000482e-04,-7.720219999999999860e-03,-7.750940000000000434e-03
5.804800000000000801e-04,-4.117439999999999989e-02,-1.033459999999999934e-02
5.805440000000000036e-04,-7.462879999999999514e-02,-1.033459999999999934e-02
5.806080000000000355e-04,-6.690859999999999863e-02,-1.550189999999999901e-02
5.806720000000000674e-04,-5.146819999999999867e-02,-2.583640000000000329e-03
5.807359999999999909e-04,-2.830739999999999992e-02,-7.750940000000000434e-03
5.808000000000000228e-04,5.146819999999999867e-03,-1.033459999999999934e-02
5.808640000000000548e-04,2.058719999999999994e-02,-1.808554000000000064e-02
5.809280000000000867e-04,4.889480000000000215e-02,-7.750940000000000434e-03
5.809920000000000102e-04,6.176179999999999864e-02,-1.550189999999999901e-02
5.810560000000000421e-04,3.345420000000000338e-02,-1.033459999999999934e-02
5.811200000000000740e-04,5.146819999999999867e-03,-7.750940000000000434e-03
5.811839999999999975e-04,-3.088079999999999992e-02,-1.291824000000000097e-02
5.812480000000000294e-04,-6.176179999999999864e-02,-7.750940000000000434e-03
5.813120000000000613e-04,-7.462879999999999514e-02,-7.750940000000000434e-03
5.813759999999999848e-04,-6.948200000000000209e-02,-7.750940000000000434e-03
5.814400000000000167e-04,-4.374780000000000335e-02,-5.167299999999999671e-03
5.815040000000000486e-04,0.000000000000000000e+00,-1.291824000000000097e-02
5.815680000000000805e-04,5.146819999999999867e-02,-1.033459999999999934e-02
5.816320000000000040e-04,6.433519999999999517e-02,-7.750940000000000434e-03
5.816960000000000360e-04,4.632139999999999869e-02,-2.066919999999999868e-02
5.817600000000000679e-04,1.029361999999999985e-02,-1.033459999999999934e-02
5.818239999999999914e-04,-3.860099999999999643e-02,-1.033459999999999934e-02
5.818880000000000233e-04,-7.205539999999999168e-02,-1.291824000000000097e-02
5.819520000000000552e-04,-7.977560000000000207e-02,-1.291824000000000097e-02
5.820160000000000871e-04,-5.404159999999999520e-02,-1.291824000000000097e-02
5.820800000000000106e-04,-1.544043999999999972e-02,-1.033459999999999934e-02
5.821440000000000425e-04,3.602759999999999990e-02,-1.033459999999999934e-02
5.822080000000000744e-04,6.176179999999999864e-02,-1.033459999999999934e-02
5.822719999999999979e-04,5.404159999999999520e-02,-1.291824000000000097e-02
5.823360000000000298e-04,2.316059999999999994e-02,-1.291824000000000097e-02
5.824000000000000617e-04,-2.830739999999999992e-02,-1.550189999999999901e-02
5.824639999999999852e-04,-5.918840000000000212e-02,-5.167299999999999671e-03
5.825280000000000171e-04,-6.948200000000000209e-02,-1.550189999999999901e-02
5.825920000000000491e-04,-5.404159999999999520e-02,-1.550189999999999901e-02
5.826560000000000810e-04,-2.058719999999999994e-02,-1.550189999999999901e-02
5.827200000000000045e-04,1.286701999999999985e-02,-1.550189999999999901e-02
5.827840000000000364e-04,4.889480000000000215e-02,-1.291824000000000097e-02
5.828480000000000683e-04,3.860099999999999643e-02,-1.550189999999999901e-02
5.829119999999999918e-04,1.286701999999999985e-02,-1.033459999999999934e-02
5.829760000000000237e-04,-2.316059999999999994e-02,-1.033459999999999934e-02
5.830400000000000556e-04,-5.661499999999999866e-02,-1.291824000000000097e-02
5.831040000000000875e-04,-4.632139999999999869e-02,-2.325279999999999708e-02
5.831680000000000110e-04,-3.345420000000000338e-02,-2.583640000000000329e-03
5.832320000000000429e-04,-5.146819999999999867e-03,-1.550189999999999901e-02
5.832960000000000748e-04,2.058719999999999994e-02,-1.291824000000000097e-02
5.833599999999999983e-04,2.058719999999999994e-02,-5.167299999999999671e-03
5.834240000000000302e-04,5.146819999999999867e-03,-1.033459999999999934e-02
5.834880000000000622e-04,-1.029361999999999985e-02,-1.291824000000000097e-02
5.835519999999999857e-04,-3.088079999999999992e-02,-1.808554000000000064e-02
5.836160000000000176e-04,-2.573399999999999993e-02,-7.750940000000000434e-03
5.836800000000000495e-04,-1.801383999999999971e-02,-1.291824000000000097e-02
5.837440000000000814e-04,2.573399999999999993e-03,-2.066919999999999868e-02
5.838080000000000049e-04,1.286701999999999985e-02,-1.550189999999999901e-02
5.838720000000000368e-04,1.029361999999999985e-02,-1.808554000000000064e-02
5.839360000000000687e-04,-1.286701999999999985e-02,-1.808554000000000064e-02
5.839999999999999922e-04,-5.146819999999999867e-03,-1.550189999999999901e-02
5.840640000000000241e-04,-2.830739999999999992e-02,-1.550189999999999901e-02
5.841280000000000560e-04,-3.088079999999999992e-02,-1.291824000000000097e-02
5.841920000000000879e-04,-2.573399999999999993e-02,-1.550189999999999901e-02
5.842560000000000114e-04,-7.720219999999999860e-03,-1.291824000000000097e-02
5.843200000000000434e-04,1.286701999999999985e-02,-1.808554000000000064e-02
5.843840000000000753e-04,0.000000000000000000e+00,-1.808554000000000064e-02
5.844479999999999988e-04,-2.573399999999999993e-03,-2.066919999999999868e-02
5.845120000000000307e-04,-1.801383999999999971e-02,-1.291824000000000097e-02
5.845760000000000626e-04,-3.088079999999999992e-02,-2.325279999999999708e-02
5.846399999999999861e-04,-3.088079999999999992e-02,-7.750940000000000434e-03
5.847040000000000180e-04,-1.801383999999999971e-02,-1.033459999999999934e-02
5.847680000000000499e-04,7.720219999999999860e-03,-1.291824000000000097e-02
5.848320000000000818e-04,7.720219999999999860e-03,-1.550189999999999901e-02
5.848960000000000053e-04,1.029361999999999985e-02,-2.583639999999999895e-02
5.849600000000000372e-04,-1.286701999999999985e-02,-2.066919999999999868e-02
5.850240000000000691e-04,-2.830739999999999992e-02,-1.291824000000000097e-02
5.850879999999999926e-04,-4.889480000000000215e-02,-1.291824000000000097e-02
5.851520000000000245e-04,-2.573399999999999993e-02,-1.550189999999999901e-02
5.852160000000000565e-04,-1.801383999999999971e-02,-2.066919999999999868e-02
5.852800000000000884e-04,2.573399999999999993e-03,-2.066919999999999868e-02
5.853440000000000119e-04,7.720219999999999860e-03,-1.033459999999999934e-02
5.854080000000000438e-04,2.573399999999999993e-03,-1.550189999999999901e-02
5.854720000000000757e-04,-1.029361999999999985e-02,-1.550189999999999901e-02
5.855359999999999992e-04,-2.316059999999999994e-02,-1.550189999999999901e-02
5.856000000000000311e-04,-2.830739999999999992e-02,-1.808554000000000064e-02
5.856640000000000630e-04,-3.345420000000000338e-02,-1.808554000000000064e-02
5.857279999999999865e-04,-1.286701999999999985e-02,-1.033459999999999934e-02
5.857920000000000184e-04,-5.146819999999999867e-03,-1.808554000000000064e-02
5.858560000000000503e-04,1.029361999999999985e-02,-1.291824000000000097e-02
5.859200000000000822e-04,5.146819999999999867e-03,-1.808554000000000064e-02
5.859840000000000057e-04,-7.720219999999999860e-03,-2.583639999999999895e-02
5.860480000000000377e-04,-3.088079999999999992e-02,-2.066919999999999868e-02
5.861120000000000696e-04,-3.860099999999999643e-02,-1.808554000000000064e-02
5.861759999999999931e-04,-3.088079999999999992e-02,-1.291824000000000097e-02
5.862400000000000250e-04,-2.573399999999999993e-02,-1.550189999999999901e-02
5.863040000000000569e-04,-7.720219999999999860e-03,-1.291824000000000097e-02
5.863680000000000888e-04,1.801383999999999971e-02,-1.033459999999999934e-02
5.864320000000000123e-04,1.801383999999999971e-02,-1.291824000000000097e-02
5.864960000000000442e-04,1.286701999999999985e-02,-1.550189999999999901e-02
5.865600000000000761e-04,-1.029361999999999985e-02,-1.808554000000000064e-02
5.866239999999999996e-04,-3.345420000000000338e-02,-1.550189999999999901e-02
5.866880000000000315e-04,-4.117439999999999989e-02,-1.291824000000000097e-02
5.867520000000000634e-04,-3.345420000000000338e-02,-1.808554000000000064e-02
5.868159999999999869e-04,-1.801383999999999971e-02,-2.325279999999999708e-02
5.868800000000000188e-04,-2.573399999999999993e-03,-1.550189999999999901e-02
5.869440000000000508e-04,5.146819999999999867e-03,-2.066919999999999868e-02
5.870080000000000827e-04,1.029361999999999985e-02,-1.808554000000000064e-02
5.870720000000000062e-04,-5.146819999999999867e-03,-5.167299999999999671e-03
5.871360000000000381e-04,-2.316059999999999994e-02,-1.291824000000000097e-02
5.872000000000000700e-04,-3.860099999999999643e-02,-1.550189999999999901e-02
5.872639999999999935e-04,-2.830739999999999992e-02,-1.550189999999999901e-02
5.873280000000000254e-04,-2.316059999999999994e-02,-1.291824000000000097e-02
5.873920000000000573e-04,-1.286701999999999985e-02,-2.325279999999999708e-02
5.874560000000000892e-04,2.573399999999999993e-03,-2.583639999999999895e-02
5.875200000000000127e-04,1.029361999999999985e-02,-1.808554000000000064e-02
5.875840000000000446e-04,0.000000000000000000e+00,-1.808554000000000064e-02
5.876480000000000765e-04,-1.286701999999999985e-02,-1.550189999999999901e-02
5.877120000000000000e-04,-3.345420000000000338e-02,-1.808554000000000064e-02
5.877760000000000319e-04,-3.345420000000000338e-02,-1.550189999999999901e-02
5.878400000000000639e-04,-2.830739999999999992e-02,-1.808554000000000064e-02
5.879039999999999874e-04,-1.029361999999999985e-02,-2.066919999999999868e-02
5.879680000000000193e-04,2.573399999999999993e-03,-1.033459999999999934e-02
5.880320000000000512e-04,1.286701999999999985e-02,-1.808554000000000064e-02
5.880960000000000831e-04,1.029361999999999985e-02,-1.291824000000000097e-02
5.881600000000000066e-04,-7.720219999999999860e-03,-1.550189999999999901e-02
5.882240000000000385e-04,-2.573399999999999993e-02,-1.291824000000000097e-02
5.882880000000000704e-04,-2.573399999999999993e-02,-2.325279999999999708e-02
5.883519999999999939e-04,-2.316059999999999994e-02,-2.066919999999999868e-02
5.884160000000000258e-04,-5.146819999999999867e-03,-1.808554000000000064e-02
5.884800000000000577e-04,-5.146819999999999867e-03,-1.808554000000000064e-02
5.885440000000000896e-04,5.146819999999999867e-03,-1.808554000000000064e-02
5.886080000000000131e-04,-2.573399999999999993e-03,-2.066919999999999868e-02
5.886720000000000451e-04,-1.286701999999999985e-02,-1.808554000000000064e-02
5.887360000000000770e-04,-2.316059999999999994e-02,-7.750940000000000434e-03
5.888000000000000005e-04,-3.602759999999999990e-02,-1.808554000000000064e-02
5.888640000000000324e-04,-3.088079999999999992e-02,-7.750940000000000434e-03
5.889280000000000643e-04,-1.544043999999999972e-02,-2.325279999999999708e-02
5.889919999999999878e-04,-5.146819999999999867e-03,-1.550189999999999901e-02
5.890560000000000197e-04,1.286701999999999985e-02,-1.291824000000000097e-02
5.891200000000000516e-04,1.029361999999999985e-02,-2.066919999999999868e-02
5.891840000000000835e-04,-5.146819999999999867e-03,-1.033459999999999934e-02
5.892480000000000070e-04,-2.573399999999999993e-02,-2.325279999999999708e-02
5.893120000000000389e-04,-3.088079999999999992e-02,-1.291824000000000097e-02
5.893760000000000708e-04,-3.088079999999999992e-02,-1.808554000000000064e-02
5.894399999999999943e-04,-2.058719999999999994e-02,-7.750940000000000434e-03
5.895040000000000262e-04,-1.286701999999999985e-02,-1.291824000000000097e-02
5.895680000000000582e-04,-2.573399999999999993e-03,-1.291824000000000097e-02
5.896320000000000901e-04,2.573399999999999993e-03,-1.291824000000000097e-02
5.896960000000000136e-04,-2.573399999999999993e-03,-1.550189999999999901e-02
5.897600000000000455e-04,-2.058719999999999994e-02,-2.066919999999999868e-02
5.898240000000000774e-04,-2.830739999999999992e-02,-1.550189999999999901e-02
5.898880000000000009e-04,-2.830739999999999992e-02,-1.808554000000000064e-02
5.899520000000000328e-04,-2.573399999999999993e-02,-2.066919999999999868e-02
5.900160000000000647e-04,-1.544043999999999972e-02,-1.550189999999999901e-02
5.900799999999999882e-04,-2.573399999999999993e-03,-1.808554000000000064e-02
5.901440000000000201e-04,2.573399999999999993e-03,-2.066919999999999868e-02
5.902080000000000520e-04,-1.029361999999999985e-02,-1.550189999999999901e-02
5.902720000000000839e-04,-1.286701999999999985e-02,-1.550189999999999901e-02
5.903360000000000074e-04,-2.058719999999999994e-02,-2.325279999999999708e-02
5.904000000000000394e-04,-2.316059999999999994e-02,-1.808554000000000064e-02
5.904640000000000713e-04,-2.058719999999999994e-02,-1.291824000000000097e-02
5.905279999999999948e-04,-1.801383999999999971e-02,-1.550189999999999901e-02
5.905920000000000267e-04,-1.029361999999999985e-02,-1.291824000000000097e-02
5.906560000000000586e-04,-2.573399999999999993e-03,-1.808554000000000064e-02
5.907200000000000905e-04,-7.720219999999999860e-03,-1.033459999999999934e-02
5.907840000000000140e-04,-1.029361999999999985e-02,-1.550189999999999901e-02
5.908480000000000459e-04,-2.316059999999999994e-02,-2.066919999999999868e-02
5.909120000000000778e-04,-2.830739999999999992e-02,-1.291824000000000097e-02
5.909760000000000013e-04,-2.058719999999999994e-02,-1.291824000000000097e-02
5.910400000000000332e-04,-1.544043999999999972e-02,-2.325279999999999708e-02
5.911040000000000651e-04,-1.029361999999999985e-02,-1.033459999999999934e-02
5.911679999999999886e-04,-1.029361999999999985e-02,-1.550189999999999901e-02
5.912320000000000205e-04,-1.544043999999999972e-02,-1.550189999999999901e-02
5.912960000000000525e-04,-1.286701999999999985e-02,-1.291824000000000097e-02
5.913600000000000844e-04,-1.801383999999999971e-02,-1.808554000000000064e-02
5.914240000000000079e-04,-2.058719999999999994e-02,-1.550189999999999901e-02
5.914880000000000398e-04,-2.058719999999999994e-02,-2.325279999999999708e-02
5.915520000000000717e-04,-1.286701999999999985e-02,-1.550189999999999901e-02
5.916159999999999952e-04,-2.573399999999999993e-03,-1.808554000000000064e-02
5.916800000000000271e-04,-1.029361999999999985e-02,-2.066919999999999868e-02
5.917440000000000590e-04,-1.801383999999999971e-02,-1.291824000000000097e-02
5.918080000000000909e-04,-1.801383999999999971e-02,-1.808554000000000064e-02
5.918720000000000144e-04,-1.544043999999999972e-02,-1.808554000000000064e-02
5.919360000000000463e-04,-2.058719999999999994e-02,-2.325279999999999708e-02
5.920000000000000782e-04,-2.573399999999999993e-02,-1.808554000000000064e-02
5.920640000000000017e-04,-7.720219999999999860e-03,-2.325279999999999708e-02
5.921280000000000336e-04,-1.286701999999999985e-02,-2.066919999999999868e-02
5.921920000000000656e-04,5.146819999999999867e-03,-2.066919999999999868e-02
5.922559999999999891e-04,0.000000000000000000e+00,-2.583639999999999895e-02
5.923200000000000210e-04,-2.573399999999999993e-03,-2.583639999999999895e-02
5.923840000000000529e-04,-1.286701999999999985e-02,-1.550189999999999901e-02
5.924480000000000848e-04,-2.573399999999999993e-02,-2.066919999999999868e-02
5.925120000000000083e-04,-2.573399999999999993e-02,-2.066919999999999868e-02
5.925760000000000402e-04,-1.801383999999999971e-02,-1.550189999999999901e-02
5.926400000000000721e-04,2.573399999999999993e-03,-2.066919999999999868e-02
5.927039999999999956e-04,5.146819999999999867e-03,-1.550189999999999901e-02
5.927680000000000275e-04,7.720219999999999860e-03,-1.550189999999999901e-02
5.928320000000000594e-04,-2.573399999999999993e-03,-2.066919999999999868e-02
5.928959999999999829e-04,-7.720219999999999860e-03,-1.550189999999999901e-02
5.929600000000000148e-04,-1.286701999999999985e-02,-2.066919999999999868e-02
5.930240000000000468e-04,-2.058719999999999994e-02,-1.550189999999999901e-02
5.930880000000000787e-04,-1.801383999999999971e-02,-1.291824000000000097e-02
5.931520000000000022e-04,-2.830739999999999992e-02,-1.808554000000000064e-02
5.932160000000000341e-04,-1.544043999999999972e-02,-1.808554000000000064e-02
5.932800000000000660e-04,-2.573399999999999993e-03,-1.550189999999999901e-02
5.933439999999999895e-04,0.000000000000000000e+00,-1.291824000000000097e-02
5.934080000000000214e-04,-2.573399999999999993e-03,-2.583639999999999895e-02
5.934720000000000533e-04,-1.286701999999999985e-02,-1.550189999999999901e-02
5.935360000000000852e-04,-1.286701999999999985e-02,-1.550189999999999901e-02
5.936000000000000087e-04,-7.720219999999999860e-03,-1.291824000000000097e-02
5.936640000000000406e-04,-1.544043999999999972e-02,-1.808554000000000064e-02
5.937280000000000725e-04,-7.720219999999999860e-03,-2.066919999999999868e-02
5.937919999999999960e-04,-1.029361999999999985e-02,-1.291824000000000097e-02
5.938560000000000279e-04,-2.573399999999999993e-03,-1.033459999999999934e-02
5.939200000000000599e-04,-1.286701999999999985e-02,-1.291824000000000097e-02
5.939839999999999834e-04,-1.286701999999999985e-02,-7.750940000000000434e-03
5.940480000000000153e-04,-1.544043999999999972e-02,-1.550189999999999901e-02
5.941120000000000472e-04,-1.286701999999999985e-02,-1.808554000000000064e-02
5.941760000000000791e-04,-7.720219999999999860e-03,-1.808554000000000064e-02
5.942400000000000026e-04,-5.146819999999999867e-03,-1.291824000000000097e-02
5.943040000000000345e-04,0.000000000000000000e+00,-1.550189999999999901e-02
5.943680000000000664e-04,2.573399999999999993e-03,-2.325279999999999708e-02
5.944319999999999899e-04,-7.720219999999999860e-03,-7.750940000000000434e-03
5.944960000000000218e-04,-1.544043999999999972e-02,-1.550189999999999901e-02
5.945600000000000537e-04,-1.286701999999999985e-02,-1.033459999999999934e-02
5.946240000000000856e-04,-2.316059999999999994e-02,-2.066919999999999868e-02
5.946880000000000091e-04,-5.146819999999999867e-03,-1.808554000000000064e-02
5.947520000000000411e-04,-5.146819999999999867e-03,-1.291824000000000097e-02
5.948160000000000730e-04,-7.720219999999999860e-03,-1.550189999999999901e-02
5.948799999999999965e-04,-5.146819999999999867e-03,-1.033459999999999934e-02
5.949440000000000284e-04,-5.146819999999999867e-03,-7.750940000000000434e-03
5.950080000000000603e-04,-7.720219999999999860e-03,-1.550189999999999901e-02
5.950719999999999838e-04,-1.544043999999999972e-02,-1.808554000000000064e-02
5.951360000000000157e-04,-1.286701999999999985e-02,-1.291824000000000097e-02
5.952000000000000476e-04,-1.801383999999999971e-02,-7.750940000000000434e-03
5.952640000000000795e-04,0.000000000000000000e+00,-1.550189999999999901e-02
5.953280000000000030e-04,-5.146819999999999867e-03,-2.066919999999999868e-02
5.953920000000000349e-04,5.146819999999999867e-03,-1.033459999999999934e-02
5.954560000000000668e-04,2.573399999999999993e-03,-1.550189999999999901e-02
5.955199999999999903e-04,-1.544043999999999972e-02,-1.291824000000000097e-02
5.955840000000000222e-04,-1.801383999999999971e-02,-2.325279999999999708e-02
5.956480000000000542e-04,-1.286701999999999985e-02,-1.808554000000000064e-02
5.957120000000000861e-04,-5.146819999999999867e-03,-1.033459999999999934e-02
5.957760000000000096e-04,-5.146819999999999867e-03,-1.550189999999999901e-02
5.958400000000000415e-04,1.029361999999999985e-02,-7.750940000000000434e-03
5.959040000000000734e-04,2.573399999999999993e-03,-5.167299999999999671e-03
5.959679999999999969e-04,-7.720219999999999860e-03,-7.750940000000000434e-03
5.960320000000000288e-04,-1.286701999999999985e-02,-1.291824000000000097e-02
5.960960000000000607e-04,-2.316059999999999994e-02,-7.750940000000000434e-03
5.961599999999999842e-04,-1.544043999999999972e-02,-1.808554000000000064e-02
5.962240000000000161e-04,-1.286701999999999985e-02,-1.291824000000000097e-02
5.962880000000000480e-04,-5.146819999999999867e-03,-1.033459999999999934e-02
5.963520000000000799e-04,5.146819999999999867e-03,-1.291824000000000097e-02
5.964160000000000034e-04,2.573399999999999993e-03,-1.550189999999999901e-02
5.964800000000000353e-04,-2.573399999999999993e-03,-2.583640000000000329e-03
5.965440000000000673e-04,-7.720219999999999860e-03,-2.583640000000000329e-03
5.966079999999999908e-04,-1.029361999999999985e-02,-7.750940000000000434e-03
5.966720000000000227e-04,-1.801383999999999971e-02,-1.550189999999999901e-02
5.967360000000000546e-04,-1.801383999999999971e-02,-1.033459999999999934e-02
5.968000000000000865e-04,-1.286701999999999985e-02,-1.033459999999999934e-02
5.968640000000000100e-04,-1.029361999999999985e-02,-1.033459999999999934e-02
5.969280000000000419e-04,-2.573399999999999993e-03,-1.033459999999999934e-02
5.969920000000000738e-04,-7.720219999999999860e-03,-1.550189999999999901e-02
5.970559999999999973e-04,-2.573399999999999993e-03,-7.750940000000000434e-03
5.971200000000000292e-04,-1.801383999999999971e-02,-1.291824000000000097e-02
5.971840000000000611e-04,-2.573399999999999993e-03,-1.291824000000000097e-02
5.972479999999999846e-04,-7.720219999999999860e-03,-1.033459999999999934e-02
5.973120000000000165e-04,-7.720219999999999860e-03,-7.750940000000000434e-03
5.973760000000000485e-04,-1.029361999999999985e-02,-1.291824000000000097e-02
5.974400000000000804e-04,-7.720219999999999860e-03,-1.033459999999999934e-02
5.975040000000000039e-04,-5.146819999999999867e-03,-1.033459999999999934e-02
5.975680000000000358e-04,-1.029361999999999985e-02,-7.750940000000000434e-03
5.976320000000000677e-04,0.000000000000000000e+00,-2.066919999999999868e-02
5.976959999999999912e-04,-1.029361999999999985e-02,-1.550189999999999901e-02
5.977600000000000231e-04,-1.029361999999999985e-02,-1.033459999999999934e-02
5.978240000000000550e-04,-5.146819999999999867e-03,-1.550189999999999901e-02
5.978880000000000869e-04,-1.286701999999999985e-02,-1.033459999999999934e-02
5.979520000000000104e-04,-5.146819999999999867e-03,-7.750940000000000434e-03
5.980160000000000423e-04,7.720219999999999860e-03,-1.033459999999999934e-02
5.980800000000000742e-04,-2.573399999999999993e-03,-1.808554000000000064e-02
5.981439999999999977e-04,-5.146819999999999867e-03,-1.033459999999999934e-02
5.982080000000000296e-04,-1.544043999999999972e-02,-1.550189999999999901e-02
5.982720000000000616e-04,-1.286701999999999985e-02,-7.750940000000000434e-03
5.983359999999999851e-04,-1.286701999999999985e-02,-7.750940000000000434e-03
5.984000000000000170e-04,-7.720219999999999860e-03,-1.033459999999999934e-02
5.984640000000000489e-04,2.573399999999999993e-03,-1.033459999999999934e-02
5.985280000000000808e-04,2.573399999999999993e-03,-1.033459999999999934e-02
5.985920000000000043e-04,5.146819999999999867e-03,-1.291824000000000097e-02
5.986560000000000362e-04,-7.720219999999999860e-03,-5.167299999999999671e-03
5.987200000000000681e-04,-1.029361999999999985e-02,-1.291824000000000097e-02
5.987839999999999916e-04,-1.544043999999999972e-02,-1.550189999999999901e-02
5.988480000000000235e-04,-1.544043999999999972e-02,-1.550189999999999901e-02
5.989120000000000554e-04,-1.029361999999999985e-02,-1.550189999999999901e-02
5.989760000000000873e-04,0.000000000000000000e+00,-7.750940000000000434e-03
5.990400000000000108e-04,-2.573399999999999993e-03,-1.291824000000000097e-02
5.991040000000000428e-04,-2.573399999999999993e-03,-5.167299999999999671e-03
5.991680000000000747e-04,-1.029361999999999985e-02,-1.033459999999999934e-02
5.992319999999999982e-04,-1.801383999999999971e-02,-5.167299999999999671e-03
5.992960000000000301e-04,-1.544043999999999972e-02,-1.291824000000000097e-02
5.993600000000000620e-04,-1.286701999999999985e-02,-2.066919999999999868e-02
5.994239999999999855e-04,-5.146819999999999867e-03,-1.033459999999999934e-02
5.994880000000000174e-04,-7.720219999999999860e-03,-1.033459999999999934e-02
5.995520000000000493e-04,2.573399999999999993e-03,-2.583640000000000329e-03
5.996160000000000812e-04,-7.720219999999999860e-03,-1.033459999999999934e-02
5.996800000000000047e-04,-5.146819999999999867e-03,-2.325279999999999708e-02
5.997440000000000366e-04,-5.146819999999999867e-03,-1.033459999999999934e-02
5.998080000000000685e-04,-1.801383999999999971e-02,-1.550189999999999901e-02
5.998719999999999920e-04,-2.316059999999999994e-02,-7.750940000000000434e-03
5.999360000000000239e-04,-1.286701999999999985e-02,-1.808554000000000064e-02
6.000000000000000559e-04,-5.146819999999999867e-03,-1.550189999999999901e-02
6.000640000000000878e-04,-2.573399999999999993e-03,-1.808554000000000064e-02
6.001280000000000113e-04,-7.720219999999999860e-03,-1.808554000000000064e-02
6.001920000000000432e-04,-2.573399999999999993e-03,-1.550189999999999901e-02
6.002560000000000751e-04,-5.146819999999999867e-03,-1.550189999999999901e-02
6.003199999999999986e-04,-1.286701999999999985e-02,-1.033459999999999934e-02
6.003840000000000305e-04,-2.058719999999999994e-02,-1.550189999999999901e-02
6.004480000000000624e-04,-1.801383999999999971e-02,-7.750940000000000434e-03
6.005119999999999859e-04,-1.286701999999999985e-02,-7.750940000000000434e-03
6.005760000000000178e-04,-7.720219999999999860e-03,-1.808554000000000064e-02
6.006400000000000497e-04,-5.146819999999999867e-03,-5.167299999999999671e-03
6.007040000000000816e-04,-2.573399999999999993e-03,-7.750940000000000434e-03
6.007680000000000051e-04,-7.720219999999999860e-03,-1.033459999999999934e-02
6.008320000000000371e-04,-1.029361999999999985e-02,-1.033459999999999934e-02
6.008960000000000690e-04,-1.544043999999999972e-02,-5.167299999999999671e-03
6.009599999999999925e-04,-1.286701999999999985e-02,-1.033459999999999934e-02
6.010240000000000244e-04,-1.544043999999999972e-02,-5.167299999999999671e-03
6.010880000000000563e-04,-1.544043999999999972e-02,-5.167299999999999671e-03
6.011520000000000882e-04,0.000000000000000000e+00,-1.033459999999999934e-02
6.012160000000000117e-04,-7.720219999999999860e-03,-7.750940000000000434e-03
6.012800000000000436e-04,-5.146819999999999867e-03,-7.750940000000000434e-03
6.013440000000000755e-04,-5.146819999999999867e-03,-1.550189999999999901e-02
6.014079999999999990e-04,-1.286701999999999985e-02,-2.583640000000000329e-03
6.014720000000000309e-04,-1.029361999999999985e-02,-5.167299999999999671e-03
6.015360000000000628e-04,-1.544043999999999972e-02,-1.291824000000000097e-02
6.015999999999999863e-04,-1.286701999999999985e-02,-1.291824000000000097e-02
6.016640000000000182e-04,-5.146819999999999867e-03,-1.550189999999999901e-02
6.017280000000000502e-04,-1.286701999999999985e-02,-1.033459999999999934e-02
6.017920000000000821e-04,-7.720219999999999860e-03,-1.291824000000000097e-02
6.018560000000000056e-04,-1.029361999999999985e-02,-5.167299999999999671e-03
6.019200000000000375e-04,-1.286701999999999985e-02,-2.066919999999999868e-02
6.019840000000000694e-04,-1.801383999999999971e-02,-1.808554000000000064e-02
6.020479999999999929e-04,-2.058719999999999994e-02,-1.033459999999999934e-02
6.021120000000000248e-04,-1.029361999999999985e-02,-1.550189999999999901e-02
6.021760000000000567e-04,-7.720219999999999860e-03,-1.291824000000000097e-02
6.022400000000000886e-04,-2.573399999999999993e-03,-1.033459999999999934e-02
6.023040000000000121e-04,-1.029361999999999985e-02,-1.550189999999999901e-02
6.023680000000000440e-04,-2.573399999999999993e-03,-1.291824000000000097e-02
6.024320000000000759e-04,-1.029361999999999985e-02,-1.291824000000000097e-02
6.024959999999999994e-04,-1.029361999999999985e-02,-1.033459999999999934e-02
6.025600000000000313e-04,-1.544043999999999972e-02,-7.750940000000000434e-03
6.026240000000000633e-04,-1.286701999999999985e-02,-1.291824000000000097e-02
6.026879999999999868e-04,-2.573399999999999993e-03,-5.167299999999999671e-03
6.027520000000000187e-04,-5.146819999999999867e-03,-7.750940000000000434e-03
6.028160000000000506e-04,-7.720219999999999860e-03,-7.750940000000000434e-03
6.028800000000000825e-04,-1.286701999999999985e-02,-1.033459999999999934e-02
6.029440000000000060e-04,-1.029361999999999985e-02,-1.291824000000000097e-02
6.030080000000000379e-04,-1.029361999999999985e-02,-2.583640000000000329e-03
6.030720000000000698e-04,-1.544043999999999972e-02,-1.550189999999999901e-02
6.031359999999999933e-04,-7.720219999999999860e-03,-1.033459999999999934e-02
6.032000000000000252e-04,-5.146819999999999867e-03,-7.750940000000000434e-03
6.032640000000000571e-04,-1.029361999999999985e-02,-1.550189999999999901e-02
6.033280000000000890e-04,-2.573399999999999993e-03,-1.033459999999999934e-02
6.033920000000000125e-04,-1.286701999999999985e-02,-1.291824000000000097e-02
6.034560000000000445e-04,-1.286701999999999985e-02,-2.066919999999999868e-02
6.035200000000000764e-04,-1.029361999999999985e-02,-1.291824000000000097e-02
6.035839999999999999e-04,-2.058719999999999994e-02,-1.291824000000000097e-02
6.036480000000000318e-04,-1.544043999999999972e-02,-1.033459999999999934e-02
6.037120000000000637e-04,-1.286701999999999985e-02,-7.750940000000000434e-03
6.037759999999999872e-04,-1.029361999999999985e-02,-7.750940000000000434e-03
6.038400000000000191e-04,-5.146819999999999867e-03,-1.033459999999999934e-02
6.039040000000000510e-04,-2.573399999999999993e-03,-1.033459999999999934e-02
6.039680000000000829e-04,-1.286701999999999985e-02,-5.167299999999999671e-03
6.040320000000000064e-04,-1.029361999999999985e-02,-2.583640000000000329e-03
6.040960000000000383e-04,-1.801383999999999971e-02,-1.033459999999999934e-02
6.041600000000000702e-04,-2.573399999999999993e-02,-1.291824000000000097e-02
6.042239999999999937e-04,-1.286701999999999985e-02,-7.750940000000000434e-03
6.042880000000000256e-04,-7.720219999999999860e-03,-1.808554000000000064e-02
6.043520000000000576e-04,-5.146819999999999867e-03,-1.808554000000000064e-02
6.044160000000000895e-04,-5.146819999999999867e-03,-2.325279999999999708e-02
6.044800000000000130e-04,-2.573399999999999993e-03,-1.550189999999999901e-02
6.045440000000000449e-04,-1.801383999999999971e-02,-1.291824000000000097e-02
6.046080000000000768e-04,-2.058719999999999994e-02,-7.750940000000000434e-03
6.046720000000000003e-04,-1.801383999999999971e-02,-1.291824000000000097e-02
6.047360000000000322e-04,-2.316059999999999994e-02,-1.033459999999999934e-02
6.048000000000000641e-04,-1.286701999999999985e-02,-7.750940000000000434e-03
6.048639999999999876e-04,-1.544043999999999972e-02,-1.550189999999999901e-02
6.049280000000000195e-04,-1.544043999999999972e-02,-1.291824000000000097e-02
6.049920000000000514e-04,-7.720219999999999860e-03,-7.750940000000000434e-03
6.050560000000000833e-04,-1.286701999999999985e-02,-1.033459999999999934e-02
6.051200000000000068e-04,-1.544043999999999972e-02,-1.291824000000000097e-02
6.051840000000000388e-04,-2.058719999999999994e-02,-1.550189999999999901e-02
6.052480000000000707e-04,-1.801383999999999971e-02,-1.033459999999999934e-02
6.053119999999999942e-04,-1.286701999999999985e-02,-7.750940000000000434e-03
6.053760000000000261e-04,-1.029361999999999985e-02,-1.808554000000000064e-02
6.054400000000000580e-04,-1.544043999999999972e-02,-1.033459999999999934e-02
6.055040000000000899e-04,-1.286701999999999985e-02,-1.808554000000000064e-02
6.055680000000000134e-04,-7.720219999999999860e-03,-1.291824000000000097e-02
6.056320000000000453e-04,-2.058719999999999994e-02,-1.550189999999999901e-02
6.056960000000000772e-04,-2.058719999999999994e-02,-1.808554000000000064e-02
6.057600000000000007e-04,-2.316059999999999994e-02,-1.033459999999999934e-02
6.058240000000000326e-04,-1.544043999999999972e-02,-1.808554000000000064e-02
6.058880000000000645e-04,-2.058719999999999994e-02,-1.550189999999999901e-02
6.059519999999999880e-04,-1.286701999999999985e-02,-1.808554000000000064e-02
6.060160000000000199e-04,-7.720219999999999860e-03,-1.550189999999999901e-02
6.060800000000000519e-04,-2.058719999999999994e-02,-1.808554000000000064e-02
6.061440000000000838e-04,-1.029361999999999985e-02,-1.808554000000000064e-02
6.062080000000000073e-04,-2.058719999999999994e-02,-1.808554000000000064e-02
6.062720000000000392e-04,-2.058719999999999994e-02,-2.325279999999999708e-02
6.063360000000000711e-04,-2.058719999999999994e-02,-1.291824000000000097e-02
6.063999999999999946e-04,-1.286701999999999985e-02,-1.808554000000000064e-02
6.064640000000000265e-04,-1.029361999999999985e-02,-1.033459999999999934e-02
6.065280000000000584e-04,-5.146819999999999867e-03,-1.550189999999999901e-02
6.065920000000000903e-04,-1.286701999999999985e-02,-1.033459999999999934e-02
6.066560000000000138e-04,-2.058719999999999994e-02,-7.750940000000000434e-03
6.067200000000000457e-04,-1.544043999999999972e-02,-1.291824000000000097e-02
6.067840000000000776e-04,-1.286701999999999985e-02,-5.167299999999999671e-03
6.068480000000000011e-04,-1.801383999999999971e-02,-1.808554000000000064e-02
6.069120000000000330e-04,-1.286701999999999985e-02,-1.808554000000000064e-02
6.069760000000000650e-04,-1.544043999999999972e-02,-1.291824000000000097e-02
6.070399999999999885e-04,-1.801383999999999971e-02,-7.750940000000000434e-03
6.071040000000000204e-04,-1.286701999999999985e-02,-2.066919999999999868e-02
6.071680000000000523e-04,-1.544043999999999972e-02,-1.808554000000000064e-02
6.072320000000000842e-04,-1.286701999999999985e-02,-1.291824000000000097e-02
6.072960000000000077e-04,-1.801383999999999971e-02,-1.291824000000000097e-02
6.073600000000000396e-04,-1.801383999999999971e-02,-2.066919999999999868e-02
6.074240000000000715e-04,-1.801383999999999971e-02,-2.066919999999999868e-02
6.074879999999999950e-04,-1.544043999999999972e-02,-1.291824000000000097e-02
6.075520000000000269e-04,-2.573399999999999993e-03,-1.550189999999999901e-02
6.076160000000000588e-04,-1.029361999999999985e-02,-1.808554000000000064e-02
6.076800000000000907e-04,-5.146819999999999867e-03,-1.291824000000000097e-02
6.077440000000000142e-04,-1.544043999999999972e-02,-7.750940000000000434e-03
6.078080000000000462e-04,-7.720219999999999860e-03,-1.033459999999999934e-02
6.078720000000000781e-04,-1.544043999999999972e-02,-1.808554000000000064e-02
6.079360000000000016e-04,-1.029361999999999985e-02,-1.033459999999999934e-02
6.080000000000000335e-04,-1.286701999999999985e-02,-1.550189999999999901e-02
6.080640000000000654e-04,-1.029361999999999985e-02,-2.066919999999999868e-02
6.081279999999999889e-04,-1.029361999999999985e-02,-2.325279999999999708e-02
6.081920000000000208e-04,-1.544043999999999972e-02,-1.291824000000000097e-02
6.082560000000000527e-04,-1.544043999999999972e-02,-2.583640000000000329e-03
6.083200000000000846e-04,-1.801383999999999971e-02,-1.033459999999999934e-02
6.083840000000000081e-04,-1.801383999999999971e-02,-1.808554000000000064e-02
6.084480000000000400e-04,-2.058719999999999994e-02,-1.808554000000000064e-02
6.085120000000000719e-04,-1.029361999999999985e-02,-1.033459999999999934e-02
6.085759999999999954e-04,-1.286701999999999985e-02,-1.550189999999999901e-02
6.086400000000000273e-04,-1.544043999999999972e-02,-1.291824000000000097e-02
6.087040000000000593e-04,-1.286701999999999985e-02,-1.550189999999999901e-02
6.087680000000000912e-04,-1.544043999999999972e-02,-1.291824000000000097e-02
6.088320000000000147e-04,-1.286701999999999985e-02,-1.808554000000000064e-02
6.088960000000000466e-04,-2.316059999999999994e-02,-1.033459999999999934e-02
6.089600000000000785e-04,-1.286701999999999985e-02,-1.550189999999999901e-02
6.090240000000000020e-04,-1.029361999999999985e-02,-1.033459999999999934e-02
6.090880000000000339e-04,-1.801383999999999971e-02,-1.808554000000000064e-02
6.091520000000000658e-04,-1.286701999999999985e-02,-1.550189999999999901e-02
6.092159999999999893e-04,-2.316059999999999994e-02,-1.550189999999999901e-02
6.092800000000000212e-04,-1.286701999999999985e-02,-1.291824000000000097e-02
6.093440000000000531e-04,-1.286701999999999985e-02,-1.550189999999999901e-02
6.094080000000000850e-04,-2.316059999999999994e-02,-1.033459999999999934e-02
6.094720000000000085e-04,-1.544043999999999972e-02,-1.291824000000000097e-02
6.095360000000000405e-04,-1.286701999999999985e-02,-2.583639999999999895e-02
6.096000000000000724e-04,-7.720219999999999860e-03,-1.808554000000000064e-02
6.096639999999999959e-04,-1.286701999999999985e-02,-1.550189999999999901e-02
6.097280000000000278e-04,-7.720219999999999860e-03,-5.167299999999999671e-03
6.097920000000000597e-04,-1.029361999999999985e-02,-1.291824000000000097e-02
6.098560000000000916e-04,-1.544043999999999972e-02,-1.550189999999999901e-02
6.099200000000000151e-04,-1.286701999999999985e-02,-1.550189999999999901e-02
6.099840000000000470e-04,-7.720219999999999860e-03,-1.550189999999999901e-02
6.100480000000000789e-04,-1.801383999999999971e-02,-1.550189999999999901e-02
6.101120000000000024e-04,-1.286701999999999985e-02,-2.066919999999999868e-02
6.101760000000000343e-04,-1.029361999999999985e-02,-1.808554000000000064e-02
6.102400000000000662e-04,-1.544043999999999972e-02,-1.291824000000000097e-02
6.103039999999999897e-04,-2.058719999999999994e-02,-1.550189999999999901e-02
6.103680000000000216e-04,-1.544043999999999972e-02,-1.550189999999999901e-02
6.104320000000000536e-04,-1.544043999999999972e-02,-2.325279999999999708e-02
6.104960000000000855e-04,-1.286701999999999985e-02,-2.583640000000000329e-03
6.105600000000000090e-04,-1.286701999999999985e-02,-1.033459999999999934e-02
6.106240000000000409e-04,-1.801383999999999971e-02,-1.291824000000000097e-02
6.106880000000000728e-04,-1.544043999999999972e-02,-2.066919999999999868e-02
6.107519999999999963e-04,-1.544043999999999972e-02,-1.808554000000000064e-02
6.108160000000000282e-04,-7.720219999999999860e-03,-7.750940000000000434e-03
6.108800000000000601e-04,-2.316059999999999994e-02,-1.033459999999999934e-02
6.109440000000000920e-04,-2.316059999999999994e-02,-1.550189999999999901e-02
6.110080000000000155e-04,-1.286701999999999985e-02,-7.750940000000000434e-03
6.110720000000000474e-04,-1.544043999999999972e-02,-7.750940000000000434e-03
6.111360000000000793e-04,-1.029361999999999985e-02,-2.066919999999999868e-02
6.112000000000000028e-04,-1.029361999999999985e-02,-1.033459999999999934e-02
6.112640000000000347e-04,-1.544043999999999972e-02,-2.325279999999999708e-02
6.113280000000000667e-04,-2.058719999999999994e-02,-7.750940000000000434e-03
6.113919999999999902e-04,-1.801383999999999971e-02,-1.291824000000000097e-02
6.114560000000000221e-04,-1.544043999999999972e-02,-1.291824000000000097e-02
6.115200000000000540e-04,-2.058719999999999994e-02,-1.550189999999999901e-02
6.115840000000000859e-04,-1.286701999999999985e-02,-1.291824000000000097e-02
6.116480000000000094e-04,-7.720219999999999860e-03,-1.550189999999999901e-02
6.117120000000000413e-04,-1.286701999999999985e-02,-1.550189999999999901e-02
6.117760000000000732e-04,-1.029361999999999985e-02,-1.033459999999999934e-02
6.118399999999999967e-04,-1.286701999999999985e-02,-1.550189999999999901e-02
6.119040000000000286e-04,-1.286701999999999985e-02,-7.750940000000000434e-03
6.119680000000000605e-04,-1.544043999999999972e-02,-1.550189999999999901e-02
6.120319999999999840e-04,-7.720219999999999860e-03,-2.325279999999999708e-02
6.120960000000000159e-04,-1.286701999999999985e-02,-1.291824000000000097e-02
6.121600000000000479e-04,-1.286701999999999985e-02,-1.808554000000000064e-02
6.122240000000000798e-04,-1.544043999999999972e-02,-1.291824000000000097e-02
6.122880000000000033e-04,0.000000000000000000e+00,-1.550189999999999901e-02
6.123520000000000352e-04,-5.146819999999999867e-03,-1.550189999999999901e-02
6.124160000000000671e-04,-1.029361999999999985e-02,-1.550189999999999901e-02
6.124799999999999906e-04,-1.286701999999999985e-02,-1.808554000000000064e-02
6.125440000000000225e-04,-7.720219999999999860e-03,-1.291824000000000097e-02
6.126080000000000544e-04,-1.544043999999999972e-02,-1.808554000000000064e-02
6.126720000000000863e-04,-7.720219999999999860e-03,-1.550189999999999901e-02
6.127360000000000098e-04,-1.544043999999999972e-02,-1.550189999999999901e-02
6.128000000000000417e-04,-2.058719999999999994e-02,-1.550189999999999901e-02
6.128640000000000736e-04,-1.286701999999999985e-02,-7.750940000000000434e-03
6.129279999999999971e-04,-5.146819999999999867e-03,-7.750940000000000434e-03
6.129920000000000290e-04,-1.286701999999999985e-02,-1.550189999999999901e-02
6.130560000000000610e-04,-1.801383999999999971e-02,-1.033459999999999934e-02
6.131199999999999845e-04,-1.286701999999999985e-02,-1.291824000000000097e-02
6.131840000000000164e-04,-1.029361999999999985e-02,-1.808554000000000064e-02
6.132480000000000483e-04,-5.146819999999999867e-03,-1.033459999999999934e-02
6.133120000000000802e-04,-1.029361999999999985e-02,-1.550189999999999901e-02
6.133760000000000037e-04,-2.573399999999999993e-03,-5.167299999999999671e-03
6.134400000000000356e-04,-1.029361999999999985e-02,-1.033459999999999934e-02
6.135040000000000675e-04,-5.146819999999999867e-03,-7.750940000000000434e-03
6.135679999999999910e-04,-1.029361999999999985e-02,-7.750940000000000434e-03
6.136320000000000229e-04,-1.544043999999999972e-02,-2.325279999999999708e-02
6.136960000000000548e-04,-1.286701999999999985e-02,-1.291824000000000097e-02
6.137600000000000867e-04,-5.146819999999999867e-03,-1.033459999999999934e-02
6.138240000000000102e-04,-1.544043999999999972e-02,-1.033459999999999934e-02
6.138880000000000422e-04,-5.146819999999999867e-03,-1.291824000000000097e-02
6.139520000000000741e-04,-1.544043999999999972e-02,-2.066919999999999868e-02
6.140159999999999976e-04,-1.029361999999999985e-02,-1.550189999999999901e-02
6.140800000000000295e-04,-5.146819999999999867e-03,0.000000000000000000e+00
6.141440000000000614e-04,-1.544043999999999972e-02,-1.033459999999999934e-02
6.142079999999999849e-04,-1.286701999999999985e-02,-7.750940000000000434e-03
6.142720000000000168e-04,-5.146819999999999867e-03,-1.291824000000000097e-02
6.143360000000000487e-04,-1.286701999999999985e-02,-1.550189999999999901e-02
6.144000000000000806e-04,-7.720219999999999860e-03,-1.808554000000000064e-02
6.144640000000000041e-04,-1.286701999999999985e-02,-1.291824000000000097e-02
6.145280000000000360e-04,-1.029361999999999985e-02,-1.033459999999999934e-02
6.145920000000000679e-04,-7.720219999999999860e-03,-1.291824000000000097e-02
6.146559999999999914e-04,-1.029361999999999985e-02,-1.550189999999999901e-02
6.147200000000000233e-04,-1.544043999999999972e-02,-1.033459999999999934e-02
6.147840000000000553e-04,-7.720219999999999860e-03,-5.167299999999999671e-03
6.148480000000000872e-04,-1.029361999999999985e-02,-1.550189999999999901e-02
6.149120000000000107e-04,0.000000000000000000e+00,-1.550189999999999901e-02
6.149760000000000426e-04,-7.720219999999999860e-03,-1.033459999999999934e-02
6.150400000000000745e-04,-5.146819999999999867e-03,-1.033459999999999934e-02
6.151039999999999980e-04,-1.286701999999999985e-02,-1.033459999999999934e-02
6.151680000000000299e-04,-1.029361999999999985e-02,-5.167299999999999671e-03
6.152320000000000618e-04,-1.286701999999999985e-02,-1.033459999999999934e-02
6.152959999999999853e-04,-5.146819999999999867e-03,-1.291824000000000097e-02
6.153600000000000172e-04,-1.029361999999999985e-02,-2.583640000000000329e-03
6.154240000000000491e-04,-1.029361999999999985e-02,-1.291824000000000097e-02
6.154880000000000810e-04,-7.720219999999999860e-03,-1.033459999999999934e-02
6.155520000000000045e-04,-7.720219999999999860e-03,-1.291824000000000097e-02
6.156160000000000364e-04,-1.286701999999999985e-02,-1.033459999999999934e-02
6.156800000000000684e-04,-2.573399999999999993e-03,-1.550189999999999901e-02
6.157439999999999919e-04,-7.720219999999999860e-03,-7.750940000000000434e-03
6.158080000000000238e-04,-1.801383999999999971e-02,-1.033459999999999934e-02
6.158720000000000557e-04,-1.029361999999999985e-02,-1.550189999999999901e-02
6.159360000000000876e-04,-1.029361999999999985e-02,-1.808554000000000064e-02
6.160000000000000111e-04,0.000000000000000000e+00,-1.550189999999999901e-02
6.160640000000000430e-04,-5.146819999999999867e-03,-1.550189999999999901e-02
6.161280000000000749e-04,-1.029361999999999985e-02,-7.750940000000000434e-03
6.161919999999999984e-04,-1.029361999999999985e-02,-1.291824000000000097e-02
6.162560000000000303e-04,-1.029361999999999985e-02,-7.750940000000000434e-03
6.163200000000000622e-04,-1.029361999999999985e-02,-7.750940000000000434e-03
6.163839999999999857e-04,-1.029361999999999985e-02,-1.808554000000000064e-02
6.164480000000000176e-04,-2.573399999999999993e-03,-1.033459999999999934e-02
6.165120000000000496e-04,-7.720219999999999860e-03,-1.033459999999999934e-02
6.165760000000000815e-04,-1.029361999999999985e-02,-2.066919999999999868e-02
6.166400000000000050e-04,-5.146819999999999867e-03,-1.291824000000000097e-02
6.167040000000000369e-04,-7.720219999999999860e-03,-1.291824000000000097e-02
6.167680000000000688e-04,-1.286701999999999985e-02,-1.808554000000000064e-02
6.168319999999999923e-04,-1.286701999999999985e-02,-1.291824000000000097e-02
6.168960000000000242e-04,0.000000000000000000e+00,-2.066919999999999868e-02
6.169600000000000561e-04,-1.544043999999999972e-02,-7.750940000000000434e-03
6.170240000000000880e-04,-2.573399999999999993e-03,-1.550189999999999901e-02
6.170880000000000115e-04,-2.573399999999999993e-03,-1.291824000000000097e-02
6.171520000000000434e-04,-5.146819999999999867e-03,-1.291824000000000097e-02
6.172160000000000753e-04,-7.720219999999999860e-03,-1.291824000000000097e-02
6.172799999999999988e-04,-1.029361999999999985e-02,-1.808554000000000064e-02
6.173440000000000307e-04,-1.544043999999999972e-02,-1.550189999999999901e-02
6.174080000000000627e-04,-1.286701999999999985e-02,-5.167299999999999671e-03
6.174719999999999862e-04,-1.029361999999999985e-02,-1.550189999999999901e-02
6.175360000000000181e-04,-1.029361999999999985e-02,-1.291824000000000097e-02
6.176000000000000500e-04,-7.720219999999999860e-03,-2.066919999999999868e-02
6.176640000000000819e-04,-7.720219999999999860e-03,-1.550189999999999901e-02
6.177280000000000054e-04,0.000000000000000000e+00,-1.291824000000000097e-02
6.177920000000000373e-04,-7.720219999999999860e-03,-1.291824000000000097e-02
6.178560000000000692e-04,-1.544043999999999972e-02,-1.033459999999999934e-02
6.179199999999999927e-04,-2.573399999999999993e-03,-1.291824000000000097e-02
6.179840000000000246e-04,-7.720219999999999860e-03,-1.808554000000000064e-02
6.180480000000000565e-04,-1.029361999999999985e-02,-1.550189999999999901e-02
6.181120000000000884e-04,-7.720219999999999860e-03,-1.550189999999999901e-02
6.181760000000000119e-04,-5.146819999999999867e-03,-2.325279999999999708e-02
6.182400000000000439e-04,0.000000000000000000e+00,-2.066919999999999868e-02
6.183040000000000758e-04,-5.146819999999999867e-03,-2.066919999999999868e-02
6.183679999999999993e-04,-5.146819999999999867e-03,-1.291824000000000097e-02
6.184320000000000312e-04,-5.146819999999999867e-03,-1.291824000000000097e-02
6.184960000000000631e-04,-1.029361999999999985e-02,-1.550189999999999901e-02
6.185599999999999866e-04,-7.720219999999999860e-03,-1.033459999999999934e-02
6.186240000000000185e-04,-1.029361999999999985e-02,-1.808554000000000064e-02
6.186880000000000504e-04,-7.720219999999999860e-03,-1.291824000000000097e-02
6.187520000000000823e-04,-7.720219999999999860e-03,-2.325279999999999708e-02
6.188160000000000058e-04,-1.544043999999999972e-02,-2.325279999999999708e-02
6.188800000000000377e-04,-1.029361999999999985e-02,-1.808554000000000064e-02
6.189440000000000696e-04,-1.029361999999999985e-02,-7.750940000000000434e-03
6.190079999999999931e-04,-2.573399999999999993e-03,-1.550189999999999901e-02
6.190720000000000250e-04,-2.573399999999999993e-03,-1.550189999999999901e-02
6.191360000000000570e-04,-5.146819999999999867e-03,-1.033459999999999934e-02
6.192000000000000889e-04,-5.146819999999999867e-03,-1.291824000000000097e-02
6.192640000000000124e-04,-1.544043999999999972e-02,-1.033459999999999934e-02
6.193280000000000443e-04,-1.029361999999999985e-02,-1.033459999999999934e-02
6.193920000000000762e-04,-1.544043999999999972e-02,-1.291824000000000097e-02
6.194559999999999997e-04,-5.146819999999999867e-03,-7.750940000000000434e-03
6.195200000000000316e-04,-2.058719999999999994e-02,-1.033459999999999934e-02
6.195840000000000635e-04,-1.544043999999999972e-02,-1.291824000000000097e-02
6.196479999999999870e-04,-5.146819999999999867e-03,-1.291824000000000097e-02
6.197120000000000189e-04,-1.029361999999999985e-02,-1.291824000000000097e-02
6.197760000000000508e-04,-5.146819999999999867e-03,-2.583640000000000329e-03
6.198400000000000827e-04,-1.286701999999999985e-02,-1.291824000000000097e-02
6.199040000000000062e-04,-1.029361999999999985e-02,-1.550189999999999901e-02
6.199680000000000381e-04,-1.801383999999999971e-02,-1.808554000000000064e-02
6.200320000000000701e-04,-1.801383999999999971e-02,-2.325279999999999708e-02
6.200959999999999936e-04,-1.286701999999999985e-02,-5.167299999999999671e-03
6.201600000000000255e-04,-1.801383999999999971e-02,-1.291824000000000097e-02
6.202240000000000574e-04,-1.029361999999999985e-02,-7.750940000000000434e-03
6.202880000000000893e-04,-1.286701999999999985e-02,-1.291824000000000097e-02
6.203520000000000128e-04,-1.544043999999999972e-02,-1.550189999999999901e-02
6.204160000000000447e-04,-1.544043999999999972e-02,-7.750940000000000434e-03
6.204800000000000766e-04,-1.544043999999999972e-02,-2.066919999999999868e-02
6.205440000000000001e-04,-1.544043999999999972e-02,-1.550189999999999901e-02
6.206080000000000320e-04,-2.830739999999999992e-02,-1.291824000000000097e-02
6.206720000000000639e-04,-1.286701999999999985e-02,-1.291824000000000097e-02
6.207359999999999874e-04,-1.544043999999999972e-02,-1.808554000000000064e-02
6.208000000000000193e-04,-1.029361999999999985e-02,-1.808554000000000064e-02
6.208640000000000513e-04,-2.058719999999999994e-02,-7.750940000000000434e-03
6.209280000000000832e-04,-1.029361999999999985e-02,-1.550189999999999901e-02
6.209920000000000067e-04,-1.029361999999999985e-02,-1.808554000000000064e-02
6.210560000000000386e-04,-1.801383999999999971e-02,-1.033459999999999934e-02
6.211200000000000705e-04,-1.029361999999999985e-02,-1.033459999999999934e-02
6.211839999999999940e-04,-1.286701999999999985e-02,-1.808554000000000064e-02
6.212480000000000259e-04,-1.544043999999999972e-02,-2.066919999999999868e-02
6.213120000000000578e-04,-7.720219999999999860e-03,-1.291824000000000097e-02
6.213760000000000897e-04,-7.720219999999999860e-03,-1.291824000000000097e-02
6.214400000000000132e-04,-1.544043999999999972e-02,-1.550189999999999901e-02
6.215040000000000451e-04,-1.029361999999999985e-02,-1.291824000000000097e-02
6.215680000000000770e-04,-7.720219999999999860e-03,-1.291824000000000097e-02
6.216320000000000005e-04,-1.029361999999999985e-02,-1.291824000000000097e-02
6.216960000000000324e-04,-1.029361999999999985e-02,-7.750940000000000434e-03
6.217600000000000644e-04,-1.286701999999999985e-02,-1.033459999999999934e-02
6.218239999999999879e-04,-1.286701999999999985e-02,-2.066919999999999868e-02
6.218880000000000198e-04,-7.720219999999999860e-03,-1.808554000000000064e-02
6.219520000000000517e-04,-1.286701999999999985e-02,-1.808554000000000064e-02
6.220160000000000836e-04,-1.286701999999999985e-02,-1.808554000000000064e-02
6.220800000000000071e-04,-1.286701999999999985e-02,-1.808554000000000064e-02
6.221440000000000390e-04,-7.720219999999999860e-03,-1.808554000000000064e-02
6.222080000000000709e-04,-1.029361999999999985e-02,-1.550189999999999901e-02
6.222719999999999944e-04,-1.029361999999999985e-02,-1.550189999999999901e-02
6.223360000000000263e-04,-1.029361999999999985e-02,-1.291824000000000097e-02
6.224000000000000582e-04,-1.544043999999999972e-02,-1.808554000000000064e-02
6.224640000000000901e-04,-1.286701999999999985e-02,-1.550189999999999901e-02
6.225280000000000136e-04,-1.544043999999999972e-02,-2.066919999999999868e-02
6.225920000000000456e-04,-1.544043999999999972e-02,-1.033459999999999934e-02
6.226560000000000775e-04,-1.544043999999999972e-02,-1.808554000000000064e-02
6.227200000000000010e-04,-1.286701999999999985e-02,-1.808554000000000064e-02
6.227840000000000329e-04,-1.029361999999999985e-02,-2.325279999999999708e-02
6.228480000000000648e-04,-1.029361999999999985e-02,-1.808554000000000064e-02
6.229119999999999883e-04,-5.146819999999999867e-03,-1.033459999999999934e-02
6.229760000000000202e-04,-1.029361999999999985e-02,-1.808554000000000064e-02
6.230400000000000521e-04,-1.286701999999999985e-02,-1.808554000000000064e-02
6.231040000000000840e-04,-2.316059999999999994e-02,-1.291824000000000097e-02
6.231680000000000075e-04,-1.544043999999999972e-02,-1.033459999999999934e-02
6.232320000000000394e-04,-2.058719999999999994e-02,-1.550189999999999901e-02
6.232960000000000713e-04,-1.544043999999999972e-02,-2.325279999999999708e-02
6.233599999999999948e-04,-7.720219999999999860e-03,-1.550189999999999901e-02
6.234240000000000267e-04,-5.146819999999999867e-03,-1.550189999999999901e-02
6.234880000000000587e-04,-7.720219999999999860e-03,-1.550189999999999901e-02
6.235520000000000906e-04,-1.544043999999999972e-02,-2.325279999999999708e-02
6.236160000000000141e-04,-2.316059999999999994e-02,-1.808554000000000064e-02
6.236800000000000460e-04,-2.058719999999999994e-02,-1.550189999999999901e-02
6.237440000000000779e-04,-1.544043999999999972e-02,-1.550189999999999901e-02
6.238080000000000014e-04,-1.801383999999999971e-02,-1.550189999999999901e-02
6.238720000000000333e-04,-1.801383999999999971e-02,-7.750940000000000434e-03
6.239360000000000652e-04,-1.286701999999999985e-02,-1.808554000000000064e-02
6.239999999999999887e-04,-2.573399999999999993e-03,-2.066919999999999868e-02
6.240640000000000206e-04,-1.286701999999999985e-02,-1.808554000000000064e-02
6.241280000000000525e-04,-1.544043999999999972e-02,-1.550189999999999901e-02
6.241920000000000844e-04,-1.544043999999999972e-02,-1.550189999999999901e-02
6.242560000000000079e-04,-1.286701999999999985e-02,-1.550189999999999901e-02
6.243200000000000398e-04,-1.029361999999999985e-02,-2.583639999999999895e-02
6.243840000000000718e-04,-1.029361999999999985e-02,-1.291824000000000097e-02
6.244479999999999953e-04,-1.286701999999999985e-02,-1.550189999999999901e-02
6.245120000000000272e-04,-1.286701999999999985e-02,-2.066919999999999868e-02
6.245760000000000591e-04,-1.801383999999999971e-02,-1.291824000000000097e-02
6.246400000000000910e-04,-1.544043999999999972e-02,-1.550189999999999901e-02
6.247040000000000145e-04,-1.544043999999999972e-02,-1.291824000000000097e-02
6.247680000000000464e-04,-2.316059999999999994e-02,-1.291824000000000097e-02
6.248320000000000783e-04,-1.286701999999999985e-02,-1.550189999999999901e-02
6.248960000000000018e-04,-1.544043999999999972e-02,-1.033459999999999934e-02
6.249600000000000337e-04,-1.029361999999999985e-02,-1.550189999999999901e-02
6.250240000000000656e-04,-1.544043999999999972e-02,-7.750940000000000434e-03
6.250879999999999891e-04,-1.029361999999999985e-02,-1.033459999999999934e-02
6.251520000000000210e-04,-5.146819999999999867e-03,-1.291824000000000097e-02
6.252160000000000530e-04,-1.544043999999999972e-02,-1.550189999999999901e-02
6.252800000000000849e-04,-2.058719999999999994e-02,-1.550189999999999901e-02
6.253440000000000084e-04,-1.029361999999999985e-02,-1.808554000000000064e-02
6.254080000000000403e-04,-5.146819999999999867e-03,-1.808554000000000064e-02
6.254720000000000722e-04,-1.286701999999999985e-02,-1.550189999999999901e-02
6.255359999999999957e-04,-1.029361999999999985e-02,-1.550189999999999901e-02
6.256000000000000276e-04,-1.029361999999999985e-02,-1.808554000000000064e-02
6.256640000000000595e-04,-1.029361999999999985e-02,-2.066919999999999868e-02
6.257280000000000914e-04,-1.029361999999999985e-02,-1.808554000000000064e-02
6.257920000000000149e-04,-1.544043999999999972e-02,-1.291824000000000097e-02
6.258560000000000468e-04,-1.544043999999999972e-02,-1.550189999999999901e-02
6.259200000000000787e-04,-1.286701999999999985e-02,-1.291824000000000097e-02
6.259840000000000022e-04,-1.029361999999999985e-02,-1.550189999999999901e-02
6.260480000000000341e-04,-1.029361999999999985e-02,-1.550189999999999901e-02
6.261120000000000661e-04,-7.720219999999999860e-03,-1.550189999999999901e-02
6.261759999999999896e-04,-1.544043999999999972e-02,-1.033459999999999934e-02
6.262400000000000215e-04,-1.286701999999999985e-02,-1.033459999999999934e-02
6.263040000000000534e-04,-1.286701999999999985e-02,-2.583640000000000329e-03
6.263680000000000853e-04,-1.801383999999999971e-02,-1.291824000000000097e-02
6.264320000000000088e-04,-5.146819999999999867e-03,-2.325279999999999708e-02
6.264960000000000407e-04,-1.029361999999999985e-02,-1.291824000000000097e-02
6.265600000000000726e-04,-1.286701999999999985e-02,-1.808554000000000064e-02
6.266239999999999961e-04,-1.544043999999999972e-02,-7.750940000000000434e-03
6.266880000000000280e-04,-1.029361999999999985e-02,-1.291824000000000097e-02
6.267520000000000599e-04,-1.286701999999999985e-02,-1.550189999999999901e-02
6.268160000000000918e-04,-7.720219999999999860e-03,-2.066919999999999868e-02
6.268800000000000153e-04,-1.544043999999999972e-02,-7.750940000000000434e-03
6.269440000000000473e-04,-1.029361999999999985e-02,-7.750940000000000434e-03
6.270080000000000792e-04,-1.029361999999999985e-02,-1.033459999999999934e-02
6.270720000000000027e-04,-1.286701999999999985e-02,-1.033459999999999934e-02
6.271360000000000346e-04,-1.029361999999999985e-02,-1.033459999999999934e-02
6.272000000000000665e-04,-1.801383999999999971e-02,-1.550189999999999901e-02
6.272639999999999900e-04,-1.544043999999999972e-02,-2.066919999999999868e-02
6.273280000000000219e-04,-2.316059999999999994e-02,-2.066919999999999868e-02
6.273920000000000538e-04,-1.544043999999999972e-02,-1.808554000000000064e-02
6.274560000000000857e-04,-1.544043999999999972e-02,-1.808554000000000064e-02
6.275200000000000092e-04,-7.720219999999999860e-03,-5.167299999999999671e-03
6.275840000000000411e-04,-1.029361999999999985e-02,-1.033459999999999934e-02
6.276480000000000730e-04,-7.720219999999999860e-03,-5.167299999999999671e-03
6.277119999999999965e-04,-5.146819999999999867e-03,-1.550189999999999901e-02
6.277760000000000284e-04,-1.029361999999999985e-02,-1.291824000000000097e-02
6.278400000000000604e-04,-1.286701999999999985e-02,-1.291824000000000097e-02
6.279040000000000923e-04,-1.286701999999999985e-02,-1.291824000000000097e-02
6.279680000000000158e-04,-1.544043999999999972e-02,-1.291824000000000097e-02
6.280320000000000477e-04,-1.029361999999999985e-02,-1.033459999999999934e-02
6.280960000000000796e-04,-7.720219999999999860e-03,-1.033459999999999934e-02
6.281600000000000031e-04,-1.544043999999999972e-02,-7.750940000000000434e-03
6.282240000000000350e-04,-5.146819999999999867e-03,-1.033459999999999934e-02
6.282880000000000669e-04,-5.146819999999999867e-03,-7.750940000000000434e-03
6.283519999999999904e-04,-1.286701999999999985e-02,-1.808554000000000064e-02
6.284160000000000223e-04,-1.286701999999999985e-02,-1.291824000000000097e-02
6.284800000000000542e-04,-7.720219999999999860e-03,-1.550189999999999901e-02
6.285440000000000861e-04,-1.544043999999999972e-02,-7.750940000000000434e-03
6.286080000000000096e-04,-1.029361999999999985e-02,-5.167299999999999671e-03
6.286720000000000416e-04,-7.720219999999999860e-03,-1.033459999999999934e-02
6.287360000000000735e-04,-1.029361999999999985e-02,-1.550189999999999901e-02
6.287999999999999970e-04,-5.146819999999999867e-03,-1.033459999999999934e-02
6.288640000000000289e-04,-1.029361999999999985e-02,-1.291824000000000097e-02
6.289280000000000608e-04,-7.720219999999999860e-03,-1.291824000000000097e-02
6.289920000000000927e-04,-2.573399999999999993e-03,-5.167299999999999671e-03
6.290560000000000162e-04,-5.146819999999999867e-03,-7.750940000000000434e-03
6.291200000000000481e-04,-1.286701999999999985e-02,-1.033459999999999934e-02
6.291840000000000800e-04,-7.720219999999999860e-03,-1.291824000000000097e-02
6.292480000000000035e-04,-7.720219999999999860e-03,2.583640000000000329e-03
6.293120000000000354e-04,-7.720219999999999860e-03,-2.066919999999999868e-02
6.293760000000000673e-04,-1.544043999999999972e-02,-7.750940000000000434e-03
6.294399999999999908e-04,-7.720219999999999860e-03,-1.033459999999999934e-02
6.295040000000000227e-04,-7.720219999999999860e-03,-7.750940000000000434e-03
6.295680000000000547e-04,-1.286701999999999985e-02,-1.291824000000000097e-02
6.296320000000000866e-04,-5.146819999999999867e-03,-1.033459999999999934e-02
6.296960000000000101e-04,-1.029361999999999985e-02,-7.750940000000000434e-03
6.297600000000000420e-04,-7.720219999999999860e-03,-1.033459999999999934e-02
6.298240000000000739e-04,-1.286701999999999985e-02,-1.291824000000000097e-02
6.298879999999999974e-04,-7.720219999999999860e-03,-1.291824000000000097e-02
6.299520000000000293e-04,-5.146819999999999867e-03,-1.033459999999999934e-02
6.300160000000000612e-04,-7.720219999999999860e-03,-1.291824000000000097e-02
6.300800000000000931e-04,-7.720219999999999860e-03,-7.750940000000000434e-03
6.301440000000000166e-04,-1.544043999999999972e-02,-7.750940000000000434e-03
6.302080000000000485e-04,5.146819999999999867e-03,-1.291824000000000097e-02
6.302720000000000804e-04,-1.029361999999999985e-02,-5.167299999999999671e-03
6.303360000000000039e-04,-7.720219999999999860e-03,-1.033459999999999934e-02
6.304000000000000358e-04,-5.146819999999999867e-03,-7.750940000000000434e-03
6.304640000000000678e-04,-1.801383999999999971e-02,-1.291824000000000097e-02
6.305279999999999913e-04,-1.029361999999999985e-02,-1.291824000000000097e-02
6.305920000000000232e-04,-7.720219999999999860e-03,-7.750940000000000434e-03
6.306560000000000551e-04,0.000000000000000000e+00,-1.550189999999999901e-02
6.307200000000000870e-04,-7.720219999999999860e-03,-1.033459999999999934e-02
6.307840000000000105e-04,-5.146819999999999867e-03,-7.750940000000000434e-03
6.308480000000000424e-04,0.000000000000000000e+00,-1.033459999999999934e-02
6.309120000000000743e-04,-5.146819999999999867e-03,-7.750940000000000434e-03
6.309759999999999978e-04,-7.720219999999999860e-03,-1.033459999999999934e-02
6.310400000000000297e-04,-1.029361999999999985e-02,-7.750940000000000434e-03
6.311040000000000616e-04,-7.720219999999999860e-03,-1.291824000000000097e-02
6.311679999999999851e-04,-2.573399999999999993e-03,-1.291824000000000097e-02
6.312320000000000170e-04,5.146819999999999867e-03,-2.583640000000000329e-03
6.312960000000000490e-04,0.000000000000000000e+00,-1.033459999999999934e-02
6.313600000000000809e-04,-2.573399999999999993e-03,-7.750940000000000434e-03
6.314240000000000044e-04,-1.029361999999999985e-02,-1.033459999999999934e-02
6.314880000000000363e-04,-2.573399999999999993e-03,-1.033459999999999934e-02
6.315520000000000682e-04,-7.720219999999999860e-03,-1.808554000000000064e-02
6.316159999999999917e-04,-1.029361999999999985e-02,-1.033459999999999934e-02
6.316800000000000236e-04,-1.029361999999999985e-02,-7.750940000000000434e-03
6.317440000000000555e-04,-2.573399999999999993e-03,-1.291824000000000097e-02
6.318080000000000874e-04,-5.146819999999999867e-03,-7.750940000000000434e-03
6.318720000000000109e-04,-7.720219999999999860e-03,-1.291824000000000097e-02
6.319360000000000428e-04,-2.573399999999999993e-03,-1.291824000000000097e-02
6.320000000000000747e-04,-7.720219999999999860e-03,-1.033459999999999934e-02
6.320639999999999982e-04,-5.146819999999999867e-03,-1.033459999999999934e-02
6.321280000000000301e-04,-5.146819999999999867e-03,-5.167299999999999671e-03
6.321920000000000621e-04,-2.573399999999999993e-03,-7.750940000000000434e-03
6.322559999999999856e-04,0.000000000000000000e+00,-7.750940000000000434e-03
6.323200000000000175e-04,-1.029361999999999985e-02,-1.808554000000000064e-02
6.323840000000000494e-04,-5.146819999999999867e-03,-1.033459999999999934e-02
6.324480000000000813e-04,-5.146819999999999867e-03,-1.033459999999999934e-02
6.325120000000000048e-04,-1.286701999999999985e-02,-1.550189999999999901e-02
6.325760000000000367e-04,-1.029361999999999985e-02,-1.550189999999999901e-02
6.326400000000000686e-04,-5.146819999999999867e-03,-2.583639999999999895e-02
6.327039999999999921e-04,-7.720219999999999860e-03,-1.808554000000000064e-02
6.327680000000000240e-04,-2.573399999999999993e-03,-7.750940000000000434e-03
6.328320000000000559e-04,0.000000000000000000e+00,-1.291824000000000097e-02
6.328960000000000878e-04,-2.573399999999999993e-03,-1.808554000000000064e-02
6.329600000000000113e-04,0.000000000000000000e+00,-5.167299999999999671e-03
6.330240000000000433e-04,-7.720219999999999860e-03,-1.033459999999999934e-02
6.330880000000000752e-04,-7.720219999999999860e-03,-7.750940000000000434e-03
6.331519999999999987e-04,-1.544043999999999972e-02,-7.750940000000000434e-03
6.332160000000000306e-04,-1.029361999999999985e-02,-1.291824000000000097e-02
6.332800000000000625e-04,-5.146819999999999867e-03,-1.808554000000000064e-02
6.333439999999999860e-04,-7.720219999999999860e-03,-1.550189999999999901e-02
6.334080000000000179e-04,0.000000000000000000e+00,-1.033459999999999934e-02
6.334720000000000498e-04,0.000000000000000000e+00,-1.033459999999999934e-02
6.335360000000000817e-04,-7.720219999999999860e-03,-1.291824000000000097e-02
6.336000000000000052e-04,-2.573399999999999993e-03,-1.550189999999999901e-02
6.336640000000000371e-04,0.000000000000000000e+00,-1.291824000000000097e-02
6.337280000000000690e-04,-2.573399999999999993e-03,-1.033459999999999934e-02
6.337919999999999925e-04,-2.573399999999999993e-03,-1.550189999999999901e-02
6.338560000000000244e-04,2.573399999999999993e-03,-1.550189999999999901e-02
6.339200000000000564e-04,-7.720219999999999860e-03,-7.750940000000000434e-03
6.339840000000000883e-04,-2.573399999999999993e-03,-1.808554000000000064e-02
6.340480000000000118e-04,-7.720219999999999860e-03,-1.291824000000000097e-02
6.341120000000000437e-04,-7.720219999999999860e-03,-1.291824000000000097e-02
6.341760000000000756e-04,-1.286701999999999985e-02,-1.550189999999999901e-02
6.342399999999999991e-04,-1.029361999999999985e-02,-1.808554000000000064e-02
6.343040000000000310e-04,-7.720219999999999860e-03,-1.808554000000000064e-02
6.343680000000000629e-04,0.000000000000000000e+00,-1.033459999999999934e-02
6.344319999999999864e-04,-5.146819999999999867e-03,-1.550189999999999901e-02
6.344960000000000183e-04,2.573399999999999993e-03,-1.033459999999999934e-02
6.345600000000000502e-04,-2.573399999999999993e-03,-7.750940000000000434e-03
6.346240000000000821e-04,-7.720219999999999860e-03,-7.750940000000000434e-03
6.346880000000000056e-04,-5.146819999999999867e-03,-1.550189999999999901e-02
6.347520000000000375e-04,-1.029361999999999985e-02,-1.808554000000000064e-02
6.348160000000000695e-04,-7.720219999999999860e-03,-1.808554000000000064e-02
6.348799999999999930e-04,-7.720219999999999860e-03,-1.291824000000000097e-02
6.349440000000000249e-04,-7.720219999999999860e-03,-1.033459999999999934e-02
6.350080000000000568e-04,-2.573399999999999993e-03,-1.550189999999999901e-02
6.350720000000000887e-04,-1.029361999999999985e-02,-1.291824000000000097e-02
6.351360000000000122e-04,-1.029361999999999985e-02,-1.291824000000000097e-02
6.352000000000000441e-04,-1.544043999999999972e-02,-1.550189999999999901e-02
6.352640000000000760e-04,-5.146819999999999867e-03,-5.167299999999999671e-03
6.353279999999999995e-04,-7.720219999999999860e-03,-7.750940000000000434e-03
6.353920000000000314e-04,-1.029361999999999985e-02,-1.033459999999999934e-02
6.354560000000000633e-04,-7.720219999999999860e-03,-5.167299999999999671e-03
6.355199999999999868e-04,-7.720219999999999860e-03,-1.550189999999999901e-02
6.355840000000000187e-04,-7.720219999999999860e-03,-1.291824000000000097e-02
6.356480000000000507e-04,-7.720219999999999860e-03,-1.550189999999999901e-02
6.357120000000000826e-04,-1.286701999999999985e-02,-7.750940000000000434e-03
6.357760000000000061e-04,-5.146819999999999867e-03,-2.066919999999999868e-02
6.358400000000000380e-04,-1.544043999999999972e-02,-1.550189999999999901e-02
6.359040000000000699e-04,-1.544043999999999972e-02,-1.808554000000000064e-02
6.359679999999999934e-04,-1.029361999999999985e-02,-1.808554000000000064e-02
6.360320000000000253e-04,-5.146819999999999867e-03,-7.750940000000000434e-03
6.360960000000000572e-04,-2.573399999999999993e-03,-1.291824000000000097e-02
6.361600000000000891e-04,-5.146819999999999867e-03,-1.291824000000000097e-02
6.362240000000000126e-04,-7.720219999999999860e-03,-2.066919999999999868e-02
6.362880000000000445e-04,-1.286701999999999985e-02,-1.291824000000000097e-02
6.363520000000000764e-04,-1.286701999999999985e-02,-7.750940000000000434e-03
6.364159999999999999e-04,-1.029361999999999985e-02,-1.291824000000000097e-02
6.364800000000000318e-04,-1.544043999999999972e-02,-1.550189999999999901e-02
6.365440000000000638e-04,-1.544043999999999972e-02,-1.291824000000000097e-02
6.366079999999999873e-04,-1.286701999999999985e-02,-2.066919999999999868e-02
6.366720000000000192e-04,-1.801383999999999971e-02,-1.291824000000000097e-02
6.367360000000000511e-04,-1.544043999999999972e-02,-1.550189999999999901e-02
6.368000000000000830e-04,-7.720219999999999860e-03,-2.066919999999999868e-02
6.368640000000000065e-04,-1.029361999999999985e-02,-1.808554000000000064e-02
6.369280000000000384e-04,-1.544043999999999972e-02,-1.808554000000000064e-02
6.369920000000000703e-04,-1.544043999999999972e-02,-5.167299999999999671e-03
6.370559999999999938e-04,-2.573399999999999993e-03,-2.066919999999999868e-02
6.371200000000000257e-04,-7.720219999999999860e-03,-1.808554000000000064e-02
6.371840000000000576e-04,-1.544043999999999972e-02,-1.291824000000000097e-02
6.372480000000000895e-04,-1.029361999999999985e-02,-1.291824000000000097e-02
6.373120000000000130e-04,-1.029361999999999985e-02,-1.291824000000000097e-02
6.373760000000000450e-04,-1.801383999999999971e-02,-1.291824000000000097e-02
6.374400000000000769e-04,-1.029361999999999985e-02,-2.066919999999999868e-02
6.375040000000000004e-04,-1.286701999999999985e-02,-1.550189999999999901e-02
6.375680000000000323e-04,-7.720219999999999860e-03,-2.066919999999999868e-02
6.376320000000000642e-04,-1.544043999999999972e-02,-2.325279999999999708e-02
6.376959999999999877e-04,-1.286701999999999985e-02,-3.358739999999999642e-02
6.377600000000000196e-04,-2.058719999999999994e-02,-1.808554000000000064e-02
6.378240000000000515e-04,-1.544043999999999972e-02,-1.808554000000000064e-02
6.378880000000000834e-04,-1.544043999999999972e-02,-1.808554000000000064e-02
6.379520000000000069e-04,-1.286701999999999985e-02,-1.808554000000000064e-02
6.380160000000000388e-04,-1.029361999999999985e-02,-1.291824000000000097e-02
6.380800000000000707e-04,-1.544043999999999972e-02,-1.550189999999999901e-02
6.381439999999999942e-04,-7.720219999999999860e-03,-1.808554000000000064e-02
6.382080000000000261e-04,-1.029361999999999985e-02,-1.291824000000000097e-02
6.382720000000000581e-04,-1.286701999999999985e-02,-1.033459999999999934e-02
6.383360000000000900e-04,-5.146819999999999867e-03,-1.808554000000000064e-02
6.384000000000000135e-04,-1.801383999999999971e-02,-1.291824000000000097e-02
6.384640000000000454e-04,-1.544043999999999972e-02,-1.291824000000000097e-02
6.385280000000000773e-04,-1.029361999999999985e-02,-1.550189999999999901e-02
6.385920000000000008e-04,-1.286701999999999985e-02,-2.066919999999999868e-02
6.386560000000000327e-04,-1.286701999999999985e-02,-1.550189999999999901e-02
6.387200000000000646e-04,-1.801383999999999971e-02,-2.066919999999999868e-02
6.387839999999999881e-04,-1.544043999999999972e-02,-1.808554000000000064e-02
6.388480000000000200e-04,-7.720219999999999860e-03,-1.291824000000000097e-02
6.389120000000000519e-04,-1.544043999999999972e-02,-1.808554000000000064e-02
6.389760000000000838e-04,-1.286701999999999985e-02,-1.033459999999999934e-02
6.390400000000000073e-04,-1.029361999999999985e-02,-2.066919999999999868e-02
6.391040000000000392e-04,-1.029361999999999985e-02,-1.808554000000000064e-02
6.391680000000000712e-04,-2.058719999999999994e-02,-1.808554000000000064e-02
6.392319999999999947e-04,-1.544043999999999972e-02,-1.808554000000000064e-02
6.392960000000000266e-04,-1.544043999999999972e-02,-1.033459999999999934e-02
6.393600000000000585e-04,-1.544043999999999972e-02,-1.550189999999999901e-02
6.394240000000000904e-04,-1.544043999999999972e-02,-1.033459999999999934e-02
6.394880000000000139e-04,-1.029361999999999985e-02,-1.808554000000000064e-02
6.395520000000000458e-04,-1.029361999999999985e-02,-1.808554000000000064e-02
6.396160000000000777e-04,-1.029361999999999985e-02,-5.167299999999999671e-03
6.396800000000000012e-04,-1.029361999999999985e-02,-1.808554000000000064e-02
6.397440000000000331e-04,-1.286701999999999985e-02,-1.033459999999999934e-02
6.398080000000000650e-04,-1.286701999999999985e-02,-2.325279999999999708e-02
6.398719999999999885e-04,-1.286701999999999985e-02,-1.291824000000000097e-02
6.399360000000000204e-04,-1.029361999999999985e-02,-1.550189999999999901e-02
6.400000000000000524e-04,-1.286701999999999985e-02,-1.808554000000000064e-02
6.400640000000000843e-04,-1.286701999999999985e-02,-1.808554000000000064e-02
6.401280000000000078e-04,-1.544043999999999972e-02,-1.550189999999999901e-02
6.401920000000000397e-04,-1.801383999999999971e-02,-1.550189999999999901e-02
6.402560000000000716e-04,-2.058719999999999994e-02,-2.066919999999999868e-02
6.403199999999999951e-04,-1.801383999999999971e-02,-2.066919999999999868e-02
6.403840000000000270e-04,-1.801383999999999971e-02,-2.583639999999999895e-02
6.404480000000000589e-04,-1.286701999999999985e-02,-2.066919999999999868e-02
6.405120000000000908e-04,-1.029361999999999985e-02,-2.325279999999999708e-02
6.405760000000000143e-04,-2.058719999999999994e-02,-2.325279999999999708e-02
6.406400000000000462e-04,-1.544043999999999972e-02,-2.583639999999999895e-02
6.407040000000000781e-04,-1.286701999999999985e-02,-1.550189999999999901e-02
6.407680000000000016e-04,-1.544043999999999972e-02,-2.325279999999999708e-02
6.408320000000000335e-04,-1.029361999999999985e-02,-1.550189999999999901e-02
6.408960000000000655e-04,-2.058719999999999994e-02,-2.325279999999999708e-02
6.409599999999999890e-04,-1.544043999999999972e-02,-1.033459999999999934e-02
6.410240000000000209e-04,-1.544043999999999972e-02,-2.066919999999999868e-02
6.410880000000000528e-04,-2.316059999999999994e-02,-2.325279999999999708e-02
6.411520000000000847e-04,-1.544043999999999972e-02,-1.808554000000000064e-02
6.412160000000000082e-04,-1.286701999999999985e-02,-1.550189999999999901e-02
6.412800000000000401e-04,-2.058719999999999994e-02,-1.808554000000000064e-02
6.413440000000000720e-04,-2.058719999999999994e-02,-1.808554000000000064e-02
6.414079999999999955e-04,-1.029361999999999985e-02,-2.583639999999999895e-02
6.414720000000000274e-04,-1.801383999999999971e-02,-2.066919999999999868e-02
6.415360000000000593e-04,-1.801383999999999971e-02,-1.550189999999999901e-02
6.416000000000000912e-04,-1.544043999999999972e-02,-1.808554000000000064e-02
6.416640000000000147e-04,-1.801383999999999971e-02,-2.325279999999999708e-02
6.417280000000000467e-04,-1.286701999999999985e-02,-1.291824000000000097e-02
6.417920000000000786e-04,-1.286701999999999985e-02,-2.583639999999999895e-02
6.418560000000000021e-04,-1.801383999999999971e-02,-1.550189999999999901e-02
6.419200000000000340e-04,-1.801383999999999971e-02,-1.550189999999999901e-02
6.419840000000000659e-04,-2.316059999999999994e-02,-1.808554000000000064e-02
6.420479999999999894e-04,-2.058719999999999994e-02,-1.291824000000000097e-02
6.421120000000000213e-04,-1.029361999999999985e-02,-7.750940000000000434e-03
6.421760000000000532e-04,-1.544043999999999972e-02,-2.066919999999999868e-02
6.422400000000000851e-04,-1.286701999999999985e-02,-2.325279999999999708e-02
6.423040000000000086e-04,-1.286701999999999985e-02,-2.066919999999999868e-02
6.423680000000000405e-04,-1.029361999999999985e-02,-1.808554000000000064e-02
6.424320000000000724e-04,-2.058719999999999994e-02,-1.550189999999999901e-02
6.424959999999999959e-04,-2.316059999999999994e-02,-1.808554000000000064e-02
6.425600000000000278e-04,-1.544043999999999972e-02,-1.808554000000000064e-02
6.426240000000000598e-04,-1.286701999999999985e-02,-1.808554000000000064e-02
6.426880000000000917e-04,-2.316059999999999994e-02,-1.808554000000000064e-02
6.427520000000000152e-04,-2.316059999999999994e-02,-1.808554000000000064e-02
6.428160000000000471e-04,-1.029361999999999985e-02,-1.808554000000000064e-02
6.428800000000000790e-04,-1.544043999999999972e-02,-2.066919999999999868e-02
6.429440000000000025e-04,-1.544043999999999972e-02,-1.033459999999999934e-02
6.430080000000000344e-04,-1.801383999999999971e-02,-2.325279999999999708e-02
6.430720000000000663e-04,-1.801383999999999971e-02,-2.583639999999999895e-02
6.431359999999999898e-04,-2.058719999999999994e-02,-2.066919999999999868e-02
6.432000000000000217e-04,-2.058719999999999994e-02,-1.808554000000000064e-02
6.432640000000000536e-04,-1.286701999999999985e-02,-1.808554000000000064e-02
6.433280000000000855e-04,-1.286701999999999985e-02,-2.066919999999999868e-02
6.433920000000000090e-04,-7.720219999999999860e-03,-2.066919999999999868e-02
6.434560000000000409e-04,-1.029361999999999985e-02,-1.550189999999999901e-02
6.435200000000000729e-04,-1.286701999999999985e-02,-2.066919999999999868e-02
6.435839999999999964e-04,-2.058719999999999994e-02,-1.550189999999999901e-02
6.436480000000000283e-04,-1.801383999999999971e-02,-1.550189999999999901e-02
6.437120000000000602e-04,-1.801383999999999971e-02,-1.033459999999999934e-02
6.437760000000000921e-04,-1.544043999999999972e-02,-1.550189999999999901e-02
6.438400000000000156e-04,-1.544043999999999972e-02,-2.066919999999999868e-02
6.439040000000000475e-04,-1.286701999999999985e-02,-1.808554000000000064e-02
6.439680000000000794e-04,-1.286701999999999985e-02,-2.066919999999999868e-02
6.440320000000000029e-04,-2.316059999999999994e-02,-1.808554000000000064e-02
6.440960000000000348e-04,-1.801383999999999971e-02,-1.291824000000000097e-02
6.441600000000000667e-04,-2.316059999999999994e-02,-2.325279999999999708e-02
6.442239999999999902e-04,-1.029361999999999985e-02,-1.808554000000000064e-02
6.442880000000000221e-04,-1.286701999999999985e-02,-1.550189999999999901e-02
6.443520000000000541e-04,-1.801383999999999971e-02,-1.808554000000000064e-02
6.444160000000000860e-04,-2.316059999999999994e-02,-1.291824000000000097e-02
6.444800000000000095e-04,-1.544043999999999972e-02,-1.550189999999999901e-02
6.445440000000000414e-04,-1.801383999999999971e-02,-1.550189999999999901e-02
6.446080000000000733e-04,-1.801383999999999971e-02,-1.291824000000000097e-02
6.446719999999999968e-04,-1.801383999999999971e-02,-1.550189999999999901e-02
6.447360000000000287e-04,-2.573399999999999993e-02,-2.066919999999999868e-02
6.448000000000000606e-04,-2.316059999999999994e-02,-2.066919999999999868e-02
6.448640000000000925e-04,-1.801383999999999971e-02,-1.033459999999999934e-02
6.449280000000000160e-04,-1.801383999999999971e-02,-1.550189999999999901e-02
6.449920000000000479e-04,-1.544043999999999972e-02,-1.291824000000000097e-02
6.450560000000000798e-04,-2.058719999999999994e-02,-2.066919999999999868e-02
6.451200000000000033e-04,-1.801383999999999971e-02,-1.033459999999999934e-02
6.451840000000000352e-04,-1.544043999999999972e-02,-2.066919999999999868e-02
6.452480000000000672e-04,-1.544043999999999972e-02,-1.808554000000000064e-02
6.453119999999999907e-04,-1.801383999999999971e-02,-1.033459999999999934e-02
6.453760000000000226e-04,-1.286701999999999985e-02,-2.325279999999999708e-02
6.454400000000000545e-04,-1.286701999999999985e-02,-2.066919999999999868e-02
6.455040000000000864e-04,-1.801383999999999971e-02,-1.808554000000000064e-02
6.455680000000000099e-04,-2.316059999999999994e-02,-1.550189999999999901e-02
6.456320000000000418e-04,-1.286701999999999985e-02,-1.033459999999999934e-02
6.456960000000000737e-04,-1.286701999999999985e-02,-1.808554000000000064e-02
6.457599999999999972e-04,-2.316059999999999994e-02,-1.808554000000000064e-02
6.458240000000000291e-04,-1.544043999999999972e-02,-5.167299999999999671e-03
6.458880000000000610e-04,-1.029361999999999985e-02,-1.550189999999999901e-02
6.459520000000000929e-04,-1.029361999999999985e-02,-1.550189999999999901e-02
6.460160000000000164e-04,-2.058719999999999994e-02,-1.291824000000000097e-02
6.460800000000000484e-04,-1.801383999999999971e-02,-1.291824000000000097e-02
6.461440000000000803e-04,-7.720219999999999860e-03,-1.291824000000000097e-02
6.462080000000000038e-04,-1.801383999999999971e-02,-1.550189999999999901e-02
6.462720000000000357e-04,-1.544043999999999972e-02,-7.750940000000000434e-03
6.463360000000000676e-04,-1.029361999999999985e-02,-1.291824000000000097e-02
6.463999999999999911e-04,-1.286701999999999985e-02,-1.291824000000000097e-02
6.464640000000000230e-04,-7.720219999999999860e-03,-1.550189999999999901e-02
6.465280000000000549e-04,-1.029361999999999985e-02,-1.550189999999999901e-02
6.465920000000000868e-04,-1.029361999999999985e-02,-1.550189999999999901e-02
6.466560000000000103e-04,-1.544043999999999972e-02,-2.066919999999999868e-02
6.467200000000000422e-04,-1.286701999999999985e-02,-1.808554000000000064e-02
6.467840000000000741e-04,-7.720219999999999860e-03,-1.550189999999999901e-02
6.468479999999999976e-04,-1.544043999999999972e-02,-1.808554000000000064e-02
6.469120000000000295e-04,-1.286701999999999985e-02,-1.550189999999999901e-02
6.469760000000000615e-04,-1.029361999999999985e-02,-1.550189999999999901e-02
6.470400000000000934e-04,-1.029361999999999985e-02,-5.167299999999999671e-03
6.471040000000000169e-04,-7.720219999999999860e-03,-1.033459999999999934e-02
6.471680000000000488e-04,-1.544043999999999972e-02,-1.550189999999999901e-02
6.472320000000000807e-04,-1.286701999999999985e-02,-1.033459999999999934e-02
6.472960000000000042e-04,-5.146819999999999867e-03,-1.808554000000000064e-02
6.473600000000000361e-04,-2.573399999999999993e-03,-1.808554000000000064e-02
6.474240000000000680e-04,-1.801383999999999971e-02,-7.750940000000000434e-03
6.474879999999999915e-04,-1.029361999999999985e-02,-7.750940000000000434e-03
6.475520000000000234e-04,-1.029361999999999985e-02,-7.750940000000000434e-03
6.476160000000000553e-04,-5.146819999999999867e-03,-1.291824000000000097e-02
6.476800000000000872e-04,-1.286701999999999985e-02,-1.808554000000000064e-02
6.477440000000000107e-04,-5.146819999999999867e-03,-1.033459999999999934e-02
6.478080000000000426e-04,-1.286701999999999985e-02,-5.167299999999999671e-03
6.478720000000000746e-04,-1.029361999999999985e-02,-1.033459999999999934e-02
6.479359999999999981e-04,0.000000000000000000e+00,-1.808554000000000064e-02
6.480000000000000300e-04,-2.573399999999999993e-03,-1.550189999999999901e-02
6.480640000000000619e-04,-1.286701999999999985e-02,-1.808554000000000064e-02
6.481280000000000938e-04,-5.146819999999999867e-03,-2.066919999999999868e-02
6.481920000000000173e-04,-5.146819999999999867e-03,-1.550189999999999901e-02
6.482560000000000492e-04,-5.146819999999999867e-03,-1.291824000000000097e-02
6.483200000000000811e-04,-1.029361999999999985e-02,-1.291824000000000097e-02
6.483840000000000046e-04,-5.146819999999999867e-03,-1.808554000000000064e-02
6.484480000000000365e-04,-7.720219999999999860e-03,-1.550189999999999901e-02
6.485120000000000684e-04,-1.286701999999999985e-02,-1.291824000000000097e-02
6.485759999999999919e-04,-1.029361999999999985e-02,-1.033459999999999934e-02
6.486400000000000238e-04,-2.058719999999999994e-02,-1.550189999999999901e-02
6.487040000000000558e-04,-5.146819999999999867e-03,-1.808554000000000064e-02
6.487680000000000877e-04,-5.146819999999999867e-03,-1.033459999999999934e-02
6.488320000000000112e-04,-7.720219999999999860e-03,-1.550189999999999901e-02
6.488960000000000431e-04,-7.720219999999999860e-03,-1.291824000000000097e-02
6.489600000000000750e-04,-5.146819999999999867e-03,-5.167299999999999671e-03
6.490239999999999985e-04,-1.029361999999999985e-02,-1.550189999999999901e-02
6.490880000000000304e-04,-7.720219999999999860e-03,-1.550189999999999901e-02
6.491520000000000623e-04,-1.286701999999999985e-02,-5.167299999999999671e-03
6.492160000000000942e-04,0.000000000000000000e+00,-1.550189999999999901e-02
6.492800000000000177e-04,-7.720219999999999860e-03,-1.291824000000000097e-02
6.493440000000000496e-04,-1.544043999999999972e-02,-1.291824000000000097e-02
6.494080000000000815e-04,-1.801383999999999971e-02,-1.291824000000000097e-02
6.494720000000000050e-04,-1.029361999999999985e-02,-1.291824000000000097e-02
6.495360000000000369e-04,-1.029361999999999985e-02,-1.550189999999999901e-02
6.496000000000000689e-04,-1.544043999999999972e-02,-7.750940000000000434e-03
6.496639999999999924e-04,-5.146819999999999867e-03,-1.291824000000000097e-02
6.497280000000000243e-04,-7.720219999999999860e-03,-1.291824000000000097e-02
6.497920000000000562e-04,-2.573399999999999993e-03,-5.167299999999999671e-03
6.498560000000000881e-04,-1.286701999999999985e-02,-1.291824000000000097e-02
6.499200000000000116e-04,-5.146819999999999867e-03,-1.033459999999999934e-02
6.499840000000000435e-04,-1.544043999999999972e-02,-1.291824000000000097e-02
6.500480000000000754e-04,-1.029361999999999985e-02,-1.550189999999999901e-02
6.501119999999999989e-04,0.000000000000000000e+00,-1.291824000000000097e-02
6.501760000000000308e-04,-7.720219999999999860e-03,-1.291824000000000097e-02
6.502400000000000627e-04,-2.573399999999999993e-03,-1.291824000000000097e-02
6.503040000000000946e-04,-5.146819999999999867e-03,-1.033459999999999934e-02
6.503680000000000181e-04,-1.801383999999999971e-02,-1.291824000000000097e-02
6.504320000000000501e-04,-2.573399999999999993e-03,-7.750940000000000434e-03
6.504960000000000820e-04,-2.573399999999999993e-03,-1.033459999999999934e-02
6.505600000000000055e-04,-7.720219999999999860e-03,-5.167299999999999671e-03
6.506240000000000374e-04,-1.029361999999999985e-02,-1.291824000000000097e-02
6.506880000000000693e-04,-2.573399999999999993e-03,-1.808554000000000064e-02
6.507519999999999928e-04,-7.720219999999999860e-03,-7.750940000000000434e-03
6.508160000000000247e-04,0.000000000000000000e+00,-1.033459999999999934e-02
6.508800000000000566e-04,-2.573399999999999993e-03,-2.066919999999999868e-02
6.509440000000000885e-04,-2.058719999999999994e-02,-7.750940000000000434e-03
6.510080000000000120e-04,-1.029361999999999985e-02,-1.550189999999999901e-02
6.510720000000000439e-04,-7.720219999999999860e-03,-1.033459999999999934e-02
6.511360000000000758e-04,-1.029361999999999985e-02,-1.291824000000000097e-02
6.511999999999999993e-04,-1.286701999999999985e-02,-1.033459999999999934e-02
6.512640000000000312e-04,-1.286701999999999985e-02,-1.291824000000000097e-02
6.513280000000000632e-04,-1.029361999999999985e-02,-2.583639999999999895e-02
6.513919999999999867e-04,-2.573399999999999993e-03,-1.808554000000000064e-02
6.514560000000000186e-04,-1.544043999999999972e-02,-1.808554000000000064e-02
6.515200000000000505e-04,-1.029361999999999985e-02,-2.066919999999999868e-02
6.515840000000000824e-04,-2.573399999999999993e-03,-1.550189999999999901e-02
6.516480000000000059e-04,-1.029361999999999985e-02,-1.291824000000000097e-02
6.517120000000000378e-04,-5.146819999999999867e-03,-5.167299999999999671e-03
6.517760000000000697e-04,-2.573399999999999993e-03,-1.291824000000000097e-02
6.518399999999999932e-04,-1.286701999999999985e-02,-1.291824000000000097e-02
6.519040000000000251e-04,-5.146819999999999867e-03,-1.291824000000000097e-02
6.519680000000000570e-04,-7.720219999999999860e-03,-1.808554000000000064e-02
6.520320000000000889e-04,2.573399999999999993e-03,-1.291824000000000097e-02
6.520960000000000124e-04,-1.029361999999999985e-02,-1.033459999999999934e-02
6.521600000000000443e-04,-1.029361999999999985e-02,-1.291824000000000097e-02
6.522240000000000763e-04,-5.146819999999999867e-03,-1.291824000000000097e-02
6.522879999999999998e-04,-1.286701999999999985e-02,-7.750940000000000434e-03
6.523520000000000317e-04,5.146819999999999867e-03,-7.750940000000000434e-03
6.524160000000000636e-04,-7.720219999999999860e-03,-1.808554000000000064e-02
6.524799999999999871e-04,-7.720219999999999860e-03,-1.550189999999999901e-02
6.525440000000000190e-04,-1.029361999999999985e-02,-1.291824000000000097e-02
6.526080000000000509e-04,-1.029361999999999985e-02,-1.808554000000000064e-02
6.526720000000000828e-04,-7.720219999999999860e-03,-1.033459999999999934e-02
6.527360000000000063e-04,-5.146819999999999867e-03,-1.550189999999999901e-02
6.528000000000000382e-04,-5.146819999999999867e-03,-1.291824000000000097e-02
6.528640000000000701e-04,-2.573399999999999993e-03,-2.066919999999999868e-02
6.529279999999999936e-04,-7.720219999999999860e-03,-1.550189999999999901e-02
6.529920000000000255e-04,0.000000000000000000e+00,-1.808554000000000064e-02
6.530560000000000575e-04,-1.544043999999999972e-02,-2.066919999999999868e-02
6.531200000000000894e-04,-1.029361999999999985e-02,-7.750940000000000434e-03
6.531840000000000129e-04,-7.720219999999999860e-03,-1.033459999999999934e-02
6.532480000000000448e-04,-2.573399999999999993e-03,-1.550189999999999901e-02
6.533120000000000767e-04,-5.146819999999999867e-03,-1.033459999999999934e-02
6.533760000000000002e-04,-7.720219999999999860e-03,-1.033459999999999934e-02
6.534400000000000321e-04,0.000000000000000000e+00,-1.033459999999999934e-02
6.535040000000000640e-04,-1.029361999999999985e-02,-2.066919999999999868e-02
6.535679999999999875e-04,-5.146819999999999867e-03,-1.550189999999999901e-02
6.536320000000000194e-04,-7.720219999999999860e-03,-1.291824000000000097e-02
6.536960000000000513e-04,-2.058719999999999994e-02,-1.808554000000000064e-02
6.537600000000000832e-04,-2.573399999999999993e-03,-1.291824000000000097e-02
6.538240000000000067e-04,-5.146819999999999867e-03,-1.291824000000000097e-02
6.538880000000000386e-04,-1.029361999999999985e-02,-1.550189999999999901e-02
6.539520000000000706e-04,-2.573399999999999993e-03,-1.550189999999999901e-02
6.540159999999999941e-04,-7.720219999999999860e-03,-1.808554000000000064e-02
6.540800000000000260e-04,-1.801383999999999971e-02,-1.808554000000000064e-02
6.541440000000000579e-04,-2.573399999999999993e-03,-1.550189999999999901e-02
6.542080000000000898e-04,-5.146819999999999867e-03,-7.750940000000000434e-03
6.542720000000000133e-04,-5.146819999999999867e-03,-1.291824000000000097e-02
6.543360000000000452e-04,-5.146819999999999867e-03,-1.033459999999999934e-02
6.544000000000000771e-04,-1.029361999999999985e-02,-5.167299999999999671e-03
6.544640000000000006e-04,-1.286701999999999985e-02,-1.808554000000000064e-02
6.545280000000000325e-04,-1.029361999999999985e-02,-1.808554000000000064e-02
6.545920000000000644e-04,-1.029361999999999985e-02,-1.550189999999999901e-02
6.546559999999999879e-04,-1.801383999999999971e-02,-1.291824000000000097e-02
6.547200000000000198e-04,-1.029361999999999985e-02,-2.325279999999999708e-02
6.547840000000000518e-04,-2.573399999999999993e-03,-7.750940000000000434e-03
6.548480000000000837e-04,-7.720219999999999860e-03,-1.550189999999999901e-02
6.549120000000000072e-04,-1.286701999999999985e-02,-7.750940000000000434e-03
6.549760000000000391e-04,-1.029361999999999985e-02,-7.750940000000000434e-03
6.550400000000000710e-04,-1.029361999999999985e-02,-1.550189999999999901e-02
6.551039999999999945e-04,-1.029361999999999985e-02,-1.291824000000000097e-02
6.551680000000000264e-04,-1.286701999999999985e-02,-1.291824000000000097e-02
6.552320000000000583e-04,-1.029361999999999985e-02,-1.033459999999999934e-02
6.552960000000000902e-04,-7.720219999999999860e-03,-2.583639999999999895e-02
6.553600000000000137e-04,-1.286701999999999985e-02,-1.291824000000000097e-02
6.554240000000000456e-04,-1.286701999999999985e-02,-1.033459999999999934e-02
6.554880000000000775e-04,-1.544043999999999972e-02,-1.550189999999999901e-02
6.555520000000000010e-04,-1.286701999999999985e-02,-1.808554000000000064e-02
6.556160000000000329e-04,-1.286701999999999985e-02,-1.808554000000000064e-02
6.556800000000000649e-04,-1.801383999999999971e-02,-1.291824000000000097e-02
6.557439999999999884e-04,-1.801383999999999971e-02,-1.291824000000000097e-02
6.558080000000000203e-04,-1.286701999999999985e-02,-1.550189999999999901e-02
6.558720000000000522e-04,-1.029361999999999985e-02,-1.550189999999999901e-02
6.559360000000000841e-04,-7.720219999999999860e-03,-1.033459999999999934e-02
6.560000000000000076e-04,-1.029361999999999985e-02,-1.808554000000000064e-02
6.560640000000000395e-04,-1.286701999999999985e-02,-1.808554000000000064e-02
6.561280000000000714e-04,-1.286701999999999985e-02,-2.066919999999999868e-02
6.561919999999999949e-04,-1.801383999999999971e-02,-1.808554000000000064e-02
6.562560000000000268e-04,-1.544043999999999972e-02,-1.291824000000000097e-02
6.563200000000000587e-04,-1.544043999999999972e-02,-1.550189999999999901e-02
6.563840000000000906e-04,-1.544043999999999972e-02,-2.066919999999999868e-02
6.564480000000000141e-04,-1.029361999999999985e-02,-2.066919999999999868e-02
6.565120000000000461e-04,-1.544043999999999972e-02,-1.033459999999999934e-02
6.565760000000000780e-04,-1.544043999999999972e-02,-1.033459999999999934e-02
6.566400000000000015e-04,-1.286701999999999985e-02,-7.750940000000000434e-03
6.567040000000000334e-04,-1.286701999999999985e-02,-1.291824000000000097e-02
6.567680000000000653e-04,-1.029361999999999985e-02,-1.808554000000000064e-02
6.568319999999999888e-04,-1.286701999999999985e-02,-2.066919999999999868e-02
6.568960000000000207e-04,-1.286701999999999985e-02,-1.033459999999999934e-02
6.569600000000000526e-04,-1.286701999999999985e-02,-1.550189999999999901e-02
6.570240000000000845e-04,-1.286701999999999985e-02,-1.550189999999999901e-02
6.570880000000000080e-04,-1.544043999999999972e-02,-1.808554000000000064e-02
6.571520000000000399e-04,-7.720219999999999860e-03,-1.291824000000000097e-02
6.572160000000000718e-04,-5.146819999999999867e-03,-1.291824000000000097e-02
6.572799999999999953e-04,-1.029361999999999985e-02,-1.550189999999999901e-02
6.573440000000000272e-04,-1.286701999999999985e-02,-1.291824000000000097e-02
6.574080000000000592e-04,-1.029361999999999985e-02,-1.033459999999999934e-02
6.574720000000000911e-04,-1.544043999999999972e-02,-7.750940000000000434e-03
6.575360000000000146e-04,-1.544043999999999972e-02,-1.033459999999999934e-02
6.576000000000000465e-04,-7.720219999999999860e-03,-1.808554000000000064e-02
6.576640000000000784e-04,-1.286701999999999985e-02,-1.550189999999999901e-02
6.577280000000000019e-04,-7.720219999999999860e-03,-1.808554000000000064e-02
6.577920000000000338e-04,-1.544043999999999972e-02,-7.750940000000000434e-03
6.578560000000000657e-04,-1.029361999999999985e-02,-1.808554000000000064e-02
6.579199999999999892e-04,-1.029361999999999985e-02,-1.291824000000000097e-02
6.579840000000000211e-04,-1.029361999999999985e-02,-1.808554000000000064e-02
6.580480000000000530e-04,-1.286701999999999985e-02,-1.550189999999999901e-02
6.581120000000000849e-04,-1.286701999999999985e-02,-1.033459999999999934e-02
6.581760000000000084e-04,-1.286701999999999985e-02,-1.550189999999999901e-02
6.582400000000000403e-04,-1.029361999999999985e-02,-7.750940000000000434e-03
6.583040000000000723e-04,-1.544043999999999972e-02,-2.325279999999999708e-02
6.583679999999999958e-04,-1.544043999999999972e-02,-1.808554000000000064e-02
6.584320000000000277e-04,-1.544043999999999972e-02,-1.550189999999999901e-02
6.584960000000000596e-04,-2.058719999999999994e-02,-2.066919999999999868e-02
6.585600000000000915e-04,-1.544043999999999972e-02,-1.291824000000000097e-02
6.586240000000000150e-04,-1.801383999999999971e-02,-1.291824000000000097e-02
6.586880000000000469e-04,-1.544043999999999972e-02,-1.033459999999999934e-02
6.587520000000000788e-04,-1.544043999999999972e-02,-1.033459999999999934e-02
6.588160000000000023e-04,-1.029361999999999985e-02,-1.291824000000000097e-02
6.588800000000000342e-04,-1.286701999999999985e-02,-1.291824000000000097e-02
6.589440000000000661e-04,-1.286701999999999985e-02,-1.808554000000000064e-02
6.590079999999999896e-04,-1.029361999999999985e-02,-1.550189999999999901e-02
6.590720000000000215e-04,-1.801383999999999971e-02,-5.167299999999999671e-03
6.591360000000000535e-04,-2.058719999999999994e-02,-1.291824000000000097e-02
6.592000000000000854e-04,-2.058719999999999994e-02,-1.550189999999999901e-02
6.592640000000000089e-04,-2.058719999999999994e-02,-5.167299999999999671e-03
6.593280000000000408e-04,-1.286701999999999985e-02,-1.550189999999999901e-02
6.593920000000000727e-04,-2.058719999999999994e-02,-7.750940000000000434e-03
6.594559999999999962e-04,-2.316059999999999994e-02,-1.033459999999999934e-02
6.595200000000000281e-04,-1.544043999999999972e-02,-1.291824000000000097e-02
6.595840000000000600e-04,-1.544043999999999972e-02,-1.291824000000000097e-02
6.596480000000000919e-04,-1.544043999999999972e-02,-1.808554000000000064e-02
6.597120000000000154e-04,-1.286701999999999985e-02,-1.291824000000000097e-02
6.597760000000000473e-04,-1.544043999999999972e-02,-1.291824000000000097e-02
6.598400000000000792e-04,-1.801383999999999971e-02,-1.033459999999999934e-02
6.599040000000000027e-04,-1.544043999999999972e-02,-7.750940000000000434e-03
6.599680000000000346e-04,-1.286701999999999985e-02,-1.291824000000000097e-02
6.600320000000000666e-04,-1.286701999999999985e-02,-1.291824000000000097e-02
6.600959999999999901e-04,-1.544043999999999972e-02,-2.583640000000000329e-03
6.601600000000000220e-04,-2.573399999999999993e-02,-7.750940000000000434e-03
6.602240000000000539e-04,-7.720219999999999860e-03,-5.167299999999999671e-03
6.602880000000000858e-04,-1.029361999999999985e-02,-1.033459999999999934e-02
6.603520000000000093e-04,-1.029361999999999985e-02,-2.325279999999999708e-02
6.604160000000000412e-04,-1.286701999999999985e-02,-1.291824000000000097e-02
6.604800000000000731e-04,-1.544043999999999972e-02,-1.291824000000000097e-02
6.605439999999999966e-04,-1.544043999999999972e-02,-2.066919999999999868e-02
6.606080000000000285e-04,-7.720219999999999860e-03,-1.291824000000000097e-02
6.606720000000000604e-04,-1.286701999999999985e-02,-1.033459999999999934e-02
6.607360000000000923e-04,-1.801383999999999971e-02,-1.291824000000000097e-02
6.608000000000000158e-04,-1.801383999999999971e-02,-1.550189999999999901e-02
6.608640000000000478e-04,-7.720219999999999860e-03,-7.750940000000000434e-03
6.609280000000000797e-04,-1.286701999999999985e-02,-1.291824000000000097e-02
6.609920000000000032e-04,-1.286701999999999985e-02,-1.033459999999999934e-02
6.610560000000000351e-04,-2.058719999999999994e-02,-1.550189999999999901e-02
6.611200000000000670e-04,-1.544043999999999972e-02,-1.291824000000000097e-02
6.611839999999999905e-04,-1.029361999999999985e-02,-1.033459999999999934e-02
6.612480000000000224e-04,-1.801383999999999971e-02,-7.750940000000000434e-03
6.613120000000000543e-04,-1.286701999999999985e-02,-7.750940000000000434e-03
6.613760000000000862e-04,-1.544043999999999972e-02,-7.750940000000000434e-03
6.614400000000000097e-04,-2.316059999999999994e-02,-5.167299999999999671e-03
6.615040000000000416e-04,-1.029361999999999985e-02,-1.291824000000000097e-02
6.615680000000000735e-04,-1.544043999999999972e-02,-7.750940000000000434e-03
6.616319999999999970e-04,-1.544043999999999972e-02,-5.167299999999999671e-03
6.616960000000000289e-04,-1.544043999999999972e-02,-1.550189999999999901e-02
6.617600000000000609e-04,-2.573399999999999993e-02,-1.291824000000000097e-02
6.618240000000000928e-04,-1.286701999999999985e-02,-1.291824000000000097e-02
6.618880000000000163e-04,-1.286701999999999985e-02,-1.033459999999999934e-02
6.619520000000000482e-04,-2.830739999999999992e-02,-1.033459999999999934e-02
6.620160000000000801e-04,-2.316059999999999994e-02,-1.033459999999999934e-02
6.620800000000000036e-04,-1.801383999999999971e-02,-1.550189999999999901e-02
6.621440000000000355e-04,-1.801383999999999971e-02,-1.550189999999999901e-02
6.622080000000000674e-04,-1.544043999999999972e-02,-2.583640000000000329e-03
6.622719999999999909e-04,-1.544043999999999972e-02,2.583640000000000329e-03
6.623360000000000228e-04,-1.286701999999999985e-02,-1.033459999999999934e-02
6.624000000000000547e-04,-1.801383999999999971e-02,-1.291824000000000097e-02
6.624640000000000866e-04,-1.801383999999999971e-02,-1.291824000000000097e-02
6.625280000000000101e-04,-2.058719999999999994e-02,-1.033459999999999934e-02
6.625920000000000420e-04,-2.316059999999999994e-02,-5.167299999999999671e-03
6.626560000000000740e-04,-1.544043999999999972e-02,-1.033459999999999934e-02
6.627199999999999975e-04,-2.573399999999999993e-02,-7.750940000000000434e-03
6.627840000000000294e-04,-1.544043999999999972e-02,-7.750940000000000434e-03
6.628480000000000613e-04,-1.544043999999999972e-02,-1.550189999999999901e-02
6.629120000000000932e-04,-2.316059999999999994e-02,-1.291824000000000097e-02
6.629760000000000167e-04,-2.058719999999999994e-02,-5.167299999999999671e-03
6.630400000000000486e-04,-2.058719999999999994e-02,-7.750940000000000434e-03
6.631040000000000805e-04,-1.801383999999999971e-02,-1.291824000000000097e-02
6.631680000000000040e-04,-2.058719999999999994e-02,-1.291824000000000097e-02
6.632320000000000359e-04,-1.286701999999999985e-02,-7.750940000000000434e-03
6.632960000000000678e-04,-1.544043999999999972e-02,-1.550189999999999901e-02
6.633599999999999913e-04,-2.573399999999999993e-02,-1.550189999999999901e-02
6.634240000000000232e-04,-2.316059999999999994e-02,-1.033459999999999934e-02
6.634880000000000552e-04,-1.286701999999999985e-02,-1.550189999999999901e-02
6.635520000000000871e-04,-2.058719999999999994e-02,-7.750940000000000434e-03
6.636160000000000106e-04,-1.544043999999999972e-02,-1.808554000000000064e-02
6.636800000000000425e-04,-1.801383999999999971e-02,-7.750940000000000434e-03
6.637440000000000744e-04,-1.286701999999999985e-02,-1.550189999999999901e-02
6.638079999999999979e-04,-2.058719999999999994e-02,-7.750940000000000434e-03
6.638720000000000298e-04,-1.544043999999999972e-02,-1.033459999999999934e-02
6.639360000000000617e-04,-1.544043999999999972e-02,-1.550189999999999901e-02
6.640000000000000936e-04,-2.058719999999999994e-02,-1.291824000000000097e-02
6.640640000000000171e-04,-2.316059999999999994e-02,-1.033459999999999934e-02
6.641280000000000490e-04,-1.544043999999999972e-02,-1.550189999999999901e-02
6.641920000000000809e-04,-1.544043999999999972e-02,-1.291824000000000097e-02
6.642560000000000044e-04,-1.801383999999999971e-02,-1.291824000000000097e-02
6.643200000000000363e-04,-1.286701999999999985e-02,-7.750940000000000434e-03
6.643840000000000683e-04,-2.058719999999999994e-02,-2.583640000000000329e-03
6.644479999999999918e-04,-2.830739999999999992e-02,-1.033459999999999934e-02
6.645120000000000237e-04,-2.316059999999999994e-02,-7.750940000000000434e-03
6.645760000000000556e-04,-1.801383999999999971e-02,-1.550189999999999901e-02
6.646400000000000875e-04,-2.316059999999999994e-02,-1.550189999999999901e-02
6.647040000000000110e-04,-2.058719999999999994e-02,-1.033459999999999934e-02
6.647680000000000429e-04,-1.286701999999999985e-02,-1.550189999999999901e-02
6.648320000000000748e-04,-1.029361999999999985e-02,-7.750940000000000434e-03
6.648959999999999983e-04,-1.029361999999999985e-02,-1.291824000000000097e-02
6.649600000000000302e-04,-2.573399999999999993e-03,-7.750940000000000434e-03
6.650240000000000621e-04,-1.801383999999999971e-02,-1.808554000000000064e-02
6.650880000000000940e-04,-1.801383999999999971e-02,-1.291824000000000097e-02
6.651520000000000175e-04,-1.544043999999999972e-02,-7.750940000000000434e-03
6.652160000000000495e-04,-1.801383999999999971e-02,-2.583640000000000329e-03
6.652800000000000814e-04,-1.286701999999999985e-02,-2.583640000000000329e-03
6.653440000000000049e-04,-1.029361999999999985e-02,-5.167299999999999671e-03
6.654080000000000368e-04,-1.286701999999999985e-02,-1.808554000000000064e-02
6.654720000000000687e-04,-1.286701999999999985e-02,-1.033459999999999934e-02
6.655359999999999922e-04,-2.058719999999999994e-02,-1.033459999999999934e-02
6.656000000000000241e-04,-1.801383999999999971e-02,-1.033459999999999934e-02
6.656640000000000560e-04,-1.801383999999999971e-02,-1.291824000000000097e-02
6.657280000000000879e-04,-1.544043999999999972e-02,-1.550189999999999901e-02
6.657920000000000114e-04,-1.544043999999999972e-02,-5.167299999999999671e-03
6.658560000000000433e-04,-2.058719999999999994e-02,-1.291824000000000097e-02
6.659200000000000752e-04,-2.316059999999999994e-02,0.000000000000000000e+00
6.659839999999999987e-04,-1.286701999999999985e-02,-7.750940000000000434e-03
6.660480000000000306e-04,-2.316059999999999994e-02,-2.066919999999999868e-02
6.661120000000000626e-04,-1.286701999999999985e-02,-1.291824000000000097e-02
6.661760000000000945e-04,-1.286701999999999985e-02,-1.291824000000000097e-02
6.662400000000000180e-04,-1.544043999999999972e-02,-1.291824000000000097e-02
6.663040000000000499e-04,-1.801383999999999971e-02,-1.808554000000000064e-02
6.663680000000000818e-04,-2.058719999999999994e-02,-1.291824000000000097e-02
6.664320000000000053e-04,-1.029361999999999985e-02,-1.550189999999999901e-02
6.664960000000000372e-04,-1.286701999999999985e-02,-1.291824000000000097e-02
6.665600000000000691e-04,-2.058719999999999994e-02,-1.033459999999999934e-02
6.666239999999999926e-04,-1.286701999999999985e-02,-2.583640000000000329e-03
6.666880000000000245e-04,-1.286701999999999985e-02,-1.291824000000000097e-02
6.667520000000000564e-04,-1.544043999999999972e-02,-1.033459999999999934e-02
6.668160000000000883e-04,-7.720219999999999860e-03,-7.750940000000000434e-03
6.668800000000000118e-04,-1.029361999999999985e-02,-7.750940000000000434e-03
6.669440000000000437e-04,-1.029361999999999985e-02,-1.808554000000000064e-02
6.670080000000000757e-04,-1.801383999999999971e-02,-1.550189999999999901e-02
6.670719999999999992e-04,-1.286701999999999985e-02,-1.291824000000000097e-02
6.671360000000000311e-04,-1.801383999999999971e-02,-1.291824000000000097e-02
6.672000000000000630e-04,-1.544043999999999972e-02,-1.291824000000000097e-02
6.672640000000000949e-04,-1.286701999999999985e-02,-1.550189999999999901e-02
6.673280000000000184e-04,-1.286701999999999985e-02,-1.033459999999999934e-02
6.673920000000000503e-04,-1.286701999999999985e-02,-1.033459999999999934e-02
6.674560000000000822e-04,-2.058719999999999994e-02,-1.808554000000000064e-02
6.675200000000000057e-04,-1.286701999999999985e-02,-1.291824000000000097e-02
6.675840000000000376e-04,-1.801383999999999971e-02,-2.066919999999999868e-02
6.676480000000000695e-04,-1.029361999999999985e-02,-1.808554000000000064e-02
6.677119999999999930e-04,-1.544043999999999972e-02,-7.750940000000000434e-03
6.677760000000000249e-04,-1.544043999999999972e-02,-1.550189999999999901e-02
6.678400000000000569e-04,-5.146819999999999867e-03,-1.808554000000000064e-02
6.679040000000000888e-04,-1.801383999999999971e-02,-7.750940000000000434e-03
6.679680000000000123e-04,-1.029361999999999985e-02,-1.033459999999999934e-02
6.680320000000000442e-04,-1.286701999999999985e-02,-1.291824000000000097e-02
6.680960000000000761e-04,-1.544043999999999972e-02,-1.291824000000000097e-02
6.681599999999999996e-04,-7.720219999999999860e-03,-1.033459999999999934e-02
6.682240000000000315e-04,-1.544043999999999972e-02,-1.808554000000000064e-02
6.682880000000000634e-04,-7.720219999999999860e-03,-2.066919999999999868e-02
6.683520000000000953e-04,-1.286701999999999985e-02,-1.291824000000000097e-02
6.684160000000000188e-04,-1.029361999999999985e-02,-1.291824000000000097e-02
6.684800000000000507e-04,-1.029361999999999985e-02,-1.550189999999999901e-02
6.685440000000000826e-04,-1.544043999999999972e-02,-1.550189999999999901e-02
6.686080000000000061e-04,-1.286701999999999985e-02,-1.033459999999999934e-02
6.686720000000000380e-04,-1.029361999999999985e-02,-2.066919999999999868e-02
6.687360000000000700e-04,-1.544043999999999972e-02,-1.291824000000000097e-02
6.687999999999999935e-04,-1.801383999999999971e-02,-1.808554000000000064e-02
6.688640000000000254e-04,-5.146819999999999867e-03,-7.750940000000000434e-03
6.689280000000000573e-04,-5.146819999999999867e-03,-1.808554000000000064e-02
6.689920000000000892e-04,-7.720219999999999860e-03,-2.066919999999999868e-02
6.690560000000000127e-04,-1.029361999999999985e-02,-7.750940000000000434e-03
6.691200000000000446e-04,-1.029361999999999985e-02,-1.550189999999999901e-02
6.691840000000000765e-04,-1.286701999999999985e-02,-1.808554000000000064e-02
6.692480000000000000e-04,-1.286701999999999985e-02,-1.808554000000000064e-02
6.693120000000000319e-04,-5.146819999999999867e-03,-1.033459999999999934e-02
6.693760000000000638e-04,-1.029361999999999985e-02,-1.291824000000000097e-02
6.694400000000000957e-04,-7.720219999999999860e-03,-1.808554000000000064e-02
6.695040000000000192e-04,-1.286701999999999985e-02,-2.583640000000000329e-03
6.695680000000000512e-04,-7.720219999999999860e-03,-1.033459999999999934e-02
6.696320000000000831e-04,-1.029361999999999985e-02,-2.066919999999999868e-02
6.696960000000000066e-04,-2.573399999999999993e-03,-1.033459999999999934e-02
6.697600000000000385e-04,-5.146819999999999867e-03,-1.291824000000000097e-02
6.698240000000000704e-04,-1.544043999999999972e-02,-1.033459999999999934e-02
6.698879999999999939e-04,-7.720219999999999860e-03,-1.808554000000000064e-02
6.699520000000000258e-04,-2.573399999999999993e-03,-1.550189999999999901e-02
6.700160000000000577e-04,-7.720219999999999860e-03,-2.066919999999999868e-02
6.700800000000000896e-04,-1.029361999999999985e-02,-2.066919999999999868e-02
6.701440000000000131e-04,-5.146819999999999867e-03,-1.291824000000000097e-02
6.702080000000000450e-04,-1.029361999999999985e-02,-1.550189999999999901e-02
6.702720000000000769e-04,-1.286701999999999985e-02,-7.750940000000000434e-03
6.703360000000000004e-04,-7.720219999999999860e-03,-1.033459999999999934e-02
6.704000000000000323e-04,-1.029361999999999985e-02,-2.066919999999999868e-02
6.704640000000000643e-04,-2.573399999999999993e-03,-1.808554000000000064e-02
6.705279999999999877e-04,-1.029361999999999985e-02,-1.033459999999999934e-02
6.705920000000000197e-04,-2.573399999999999993e-03,-1.550189999999999901e-02
6.706560000000000516e-04,0.000000000000000000e+00,-1.808554000000000064e-02
6.707200000000000835e-04,-7.720219999999999860e-03,-1.550189999999999901e-02
6.707840000000000070e-04,-1.029361999999999985e-02,-1.033459999999999934e-02
6.708480000000000389e-04,-5.146819999999999867e-03,-1.550189999999999901e-02
6.709120000000000708e-04,-1.029361999999999985e-02,-2.325279999999999708e-02
6.709759999999999943e-04,-1.286701999999999985e-02,-1.808554000000000064e-02
6.710400000000000262e-04,-5.146819999999999867e-03,-1.550189999999999901e-02
6.711040000000000581e-04,-5.146819999999999867e-03,-1.808554000000000064e-02
6.711680000000000900e-04,-1.286701999999999985e-02,-1.808554000000000064e-02
6.712320000000000135e-04,-1.029361999999999985e-02,-1.033459999999999934e-02
6.712960000000000454e-04,-1.286701999999999985e-02,-1.550189999999999901e-02
6.713600000000000774e-04,-1.286701999999999985e-02,-1.550189999999999901e-02
6.714240000000000009e-04,-1.544043999999999972e-02,-1.808554000000000064e-02
6.714880000000000328e-04,-1.029361999999999985e-02,-1.550189999999999901e-02
6.715520000000000647e-04,-1.286701999999999985e-02,-1.808554000000000064e-02
6.716159999999999882e-04,-5.146819999999999867e-03,-1.291824000000000097e-02
6.716800000000000201e-04,-5.146819999999999867e-03,-1.808554000000000064e-02
6.717440000000000520e-04,-1.544043999999999972e-02,-7.750940000000000434e-03
6.718080000000000839e-04,-1.029361999999999985e-02,-1.033459999999999934e-02
6.718720000000000074e-04,-1.029361999999999985e-02,-2.066919999999999868e-02
6.719360000000000393e-04,-7.720219999999999860e-03,-1.291824000000000097e-02
6.720000000000000712e-04,-1.801383999999999971e-02,-1.550189999999999901e-02
6.720639999999999947e-04,-1.544043999999999972e-02,-7.750940000000000434e-03
6.721280000000000266e-04,-2.573399999999999993e-03,-1.808554000000000064e-02
6.721920000000000586e-04,-7.720219999999999860e-03,-1.291824000000000097e-02
6.722560000000000905e-04,-7.720219999999999860e-03,-1.808554000000000064e-02
6.723200000000000140e-04,-5.146819999999999867e-03,-1.550189999999999901e-02
6.723840000000000459e-04,-7.720219999999999860e-03,-1.291824000000000097e-02
6.724480000000000778e-04,-1.029361999999999985e-02,-1.291824000000000097e-02
6.725120000000000013e-04,-1.029361999999999985e-02,-1.033459999999999934e-02
6.725760000000000332e-04,-1.029361999999999985e-02,-1.291824000000000097e-02
6.726400000000000651e-04,-1.029361999999999985e-02,-1.550189999999999901e-02
6.727039999999999886e-04,-7.720219999999999860e-03,-1.550189999999999901e-02
6.727680000000000205e-04,-1.029361999999999985e-02,-1.550189999999999901e-02
6.728320000000000524e-04,-5.146819999999999867e-03,-1.291824000000000097e-02
6.728960000000000843e-04,-5.146819999999999867e-03,-7.750940000000000434e-03
6.729600000000000078e-04,-2.573399999999999993e-03,-1.550189999999999901e-02
6.730240000000000397e-04,-5.146819999999999867e-03,-7.750940000000000434e-03
6.730880000000000717e-04,-5.146819999999999867e-03,-1.550189999999999901e-02
6.731519999999999952e-04,-1.029361999999999985e-02,-1.291824000000000097e-02
6.732160000000000271e-04,-1.286701999999999985e-02,-1.808554000000000064e-02
6.732800000000000590e-04,-2.573399999999999993e-03,-1.550189999999999901e-02
6.733440000000000909e-04,-1.286701999999999985e-02,-2.066919999999999868e-02
6.734080000000000144e-04,-7.720219999999999860e-03,-1.291824000000000097e-02
6.734720000000000463e-04,-1.029361999999999985e-02,-2.066919999999999868e-02
6.735360000000000782e-04,-1.801383999999999971e-02,-2.583640000000000329e-03
6.736000000000000017e-04,-1.286701999999999985e-02,-1.291824000000000097e-02
6.736640000000000336e-04,-1.544043999999999972e-02,-1.291824000000000097e-02
6.737280000000000655e-04,-1.286701999999999985e-02,-1.291824000000000097e-02
6.737919999999999890e-04,-1.029361999999999985e-02,-1.291824000000000097e-02
6.738560000000000209e-04,-1.544043999999999972e-02,-1.550189999999999901e-02
6.739200000000000529e-04,-5.146819999999999867e-03,-1.033459999999999934e-02
6.739840000000000848e-04,-1.029361999999999985e-02,-1.550189999999999901e-02
6.740480000000000083e-04,-1.029361999999999985e-02,-1.291824000000000097e-02
6.741120000000000402e-04,-7.720219999999999860e-03,-1.033459999999999934e-02
6.741760000000000721e-04,-1.029361999999999985e-02,-1.550189999999999901e-02
6.742399999999999956e-04,-1.286701999999999985e-02,-1.033459999999999934e-02
6.743040000000000275e-04,-7.720219999999999860e-03,-1.291824000000000097e-02
6.743680000000000594e-04,-1.544043999999999972e-02,-1.550189999999999901e-02
6.744320000000000913e-04,-1.286701999999999985e-02,-7.750940000000000434e-03
6.744960000000000148e-04,-1.544043999999999972e-02,-1.291824000000000097e-02
6.745600000000000467e-04,-1.286701999999999985e-02,-1.291824000000000097e-02
6.746240000000000786e-04,-1.029361999999999985e-02,-5.167299999999999671e-03
6.746880000000000021e-04,-1.544043999999999972e-02,-1.033459999999999934e-02
6.747520000000000340e-04,-1.544043999999999972e-02,-1.291824000000000097e-02
6.748160000000000660e-04,-1.544043999999999972e-02,-1.808554000000000064e-02
6.748799999999999895e-04,-1.544043999999999972e-02,-1.291824000000000097e-02
6.749440000000000214e-04,-1.286701999999999985e-02,-1.291824000000000097e-02
6.750080000000000533e-04,-7.720219999999999860e-03,-1.291824000000000097e-02
6.750720000000000852e-04,-2.058719999999999994e-02,-1.550189999999999901e-02
6.751360000000000087e-04,-1.801383999999999971e-02,-1.033459999999999934e-02
6.752000000000000406e-04,-1.801383999999999971e-02,-1.550189999999999901e-02
6.752640000000000725e-04,-1.801383999999999971e-02,-7.750940000000000434e-03
6.753279999999999960e-04,-1.801383999999999971e-02,-1.291824000000000097e-02
6.753920000000000279e-04,-7.720219999999999860e-03,-1.291824000000000097e-02
6.754560000000000598e-04,-1.544043999999999972e-02,-1.033459999999999934e-02
6.755200000000000917e-04,-1.544043999999999972e-02,-1.033459999999999934e-02
6.755840000000000152e-04,-5.146819999999999867e-03,-2.066919999999999868e-02
6.756480000000000471e-04,-1.286701999999999985e-02,-7.750940000000000434e-03
6.757120000000000791e-04,-2.316059999999999994e-02,-7.750940000000000434e-03
6.757760000000000026e-04,-1.544043999999999972e-02,-1.291824000000000097e-02
6.758400000000000345e-04,-1.544043999999999972e-02,-1.291824000000000097e-02
6.759040000000000664e-04,-1.029361999999999985e-02,-7.750940000000000434e-03
6.759679999999999899e-04,-1.029361999999999985e-02,-1.033459999999999934e-02
6.760320000000000218e-04,-1.029361999999999985e-02,-1.033459999999999934e-02
6.760960000000000537e-04,-1.801383999999999971e-02,-7.750940000000000434e-03
6.761600000000000856e-04,-1.286701999999999985e-02,-1.033459999999999934e-02
6.762240000000000091e-04,-1.029361999999999985e-02,-1.291824000000000097e-02
6.762880000000000410e-04,-1.286701999999999985e-02,-1.033459999999999934e-02
6.763520000000000729e-04,-7.720219999999999860e-03,-7.750940000000000434e-03
6.764159999999999964e-04,-1.801383999999999971e-02,-1.033459999999999934e-02
6.764800000000000283e-04,-1.029361999999999985e-02,-1.033459999999999934e-02
6.765440000000000603e-04,-1.286701999999999985e-02,-7.750940000000000434e-03
6.766080000000000922e-04,-1.286701999999999985e-02,-1.550189999999999901e-02
6.766720000000000157e-04,-1.286701999999999985e-02,-5.167299999999999671e-03
6.767360000000000476e-04,-1.286701999999999985e-02,-5.167299999999999671e-03
6.768000000000000795e-04,-1.801383999999999971e-02,-1.033459999999999934e-02
6.768640000000000030e-04,-1.544043999999999972e-02,-1.033459999999999934e-02
6.769280000000000349e-04,-7.720219999999999860e-03,-7.750940000000000434e-03
6.769920000000000668e-04,-1.029361999999999985e-02,-1.033459999999999934e-02
6.770559999999999903e-04,-1.286701999999999985e-02,-1.291824000000000097e-02
6.771200000000000222e-04,-1.544043999999999972e-02,-1.291824000000000097e-02
6.771840000000000541e-04,-1.544043999999999972e-02,-2.583640000000000329e-03
6.772480000000000860e-04,-1.544043999999999972e-02,-5.167299999999999671e-03
6.773120000000000095e-04,-1.286701999999999985e-02,-1.033459999999999934e-02
6.773760000000000414e-04,-1.029361999999999985e-02,-1.808554000000000064e-02
6.774400000000000734e-04,-1.029361999999999985e-02,-7.750940000000000434e-03
6.775039999999999969e-04,-1.286701999999999985e-02,-1.033459999999999934e-02
6.775680000000000288e-04,-1.029361999999999985e-02,-2.066919999999999868e-02
6.776320000000000607e-04,-1.286701999999999985e-02,-1.291824000000000097e-02
6.776960000000000926e-04,-1.544043999999999972e-02,-1.033459999999999934e-02
6.777600000000000161e-04,-1.286701999999999985e-02,-7.750940000000000434e-03
6.778240000000000480e-04,-1.286701999999999985e-02,-1.291824000000000097e-02
6.778880000000000799e-04,-1.029361999999999985e-02,-1.033459999999999934e-02
6.779520000000000034e-04,-1.286701999999999985e-02,0.000000000000000000e+00
6.780160000000000353e-04,-1.029361999999999985e-02,-1.033459999999999934e-02
6.780800000000000672e-04,-7.720219999999999860e-03,-2.583640000000000329e-03
6.781439999999999907e-04,-1.801383999999999971e-02,-1.291824000000000097e-02
6.782080000000000226e-04,-1.801383999999999971e-02,-1.808554000000000064e-02
6.782720000000000546e-04,-1.029361999999999985e-02,-1.033459999999999934e-02
6.783360000000000865e-04,-1.801383999999999971e-02,-1.291824000000000097e-02
6.784000000000000100e-04,-1.029361999999999985e-02,-7.750940000000000434e-03
6.784640000000000419e-04,-1.286701999999999985e-02,-2.583640000000000329e-03
6.785280000000000738e-04,-5.146819999999999867e-03,-1.291824000000000097e-02
6.785919999999999973e-04,-1.286701999999999985e-02,-1.291824000000000097e-02
6.786560000000000292e-04,-1.286701999999999985e-02,-5.167299999999999671e-03
6.787200000000000611e-04,-1.286701999999999985e-02,-1.291824000000000097e-02
6.787840000000000930e-04,-1.544043999999999972e-02,-7.750940000000000434e-03
6.788480000000000165e-04,-1.286701999999999985e-02,-1.550189999999999901e-02
6.789120000000000484e-04,-1.544043999999999972e-02,-1.291824000000000097e-02
6.789760000000000803e-04,-1.286701999999999985e-02,-1.550189999999999901e-02
6.790400000000000038e-04,-1.029361999999999985e-02,-5.167299999999999671e-03
6.791040000000000357e-04,-1.029361999999999985e-02,-7.750940000000000434e-03
6.791680000000000677e-04,-1.544043999999999972e-02,-1.808554000000000064e-02
6.792319999999999912e-04,-1.029361999999999985e-02,-1.033459999999999934e-02
6.792960000000000231e-04,-1.286701999999999985e-02,-5.167299999999999671e-03
6.793600000000000550e-04,-1.801383999999999971e-02,-5.167299999999999671e-03
6.794240000000000869e-04,-1.286701999999999985e-02,-5.167299999999999671e-03
6.794880000000000104e-04,-7.720219999999999860e-03,-7.750940000000000434e-03
6.795520000000000423e-04,-1.286701999999999985e-02,-1.808554000000000064e-02
6.796160000000000742e-04,-1.801383999999999971e-02,-1.291824000000000097e-02
6.796799999999999977e-04,-1.029361999999999985e-02,-1.033459999999999934e-02
6.797440000000000296e-04,-1.286701999999999985e-02,-1.550189999999999901e-02
6.798080000000000615e-04,-1.801383999999999971e-02,-7.750940000000000434e-03
6.798720000000000934e-04,-2.058719999999999994e-02,-1.550189999999999901e-02
6.799360000000000169e-04,-1.801383999999999971e-02,-1.291824000000000097e-02
6.800000000000000488e-04,-1.544043999999999972e-02,-7.750940000000000434e-03
6.800640000000000808e-04,-1.029361999999999985e-02,-7.750940000000000434e-03
6.801280000000000043e-04,-7.720219999999999860e-03,-1.033459999999999934e-02
6.801920000000000362e-04,-1.801383999999999971e-02,-7.750940000000000434e-03
6.802560000000000681e-04,-5.146819999999999867e-03,-7.750940000000000434e-03
6.803199999999999916e-04,-1.029361999999999985e-02,-1.033459999999999934e-02
6.803840000000000235e-04,-2.058719999999999994e-02,-5.167299999999999671e-03
6.804480000000000554e-04,-2.058719999999999994e-02,-1.033459999999999934e-02
6.805120000000000873e-04,-1.286701999999999985e-02,-5.167299999999999671e-03
6.805760000000000108e-04,-1.801383999999999971e-02,-7.750940000000000434e-03
6.806400000000000427e-04,-1.801383999999999971e-02,-1.550189999999999901e-02
6.807040000000000746e-04,-1.286701999999999985e-02,-1.033459999999999934e-02
6.807679999999999981e-04,-1.286701999999999985e-02,-7.750940000000000434e-03
6.808320000000000300e-04,-1.029361999999999985e-02,-1.291824000000000097e-02
6.808960000000000620e-04,-2.573399999999999993e-03,-5.167299999999999671e-03
6.809600000000000939e-04,-1.029361999999999985e-02,-7.750940000000000434e-03
6.810240000000000174e-04,-1.029361999999999985e-02,-1.291824000000000097e-02
6.810880000000000493e-04,-1.801383999999999971e-02,-5.167299999999999671e-03
6.811520000000000812e-04,-1.029361999999999985e-02,-2.583640000000000329e-03
6.812160000000000047e-04,-1.286701999999999985e-02,-1.033459999999999934e-02
6.812800000000000366e-04,-1.544043999999999972e-02,-1.291824000000000097e-02
6.813440000000000685e-04,-5.146819999999999867e-03,-1.033459999999999934e-02
6.814079999999999920e-04,0.000000000000000000e+00,-7.750940000000000434e-03
6.814720000000000239e-04,-1.029361999999999985e-02,-5.167299999999999671e-03
6.815360000000000558e-04,-1.544043999999999972e-02,-2.583640000000000329e-03
6.816000000000000877e-04,-2.058719999999999994e-02,-1.291824000000000097e-02
6.816640000000000112e-04,-1.286701999999999985e-02,-1.033459999999999934e-02
6.817280000000000431e-04,-7.720219999999999860e-03,-1.033459999999999934e-02
6.817920000000000751e-04,-1.286701999999999985e-02,-1.033459999999999934e-02
6.818559999999999986e-04,-1.544043999999999972e-02,-7.750940000000000434e-03
6.819200000000000305e-04,-1.544043999999999972e-02,-7.750940000000000434e-03
6.819840000000000624e-04,-1.029361999999999985e-02,-7.750940000000000434e-03
6.820480000000000943e-04,-1.801383999999999971e-02,-7.750940000000000434e-03
6.821120000000000178e-04,-1.286701999999999985e-02,-1.550189999999999901e-02
6.821760000000000497e-04,-2.573399999999999993e-03,-1.550189999999999901e-02
6.822400000000000816e-04,-1.544043999999999972e-02,-1.550189999999999901e-02
6.823040000000000051e-04,-1.286701999999999985e-02,-7.750940000000000434e-03
6.823680000000000370e-04,-1.801383999999999971e-02,-1.033459999999999934e-02
6.824320000000000689e-04,-1.029361999999999985e-02,-1.033459999999999934e-02
6.824959999999999924e-04,-7.720219999999999860e-03,-7.750940000000000434e-03
6.825600000000000243e-04,-1.029361999999999985e-02,-1.808554000000000064e-02
6.826240000000000563e-04,-1.029361999999999985e-02,-1.033459999999999934e-02
6.826880000000000882e-04,-1.286701999999999985e-02,-1.033459999999999934e-02
6.827520000000000117e-04,-1.029361999999999985e-02,-1.291824000000000097e-02
6.828160000000000436e-04,-1.029361999999999985e-02,-2.583640000000000329e-03
6.828800000000000755e-04,-1.286701999999999985e-02,-1.291824000000000097e-02
6.829439999999999990e-04,-1.029361999999999985e-02,-1.291824000000000097e-02
6.830080000000000309e-04,-7.720219999999999860e-03,-1.550189999999999901e-02
6.830720000000000628e-04,-2.573399999999999993e-03,-7.750940000000000434e-03
6.831360000000000947e-04,-1.544043999999999972e-02,-7.750940000000000434e-03
6.832000000000000182e-04,0.000000000000000000e+00,-1.291824000000000097e-02
6.832640000000000501e-04,-1.286701999999999985e-02,-7.750940000000000434e-03
6.833280000000000820e-04,-1.286701999999999985e-02,-1.291824000000000097e-02
6.833920000000000055e-04,-1.029361999999999985e-02,-2.066919999999999868e-02
6.834560000000000374e-04,-5.146819999999999867e-03,-1.033459999999999934e-02
6.835200000000000694e-04,-1.801383999999999971e-02,-1.033459999999999934e-02
6.835839999999999929e-04,0.000000000000000000e+00,-1.808554000000000064e-02
6.836480000000000248e-04,-5.146819999999999867e-03,-7.750940000000000434e-03
6.837120000000000567e-04,-5.146819999999999867e-03,-1.033459999999999934e-02
6.837760000000000886e-04,-1.286701999999999985e-02,-1.033459999999999934e-02
6.838400000000000121e-04,-2.573399999999999993e-03,-1.550189999999999901e-02
6.839040000000000440e-04,-1.286701999999999985e-02,-1.033459999999999934e-02
6.839680000000000759e-04,-1.029361999999999985e-02,-1.808554000000000064e-02
6.840319999999999994e-04,-7.720219999999999860e-03,-1.550189999999999901e-02
6.840960000000000313e-04,-1.544043999999999972e-02,-1.033459999999999934e-02
6.841600000000000632e-04,-5.146819999999999867e-03,-7.750940000000000434e-03
6.842240000000000951e-04,-5.146819999999999867e-03,-1.291824000000000097e-02
6.842880000000000186e-04,-2.573399999999999993e-03,-1.033459999999999934e-02
6.843520000000000506e-04,2.573399999999999993e-03,-1.033459999999999934e-02
6.844160000000000825e-04,0.000000000000000000e+00,-1.291824000000000097e-02
6.844800000000000060e-04,-1.286701999999999985e-02,-1.808554000000000064e-02
6.845440000000000379e-04,-1.544043999999999972e-02,-7.750940000000000434e-03
6.846080000000000698e-04,-7.720219999999999860e-03,-1.808554000000000064e-02
6.846719999999999933e-04,-1.544043999999999972e-02,-1.808554000000000064e-02
6.847360000000000252e-04,-1.544043999999999972e-02,-1.033459999999999934e-02
6.848000000000000571e-04,-5.146819999999999867e-03,-5.167299999999999671e-03
6.848640000000000890e-04,2.573399999999999993e-03,-1.550189999999999901e-02
6.849280000000000125e-04,-2.573399999999999993e-03,-1.291824000000000097e-02
6.849920000000000444e-04,2.573399999999999993e-03,-1.291824000000000097e-02
6.850560000000000763e-04,2.573399999999999993e-03,-5.167299999999999671e-03
6.851199999999999998e-04,-1.029361999999999985e-02,-1.291824000000000097e-02
6.851840000000000317e-04,-7.720219999999999860e-03,-7.750940000000000434e-03
6.852480000000000637e-04,-1.286701999999999985e-02,-5.167299999999999671e-03
6.853120000000000956e-04,-1.029361999999999985e-02,-5.167299999999999671e-03
6.853760000000000191e-04,-1.286701999999999985e-02,-7.750940000000000434e-03
6.854400000000000510e-04,-1.029361999999999985e-02,-1.291824000000000097e-02
6.855040000000000829e-04,-5.146819999999999867e-03,-1.550189999999999901e-02
6.855680000000000064e-04,-5.146819999999999867e-03,-2.066919999999999868e-02
6.856320000000000383e-04,-5.146819999999999867e-03,-1.033459999999999934e-02
6.856960000000000702e-04,-5.146819999999999867e-03,-1.550189999999999901e-02
6.857599999999999937e-04,-1.029361999999999985e-02,-1.291824000000000097e-02
6.858240000000000256e-04,-5.146819999999999867e-03,-1.550189999999999901e-02
6.858880000000000575e-04,-7.720219999999999860e-03,-1.033459999999999934e-02
6.859520000000000894e-04,-1.029361999999999985e-02,-7.750940000000000434e-03
6.860160000000000129e-04,-1.029361999999999985e-02,-1.291824000000000097e-02
6.860800000000000448e-04,-5.146819999999999867e-03,-1.550189999999999901e-02
6.861440000000000768e-04,-5.146819999999999867e-03,-7.750940000000000434e-03
6.862080000000000003e-04,-7.720219999999999860e-03,-1.033459999999999934e-02
6.862720000000000322e-04,-5.146819999999999867e-03,-5.167299999999999671e-03
6.863360000000000641e-04,-1.029361999999999985e-02,-1.033459999999999934e-02
6.864000000000000960e-04,-1.029361999999999985e-02,-1.808554000000000064e-02
6.864640000000000195e-04,-7.720219999999999860e-03,-7.750940000000000434e-03
6.865280000000000514e-04,-5.146819999999999867e-03,-1.808554000000000064e-02
6.865920000000000833e-04,-1.029361999999999985e-02,-7.750940000000000434e-03
6.866560000000000068e-04,-7.720219999999999860e-03,-1.033459999999999934e-02
6.867200000000000387e-04,-7.720219999999999860e-03,-1.808554000000000064e-02
6.867840000000000706e-04,-1.029361999999999985e-02,-1.550189999999999901e-02
6.868479999999999941e-04,-5.146819999999999867e-03,-1.550189999999999901e-02
6.869120000000000260e-04,-7.720219999999999860e-03,-1.808554000000000064e-02
6.869760000000000580e-04,-1.286701999999999985e-02,-1.033459999999999934e-02
6.870400000000000899e-04,-7.720219999999999860e-03,-1.550189999999999901e-02
6.871040000000000134e-04,-7.720219999999999860e-03,-1.550189999999999901e-02
6.871680000000000453e-04,-5.146819999999999867e-03,-1.808554000000000064e-02
6.872320000000000772e-04,-7.720219999999999860e-03,-1.550189999999999901e-02
6.872960000000000007e-04,-5.146819999999999867e-03,-1.291824000000000097e-02
6.873600000000000326e-04,-2.573399999999999993e-03,-1.808554000000000064e-02
6.874240000000000645e-04,-1.286701999999999985e-02,-1.291824000000000097e-02
6.874880000000000964e-04,-1.029361999999999985e-02,-1.550189999999999901e-02
6.875520000000000199e-04,-7.720219999999999860e-03,-1.033459999999999934e-02
6.876160000000000518e-04,-1.029361999999999985e-02,-1.291824000000000097e-02
6.876800000000000837e-04,-7.720219999999999860e-03,-2.325279999999999708e-02
6.877440000000000072e-04,-1.286701999999999985e-02,-1.291824000000000097e-02
6.878080000000000391e-04,0.000000000000000000e+00,-2.066919999999999868e-02
6.878720000000000711e-04,-7.720219999999999860e-03,-1.291824000000000097e-02
6.879359999999999946e-04,-7.720219999999999860e-03,-1.291824000000000097e-02
6.880000000000000265e-04,-5.146819999999999867e-03,-1.291824000000000097e-02
6.880640000000000584e-04,-1.029361999999999985e-02,-1.808554000000000064e-02
6.881280000000000903e-04,-7.720219999999999860e-03,-1.808554000000000064e-02
6.881920000000000138e-04,-1.801383999999999971e-02,-7.750940000000000434e-03
6.882560000000000457e-04,-5.146819999999999867e-03,-1.033459999999999934e-02
6.883200000000000776e-04,-1.029361999999999985e-02,-2.066919999999999868e-02
6.883840000000000011e-04,-5.146819999999999867e-03,-1.291824000000000097e-02
6.884480000000000330e-04,-7.720219999999999860e-03,-1.033459999999999934e-02
6.885120000000000649e-04,5.146819999999999867e-03,-1.291824000000000097e-02
6.885760000000000968e-04,-1.029361999999999985e-02,-2.066919999999999868e-02
6.886400000000000203e-04,-7.720219999999999860e-03,-1.550189999999999901e-02
6.887040000000000523e-04,-1.286701999999999985e-02,-2.583639999999999895e-02
6.887680000000000842e-04,-1.286701999999999985e-02,-1.291824000000000097e-02
6.888320000000000077e-04,-1.544043999999999972e-02,-1.033459999999999934e-02
6.888960000000000396e-04,-1.544043999999999972e-02,-7.750940000000000434e-03
6.889600000000000715e-04,-7.720219999999999860e-03,-1.550189999999999901e-02
6.890239999999999950e-04,-1.029361999999999985e-02,-1.291824000000000097e-02
6.890880000000000269e-04,-5.146819999999999867e-03,-1.291824000000000097e-02
6.891520000000000588e-04,-7.720219999999999860e-03,-1.291824000000000097e-02
6.892160000000000907e-04,-5.146819999999999867e-03,-2.325279999999999708e-02
6.892800000000000142e-04,-1.286701999999999985e-02,-1.808554000000000064e-02
6.893440000000000461e-04,-1.544043999999999972e-02,-2.325279999999999708e-02
6.894080000000000780e-04,-7.720219999999999860e-03,-1.550189999999999901e-02
6.894720000000000015e-04,-7.720219999999999860e-03,-2.583639999999999895e-02
6.895360000000000334e-04,-1.544043999999999972e-02,-1.808554000000000064e-02
6.896000000000000654e-04,-2.058719999999999994e-02,-1.808554000000000064e-02
6.896639999999999888e-04,-1.286701999999999985e-02,-7.750940000000000434e-03
6.897280000000000208e-04,-7.720219999999999860e-03,-1.550189999999999901e-02
6.897920000000000527e-04,-7.720219999999999860e-03,-1.291824000000000097e-02
6.898560000000000846e-04,-1.544043999999999972e-02,-1.033459999999999934e-02
6.899200000000000081e-04,-7.720219999999999860e-03,-2.066919999999999868e-02
6.899840000000000400e-04,-7.720219999999999860e-03,-2.066919999999999868e-02
6.900480000000000719e-04,-1.286701999999999985e-02,-1.550189999999999901e-02
6.901119999999999954e-04,-7.720219999999999860e-03,-1.291824000000000097e-02
6.901760000000000273e-04,-2.058719999999999994e-02,-1.808554000000000064e-02
6.902400000000000592e-04,-7.720219999999999860e-03,-1.291824000000000097e-02
6.903040000000000911e-04,-1.544043999999999972e-02,-1.291824000000000097e-02
6.903680000000000146e-04,-7.720219999999999860e-03,-1.550189999999999901e-02
6.904320000000000465e-04,-1.544043999999999972e-02,-1.291824000000000097e-02
6.904960000000000785e-04,-7.720219999999999860e-03,-1.033459999999999934e-02
6.905600000000000020e-04,-1.029361999999999985e-02,-1.808554000000000064e-02
6.906240000000000339e-04,-7.720219999999999860e-03,-1.291824000000000097e-02
6.906880000000000658e-04,-1.544043999999999972e-02,-2.842019999999999963e-02
6.907519999999999893e-04,-1.801383999999999971e-02,-1.550189999999999901e-02
6.908160000000000212e-04,-1.029361999999999985e-02,-1.291824000000000097e-02
6.908800000000000531e-04,-7.720219999999999860e-03,-1.550189999999999901e-02
6.909440000000000850e-04,-7.720219999999999860e-03,-1.808554000000000064e-02
6.910080000000000085e-04,-1.286701999999999985e-02,-2.066919999999999868e-02
6.910720000000000404e-04,-2.573399999999999993e-03,-1.291824000000000097e-02
6.911360000000000723e-04,-7.720219999999999860e-03,-1.808554000000000064e-02
6.911999999999999958e-04,-7.720219999999999860e-03,-2.583639999999999895e-02
6.912640000000000277e-04,-1.029361999999999985e-02,-1.550189999999999901e-02
6.913280000000000597e-04,-1.801383999999999971e-02,-1.550189999999999901e-02
6.913920000000000916e-04,-1.286701999999999985e-02,-1.808554000000000064e-02
6.914560000000000151e-04,-7.720219999999999860e-03,-1.550189999999999901e-02
6.915200000000000470e-04,-1.029361999999999985e-02,-7.750940000000000434e-03
6.915840000000000789e-04,-1.029361999999999985e-02,-2.066919999999999868e-02
6.916480000000000024e-04,-2.316059999999999994e-02,-1.550189999999999901e-02
6.917120000000000343e-04,-5.146819999999999867e-03,-1.550189999999999901e-02
6.917760000000000662e-04,-5.146819999999999867e-03,-1.808554000000000064e-02
6.918399999999999897e-04,-1.029361999999999985e-02,-2.325279999999999708e-02
6.919040000000000216e-04,-5.146819999999999867e-03,-1.550189999999999901e-02
6.919680000000000535e-04,-1.544043999999999972e-02,-2.066919999999999868e-02
6.920320000000000854e-04,-1.544043999999999972e-02,-1.808554000000000064e-02
6.920960000000000089e-04,-7.720219999999999860e-03,-2.325279999999999708e-02
6.921600000000000408e-04,-1.029361999999999985e-02,-1.550189999999999901e-02
6.922240000000000728e-04,-5.146819999999999867e-03,-1.550189999999999901e-02
6.922879999999999963e-04,-2.573399999999999993e-03,-1.808554000000000064e-02
6.923520000000000282e-04,-1.544043999999999972e-02,-7.750940000000000434e-03
6.924160000000000601e-04,-1.029361999999999985e-02,-1.291824000000000097e-02
6.924800000000000920e-04,-1.801383999999999971e-02,-1.550189999999999901e-02
6.925440000000000155e-04,-7.720219999999999860e-03,-1.550189999999999901e-02
6.926080000000000474e-04,-1.029361999999999985e-02,-1.291824000000000097e-02
6.926720000000000793e-04,-7.720219999999999860e-03,-1.550189999999999901e-02
6.927360000000000028e-04,-2.573399999999999993e-03,-2.066919999999999868e-02
6.928000000000000347e-04,-1.029361999999999985e-02,-1.808554000000000064e-02
6.928640000000000666e-04,-1.029361999999999985e-02,-1.808554000000000064e-02
6.929279999999999901e-04,-5.146819999999999867e-03,-1.550189999999999901e-02
6.929920000000000220e-04,-1.029361999999999985e-02,-1.808554000000000064e-02
6.930560000000000540e-04,-1.801383999999999971e-02,-2.066919999999999868e-02
6.931200000000000859e-04,-1.286701999999999985e-02,-2.066919999999999868e-02
6.931840000000000094e-04,-7.720219999999999860e-03,-1.808554000000000064e-02
6.932480000000000413e-04,-1.029361999999999985e-02,-1.550189999999999901e-02
6.933120000000000732e-04,-5.146819999999999867e-03,-1.291824000000000097e-02
6.933759999999999967e-04,-1.286701999999999985e-02,-1.550189999999999901e-02
6.934400000000000286e-04,-1.029361999999999985e-02,-1.808554000000000064e-02
6.935040000000000605e-04,-2.573399999999999993e-03,-2.066919999999999868e-02
6.935680000000000924e-04,-2.573399999999999993e-03,-1.808554000000000064e-02
6.936320000000000159e-04,-7.720219999999999860e-03,-1.550189999999999901e-02
6.936960000000000478e-04,-5.146819999999999867e-03,-1.808554000000000064e-02
6.937600000000000797e-04,-1.029361999999999985e-02,-1.291824000000000097e-02
6.938240000000000032e-04,-1.029361999999999985e-02,-7.750940000000000434e-03
6.938880000000000351e-04,-1.029361999999999985e-02,-1.808554000000000064e-02
6.939520000000000671e-04,-1.286701999999999985e-02,-1.550189999999999901e-02
6.940159999999999905e-04,-7.720219999999999860e-03,-1.808554000000000064e-02
6.940800000000000225e-04,-2.573399999999999993e-03,-1.033459999999999934e-02
6.941440000000000544e-04,-5.146819999999999867e-03,-1.550189999999999901e-02
6.942080000000000863e-04,-2.573399999999999993e-03,-2.066919999999999868e-02
6.942720000000000098e-04,0.000000000000000000e+00,-1.808554000000000064e-02
6.943360000000000417e-04,-5.146819999999999867e-03,-1.550189999999999901e-02
6.944000000000000736e-04,-1.029361999999999985e-02,-1.291824000000000097e-02
6.944639999999999971e-04,-1.544043999999999972e-02,-1.291824000000000097e-02
6.945280000000000290e-04,-1.286701999999999985e-02,-1.033459999999999934e-02
6.945920000000000609e-04,-5.146819999999999867e-03,-1.291824000000000097e-02
6.946560000000000928e-04,-7.720219999999999860e-03,-1.291824000000000097e-02
6.947200000000000163e-04,-2.573399999999999993e-03,-1.033459999999999934e-02
6.947840000000000482e-04,-5.146819999999999867e-03,-1.291824000000000097e-02
6.948480000000000802e-04,-7.720219999999999860e-03,-7.750940000000000434e-03
6.949120000000000037e-04,-7.720219999999999860e-03,-2.583640000000000329e-03
6.949760000000000356e-04,-1.544043999999999972e-02,-1.291824000000000097e-02
6.950400000000000675e-04,-5.146819999999999867e-03,-1.291824000000000097e-02
6.951039999999999910e-04,-1.286701999999999985e-02,-1.033459999999999934e-02
6.951680000000000229e-04,-1.029361999999999985e-02,-1.550189999999999901e-02
6.952320000000000548e-04,2.573399999999999993e-03,-1.291824000000000097e-02
6.952960000000000867e-04,-2.573399999999999993e-03,-1.550189999999999901e-02
6.953600000000000102e-04,-5.146819999999999867e-03,-5.167299999999999671e-03
6.954240000000000421e-04,-5.146819999999999867e-03,-1.291824000000000097e-02
6.954880000000000740e-04,-2.573399999999999993e-03,-7.750940000000000434e-03
6.955519999999999975e-04,-5.146819999999999867e-03,-1.550189999999999901e-02
6.956160000000000294e-04,-1.286701999999999985e-02,-1.291824000000000097e-02
6.956800000000000614e-04,-2.573399999999999993e-03,-1.033459999999999934e-02
6.957440000000000933e-04,-7.720219999999999860e-03,-1.550189999999999901e-02
6.958080000000000168e-04,-1.029361999999999985e-02,-1.291824000000000097e-02
6.958720000000000487e-04,0.000000000000000000e+00,-2.583640000000000329e-03
6.959360000000000806e-04,-1.029361999999999985e-02,-1.291824000000000097e-02
6.960000000000000041e-04,0.000000000000000000e+00,-1.550189999999999901e-02
6.960640000000000360e-04,0.000000000000000000e+00,0.000000000000000000e+00
6.961280000000000679e-04,-1.029361999999999985e-02,-1.291824000000000097e-02
6.961919999999999914e-04,-1.286701999999999985e-02,-1.033459999999999934e-02
6.962560000000000233e-04,-1.029361999999999985e-02,-1.808554000000000064e-02
6.963200000000000552e-04,-5.146819999999999867e-03,-1.033459999999999934e-02
6.963840000000000871e-04,-2.573399999999999993e-03,-1.550189999999999901e-02
6.964480000000000106e-04,-5.146819999999999867e-03,-1.033459999999999934e-02
6.965120000000000425e-04,-5.146819999999999867e-03,-1.808554000000000064e-02
6.965760000000000745e-04,-5.146819999999999867e-03,-2.066919999999999868e-02
6.966399999999999980e-04,-5.146819999999999867e-03,-1.033459999999999934e-02
6.967040000000000299e-04,-5.146819999999999867e-03,-1.550189999999999901e-02
6.967680000000000618e-04,-1.286701999999999985e-02,-1.291824000000000097e-02
6.968320000000000937e-04,5.146819999999999867e-03,-1.291824000000000097e-02
6.968960000000000172e-04,2.573399999999999993e-03,-7.750940000000000434e-03
6.969600000000000491e-04,-2.573399999999999993e-03,-1.550189999999999901e-02
6.970240000000000810e-04,0.000000000000000000e+00,-1.291824000000000097e-02
6.970880000000000045e-04,-1.029361999999999985e-02,-1.550189999999999901e-02
6.971520000000000364e-04,5.146819999999999867e-03,-1.033459999999999934e-02
6.972160000000000683e-04,-7.720219999999999860e-03,-1.033459999999999934e-02
6.972799999999999918e-04,-5.146819999999999867e-03,-1.808554000000000064e-02
6.973440000000000237e-04,-5.146819999999999867e-03,-1.033459999999999934e-02
6.974080000000000557e-04,-5.146819999999999867e-03,-1.808554000000000064e-02
6.974720000000000876e-04,-5.146819999999999867e-03,-1.033459999999999934e-02
6.975360000000000111e-04,-2.573399999999999993e-03,-1.291824000000000097e-02
6.976000000000000430e-04,-7.720219999999999860e-03,-1.291824000000000097e-02
6.976640000000000749e-04,-1.286701999999999985e-02,-1.550189999999999901e-02
6.977279999999999984e-04,-7.720219999999999860e-03,-1.033459999999999934e-02
6.977920000000000303e-04,-2.573399999999999993e-03,-1.291824000000000097e-02
6.978560000000000622e-04,-2.573399999999999993e-03,-7.750940000000000434e-03
6.979200000000000941e-04,-7.720219999999999860e-03,-1.550189999999999901e-02
6.979840000000000176e-04,-1.029361999999999985e-02,-1.550189999999999901e-02
6.980480000000000495e-04,-7.720219999999999860e-03,-1.033459999999999934e-02
6.981120000000000814e-04,-2.573399999999999993e-03,-1.550189999999999901e-02
6.981760000000000049e-04,-5.146819999999999867e-03,-1.291824000000000097e-02
6.982400000000000368e-04,-7.720219999999999860e-03,-1.033459999999999934e-02
6.983040000000000688e-04,-1.286701999999999985e-02,-1.033459999999999934e-02
6.983679999999999922e-04,-1.029361999999999985e-02,-1.033459999999999934e-02
6.984320000000000242e-04,-2.573399999999999993e-03,-1.808554000000000064e-02
6.984960000000000561e-04,-5.146819999999999867e-03,-5.167299999999999671e-03
6.985600000000000880e-04,-5.146819999999999867e-03,-1.291824000000000097e-02
6.986240000000000115e-04,-1.029361999999999985e-02,-1.033459999999999934e-02
6.986880000000000434e-04,-1.029361999999999985e-02,-1.550189999999999901e-02
6.987520000000000753e-04,-7.720219999999999860e-03,-2.066919999999999868e-02
6.988159999999999988e-04,-7.720219999999999860e-03,-1.291824000000000097e-02
6.988800000000000307e-04,-2.058719999999999994e-02,-1.033459999999999934e-02
6.989440000000000626e-04,-1.544043999999999972e-02,-7.750940000000000434e-03
6.990080000000000945e-04,-2.058719999999999994e-02,-1.291824000000000097e-02
6.990720000000000180e-04,-1.544043999999999972e-02,-1.808554000000000064e-02
6.991360000000000499e-04,-5.146819999999999867e-03,-1.033459999999999934e-02
6.992000000000000819e-04,-1.286701999999999985e-02,-7.750940000000000434e-03
6.992640000000000054e-04,-1.544043999999999972e-02,-1.291824000000000097e-02
6.993280000000000373e-04,-5.146819999999999867e-03,-1.033459999999999934e-02
6.993920000000000692e-04,-1.286701999999999985e-02,-1.550189999999999901e-02
6.994559999999999927e-04,-1.286701999999999985e-02,-1.291824000000000097e-02
6.995200000000000246e-04,-1.286701999999999985e-02,-2.583640000000000329e-03
6.995840000000000565e-04,-1.286701999999999985e-02,-1.291824000000000097e-02
6.996480000000000884e-04,-7.720219999999999860e-03,-5.167299999999999671e-03
6.997120000000000119e-04,-1.029361999999999985e-02,-1.291824000000000097e-02
6.997760000000000438e-04,-5.146819999999999867e-03,-7.750940000000000434e-03
6.998400000000000757e-04,-1.544043999999999972e-02,-2.066919999999999868e-02
6.999039999999999992e-04,-1.801383999999999971e-02,-7.750940000000000434e-03
6.999680000000000311e-04,-7.720219999999999860e-03,-1.291824000000000097e-02
7.000320000000000631e-04,-1.544043999999999972e-02,-1.291824000000000097e-02
7.000960000000000950e-04,-1.544043999999999972e-02,-1.808554000000000064e-02
7.001600000000000185e-04,-1.544043999999999972e-02,-1.808554000000000064e-02
7.002240000000000504e-04,-1.286701999999999985e-02,-1.808554000000000064e-02
7.002880000000000823e-04,-1.029361999999999985e-02,-1.808554000000000064e-02
7.003520000000000058e-04,-2.573399999999999993e-02,-7.750940000000000434e-03
7.004160000000000377e-04,-1.029361999999999985e-02,-1.550189999999999901e-02
7.004800000000000696e-04,-1.544043999999999972e-02,-1.808554000000000064e-02
7.005439999999999931e-04,-1.801383999999999971e-02,-1.291824000000000097e-02
7.006080000000000250e-04,-2.058719999999999994e-02,-5.167299999999999671e-03
7.006720000000000569e-04,-1.286701999999999985e-02,-1.033459999999999934e-02
7.007360000000000888e-04,-1.286701999999999985e-02,-1.033459999999999934e-02
7.008000000000000123e-04,-1.029361999999999985e-02,-1.550189999999999901e-02
7.008640000000000442e-04,-7.720219999999999860e-03,-1.291824000000000097e-02
7.009280000000000762e-04,-1.544043999999999972e-02,-1.291824000000000097e-02
7.009919999999999997e-04,-1.286701999999999985e-02,-1.550189999999999901e-02
7.010560000000000316e-04,-1.801383999999999971e-02,-1.033459999999999934e-02
7.011200000000000635e-04,-2.058719999999999994e-02,-1.291824000000000097e-02
7.011840000000000954e-04,-1.544043999999999972e-02,-1.291824000000000097e-02
7.012480000000000189e-04,-1.286701999999999985e-02,-2.066919999999999868e-02
7.013120000000000508e-04,-1.286701999999999985e-02,-7.750940000000000434e-03
7.013760000000000827e-04,-1.801383999999999971e-02,-1.033459999999999934e-02
7.014400000000000062e-04,-7.720219999999999860e-03,-1.291824000000000097e-02
7.015040000000000381e-04,-1.029361999999999985e-02,-1.291824000000000097e-02
7.015680000000000700e-04,-1.029361999999999985e-02,-2.066919999999999868e-02
7.016319999999999935e-04,-1.286701999999999985e-02,-1.550189999999999901e-02
7.016960000000000254e-04,-1.286701999999999985e-02,-1.550189999999999901e-02
7.017600000000000574e-04,-2.316059999999999994e-02,-1.550189999999999901e-02
7.018240000000000893e-04,-1.029361999999999985e-02,-1.291824000000000097e-02
7.018880000000000128e-04,-2.316059999999999994e-02,-7.750940000000000434e-03
7.019520000000000447e-04,-1.801383999999999971e-02,-7.750940000000000434e-03
7.020160000000000766e-04,-1.544043999999999972e-02,-1.808554000000000064e-02
7.020800000000000001e-04,-1.544043999999999972e-02,-1.808554000000000064e-02
7.021440000000000320e-04,-1.544043999999999972e-02,-1.550189999999999901e-02
7.022080000000000639e-04,-1.544043999999999972e-02,-1.033459999999999934e-02
7.022720000000000958e-04,-1.029361999999999985e-02,-1.808554000000000064e-02
7.023360000000000193e-04,-1.544043999999999972e-02,-1.808554000000000064e-02
7.024000000000000512e-04,-1.801383999999999971e-02,-5.167299999999999671e-03
7.024640000000000831e-04,-1.286701999999999985e-02,-1.550189999999999901e-02
7.025280000000000066e-04,-1.286701999999999985e-02,-1.550189999999999901e-02
7.025920000000000385e-04,-1.801383999999999971e-02,-1.291824000000000097e-02
7.026560000000000705e-04,-1.544043999999999972e-02,-1.550189999999999901e-02
7.027199999999999940e-04,-1.801383999999999971e-02,-1.808554000000000064e-02
7.027840000000000259e-04,-1.544043999999999972e-02,-1.550189999999999901e-02
7.028480000000000578e-04,-2.058719999999999994e-02,-1.033459999999999934e-02
7.029120000000000897e-04,-1.286701999999999985e-02,-2.066919999999999868e-02
7.029760000000000132e-04,-1.544043999999999972e-02,-1.291824000000000097e-02
7.030400000000000451e-04,-1.544043999999999972e-02,-1.550189999999999901e-02
7.031040000000000770e-04,-1.544043999999999972e-02,-1.033459999999999934e-02
7.031680000000000005e-04,-1.801383999999999971e-02,-1.033459999999999934e-02
7.032320000000000324e-04,-2.058719999999999994e-02,-1.550189999999999901e-02
7.032960000000000643e-04,-1.544043999999999972e-02,-1.033459999999999934e-02
7.033600000000000962e-04,-1.801383999999999971e-02,-1.291824000000000097e-02
7.034240000000000197e-04,-2.058719999999999994e-02,-1.550189999999999901e-02
7.034880000000000516e-04,-2.316059999999999994e-02,-1.291824000000000097e-02
7.035520000000000836e-04,-1.544043999999999972e-02,-1.291824000000000097e-02
7.036160000000000071e-04,-1.544043999999999972e-02,-1.291824000000000097e-02
7.036800000000000390e-04,-2.058719999999999994e-02,-1.808554000000000064e-02
7.037440000000000709e-04,-1.286701999999999985e-02,-1.550189999999999901e-02
7.038079999999999944e-04,-2.058719999999999994e-02,-2.066919999999999868e-02
7.038720000000000263e-04,-1.286701999999999985e-02,-1.550189999999999901e-02
7.039360000000000582e-04,-1.286701999999999985e-02,-1.550189999999999901e-02
7.040000000000000901e-04,-2.573399999999999993e-02,-1.291824000000000097e-02
7.040640000000000136e-04,-2.316059999999999994e-02,-7.750940000000000434e-03
7.041280000000000455e-04,-2.316059999999999994e-02,-1.291824000000000097e-02
7.041920000000000774e-04,-1.544043999999999972e-02,-2.066919999999999868e-02
7.042560000000000009e-04,-1.801383999999999971e-02,-1.291824000000000097e-02
7.043200000000000328e-04,-1.544043999999999972e-02,-2.066919999999999868e-02
7.043840000000000648e-04,-2.058719999999999994e-02,-1.550189999999999901e-02
7.044480000000000967e-04,-1.801383999999999971e-02,-1.808554000000000064e-02
7.045120000000000202e-04,-1.801383999999999971e-02,-1.808554000000000064e-02
7.045760000000000521e-04,-1.544043999999999972e-02,-1.808554000000000064e-02
7.046400000000000840e-04,-1.801383999999999971e-02,-1.808554000000000064e-02
7.047040000000000075e-04,-1.286701999999999985e-02,-1.550189999999999901e-02
7.047680000000000394e-04,-1.544043999999999972e-02,-1.808554000000000064e-02
7.048320000000000713e-04,-7.720219999999999860e-03,-1.808554000000000064e-02
7.048959999999999948e-04,-2.058719999999999994e-02,-1.550189999999999901e-02
7.049600000000000267e-04,-1.286701999999999985e-02,-1.033459999999999934e-02
7.050240000000000586e-04,-1.801383999999999971e-02,-1.550189999999999901e-02
7.050880000000000905e-04,-2.058719999999999994e-02,-1.033459999999999934e-02
7.051520000000000140e-04,-2.316059999999999994e-02,-1.550189999999999901e-02
7.052160000000000459e-04,-2.058719999999999994e-02,-1.550189999999999901e-02
7.052800000000000779e-04,-1.544043999999999972e-02,-1.033459999999999934e-02
7.053440000000000014e-04,-2.058719999999999994e-02,-1.033459999999999934e-02
7.054080000000000333e-04,-2.316059999999999994e-02,-1.808554000000000064e-02
7.054720000000000652e-04,-1.544043999999999972e-02,-1.550189999999999901e-02
7.055360000000000971e-04,-1.544043999999999972e-02,-2.066919999999999868e-02
7.056000000000000206e-04,-1.801383999999999971e-02,-1.291824000000000097e-02
7.056640000000000525e-04,-1.801383999999999971e-02,-1.808554000000000064e-02
7.057280000000000844e-04,-1.286701999999999985e-02,-7.750940000000000434e-03
7.057920000000000079e-04,-2.316059999999999994e-02,-2.066919999999999868e-02
7.058560000000000398e-04,-1.801383999999999971e-02,-1.033459999999999934e-02
7.059200000000000717e-04,-2.058719999999999994e-02,-7.750940000000000434e-03
7.059839999999999952e-04,-2.058719999999999994e-02,-1.033459999999999934e-02
7.060480000000000271e-04,-1.544043999999999972e-02,-1.291824000000000097e-02
7.061120000000000591e-04,-1.801383999999999971e-02,-1.550189999999999901e-02
7.061760000000000910e-04,-1.544043999999999972e-02,-2.325279999999999708e-02
7.062400000000000145e-04,-2.058719999999999994e-02,-1.550189999999999901e-02
7.063040000000000464e-04,-1.801383999999999971e-02,-1.291824000000000097e-02
7.063680000000000783e-04,-1.544043999999999972e-02,-1.550189999999999901e-02
7.064320000000000018e-04,-2.058719999999999994e-02,-1.291824000000000097e-02
7.064960000000000337e-04,-1.801383999999999971e-02,-1.550189999999999901e-02
7.065600000000000656e-04,-1.801383999999999971e-02,-2.066919999999999868e-02
7.066240000000000975e-04,-1.544043999999999972e-02,-1.808554000000000064e-02
7.066880000000000210e-04,-1.801383999999999971e-02,-1.550189999999999901e-02
7.067520000000000529e-04,-1.286701999999999985e-02,-1.033459999999999934e-02
7.068160000000000848e-04,-1.286701999999999985e-02,-1.033459999999999934e-02
7.068800000000000083e-04,-1.544043999999999972e-02,-7.750940000000000434e-03
7.069440000000000402e-04,-2.058719999999999994e-02,-1.808554000000000064e-02
7.070080000000000722e-04,-2.058719999999999994e-02,-1.033459999999999934e-02
7.070719999999999957e-04,-1.801383999999999971e-02,-1.808554000000000064e-02
7.071360000000000276e-04,-2.573399999999999993e-02,-7.750940000000000434e-03
7.072000000000000595e-04,-1.801383999999999971e-02,-2.583639999999999895e-02
7.072640000000000914e-04,-1.801383999999999971e-02,-1.808554000000000064e-02
7.073280000000000149e-04,-2.316059999999999994e-02,-1.291824000000000097e-02
7.073920000000000468e-04,-2.316059999999999994e-02,-1.033459999999999934e-02
7.074560000000000787e-04,-1.286701999999999985e-02,-1.291824000000000097e-02
7.075200000000000022e-04,-1.544043999999999972e-02,-1.033459999999999934e-02
7.075840000000000341e-04,-1.544043999999999972e-02,-1.550189999999999901e-02
7.076480000000000660e-04,-1.544043999999999972e-02,-1.291824000000000097e-02
7.077120000000000979e-04,-1.544043999999999972e-02,-1.033459999999999934e-02
7.077760000000000214e-04,-1.029361999999999985e-02,-1.550189999999999901e-02
7.078400000000000533e-04,-1.544043999999999972e-02,-1.550189999999999901e-02
7.079040000000000853e-04,-1.801383999999999971e-02,-1.550189999999999901e-02
7.079680000000000088e-04,-1.801383999999999971e-02,-1.291824000000000097e-02
7.080320000000000407e-04,-2.573399999999999993e-02,-1.291824000000000097e-02
7.080960000000000726e-04,-2.058719999999999994e-02,-1.033459999999999934e-02
7.081599999999999961e-04,-2.316059999999999994e-02,-7.750940000000000434e-03
7.082240000000000280e-04,-1.801383999999999971e-02,-1.291824000000000097e-02
7.082880000000000599e-04,-1.544043999999999972e-02,-1.291824000000000097e-02
7.083520000000000918e-04,-2.058719999999999994e-02,-1.808554000000000064e-02
7.084160000000000153e-04,-1.544043999999999972e-02,-1.808554000000000064e-02
7.084800000000000472e-04,-1.801383999999999971e-02,-1.033459999999999934e-02
7.085440000000000791e-04,-1.801383999999999971e-02,-1.808554000000000064e-02
7.086080000000000026e-04,-2.316059999999999994e-02,-1.550189999999999901e-02
7.086720000000000345e-04,-2.058719999999999994e-02,-1.550189999999999901e-02
7.087360000000000665e-04,-2.316059999999999994e-02,-1.550189999999999901e-02
7.087999999999999899e-04,-2.573399999999999993e-02,-1.033459999999999934e-02
7.088640000000000219e-04,-2.316059999999999994e-02,-1.808554000000000064e-02
7.089280000000000538e-04,-1.544043999999999972e-02,-1.550189999999999901e-02
7.089920000000000857e-04,-7.720219999999999860e-03,-1.291824000000000097e-02
7.090560000000000092e-04,-2.058719999999999994e-02,-1.550189999999999901e-02
7.091200000000000411e-04,-1.801383999999999971e-02,-2.066919999999999868e-02
7.091840000000000730e-04,-1.544043999999999972e-02,-1.291824000000000097e-02
7.092479999999999965e-04,-1.544043999999999972e-02,-1.550189999999999901e-02
7.093120000000000284e-04,-2.573399999999999993e-02,-7.750940000000000434e-03
7.093760000000000603e-04,-2.316059999999999994e-02,-1.550189999999999901e-02
7.094400000000000922e-04,-2.058719999999999994e-02,-2.325279999999999708e-02
7.095040000000000157e-04,-2.830739999999999992e-02,-1.550189999999999901e-02
7.095680000000000476e-04,-1.801383999999999971e-02,-1.291824000000000097e-02
7.096320000000000796e-04,-1.801383999999999971e-02,-1.033459999999999934e-02
7.096960000000000031e-04,-1.801383999999999971e-02,-5.167299999999999671e-03
7.097600000000000350e-04,-1.801383999999999971e-02,-2.066919999999999868e-02
7.098240000000000669e-04,-2.573399999999999993e-02,-1.291824000000000097e-02
7.098879999999999904e-04,-2.058719999999999994e-02,-1.550189999999999901e-02
7.099520000000000223e-04,-1.801383999999999971e-02,-2.325279999999999708e-02
7.100160000000000542e-04,-1.544043999999999972e-02,-2.066919999999999868e-02
7.100800000000000861e-04,-1.286701999999999985e-02,-1.808554000000000064e-02
7.101440000000000096e-04,-2.316059999999999994e-02,-1.291824000000000097e-02
7.102080000000000415e-04,-1.801383999999999971e-02,-1.291824000000000097e-02
7.102720000000000734e-04,-2.058719999999999994e-02,-1.808554000000000064e-02
7.103359999999999969e-04,-2.058719999999999994e-02,-1.550189999999999901e-02
7.104000000000000288e-04,-1.286701999999999985e-02,-1.291824000000000097e-02
7.104640000000000608e-04,-2.316059999999999994e-02,-1.033459999999999934e-02
7.105280000000000927e-04,-1.801383999999999971e-02,-2.583639999999999895e-02
7.105920000000000162e-04,-2.316059999999999994e-02,-1.550189999999999901e-02
7.106560000000000481e-04,-1.544043999999999972e-02,-2.066919999999999868e-02
7.107200000000000800e-04,-1.544043999999999972e-02,-1.033459999999999934e-02
7.107840000000000035e-04,-2.316059999999999994e-02,-1.291824000000000097e-02
7.108480000000000354e-04,-2.316059999999999994e-02,-1.550189999999999901e-02
7.109120000000000673e-04,-1.544043999999999972e-02,-1.291824000000000097e-02
7.109759999999999908e-04,-2.058719999999999994e-02,-1.291824000000000097e-02
7.110400000000000227e-04,-1.544043999999999972e-02,-7.750940000000000434e-03
7.111040000000000546e-04,-1.801383999999999971e-02,-1.291824000000000097e-02
7.111680000000000865e-04,-1.286701999999999985e-02,-1.550189999999999901e-02
7.112320000000000100e-04,-1.286701999999999985e-02,-1.291824000000000097e-02
7.112960000000000419e-04,-1.544043999999999972e-02,-1.291824000000000097e-02
7.113600000000000739e-04,-1.801383999999999971e-02,-1.550189999999999901e-02
7.114239999999999974e-04,-1.544043999999999972e-02,-1.033459999999999934e-02
7.114880000000000293e-04,-1.544043999999999972e-02,-1.808554000000000064e-02
7.115520000000000612e-04,-2.058719999999999994e-02,-1.033459999999999934e-02
7.116160000000000931e-04,-1.544043999999999972e-02,-1.033459999999999934e-02
7.116800000000000166e-04,-1.801383999999999971e-02,-1.291824000000000097e-02
7.117440000000000485e-04,-7.720219999999999860e-03,-7.750940000000000434e-03
7.118080000000000804e-04,-1.544043999999999972e-02,0.000000000000000000e+00
7.118720000000000039e-04,-2.058719999999999994e-02,-1.550189999999999901e-02
7.119360000000000358e-04,-2.058719999999999994e-02,-1.550189999999999901e-02
7.120000000000000677e-04,-1.801383999999999971e-02,0.000000000000000000e+00
7.120639999999999912e-04,-1.801383999999999971e-02,-1.550189999999999901e-02
7.121280000000000231e-04,-1.801383999999999971e-02,-1.550189999999999901e-02
7.121920000000000551e-04,-1.801383999999999971e-02,-1.033459999999999934e-02
7.122560000000000870e-04,-7.720219999999999860e-03,-1.033459999999999934e-02
7.123200000000000105e-04,-1.544043999999999972e-02,-1.291824000000000097e-02
7.123840000000000424e-04,-2.058719999999999994e-02,-1.291824000000000097e-02
7.124480000000000743e-04,-1.286701999999999985e-02,-1.033459999999999934e-02
7.125119999999999978e-04,-1.801383999999999971e-02,-1.808554000000000064e-02
7.125760000000000297e-04,-1.286701999999999985e-02,-2.066919999999999868e-02
7.126400000000000616e-04,-1.544043999999999972e-02,-1.033459999999999934e-02
7.127040000000000935e-04,-1.286701999999999985e-02,-7.750940000000000434e-03
7.127680000000000170e-04,-1.801383999999999971e-02,-1.033459999999999934e-02
7.128320000000000489e-04,-1.801383999999999971e-02,-7.750940000000000434e-03
7.128960000000000808e-04,-1.544043999999999972e-02,-1.033459999999999934e-02
7.129600000000000043e-04,-1.801383999999999971e-02,-1.291824000000000097e-02
7.130240000000000362e-04,-1.286701999999999985e-02,-1.033459999999999934e-02
7.130880000000000682e-04,-1.286701999999999985e-02,-1.033459999999999934e-02
7.131519999999999916e-04,-1.544043999999999972e-02,-1.550189999999999901e-02
7.132160000000000236e-04,-7.720219999999999860e-03,-7.750940000000000434e-03
7.132800000000000555e-04,-7.720219999999999860e-03,-7.750940000000000434e-03
7.133440000000000874e-04,-1.029361999999999985e-02,-1.291824000000000097e-02
7.134080000000000109e-04,-2.058719999999999994e-02,-1.291824000000000097e-02
7.134720000000000428e-04,-1.286701999999999985e-02,-1.291824000000000097e-02
7.135360000000000747e-04,-7.720219999999999860e-03,-2.583640000000000329e-03
7.135999999999999982e-04,-1.029361999999999985e-02,-1.550189999999999901e-02
7.136640000000000301e-04,-1.029361999999999985e-02,-1.033459999999999934e-02
7.137280000000000620e-04,-1.286701999999999985e-02,-1.291824000000000097e-02
7.137920000000000939e-04,-5.146819999999999867e-03,-2.583640000000000329e-03
7.138560000000000174e-04,-1.286701999999999985e-02,-7.750940000000000434e-03
7.139200000000000493e-04,-7.720219999999999860e-03,-2.066919999999999868e-02
7.139840000000000813e-04,-5.146819999999999867e-03,-1.033459999999999934e-02
7.140480000000000048e-04,-1.029361999999999985e-02,-7.750940000000000434e-03
7.141120000000000367e-04,-1.286701999999999985e-02,-1.291824000000000097e-02
7.141760000000000686e-04,-7.720219999999999860e-03,-1.550189999999999901e-02
7.142399999999999921e-04,-5.146819999999999867e-03,-1.291824000000000097e-02
7.143040000000000240e-04,-1.029361999999999985e-02,-1.033459999999999934e-02
7.143680000000000559e-04,-1.801383999999999971e-02,-1.291824000000000097e-02
7.144320000000000878e-04,-1.286701999999999985e-02,-1.033459999999999934e-02
7.144960000000000113e-04,-5.146819999999999867e-03,-1.291824000000000097e-02
7.145600000000000432e-04,-1.029361999999999985e-02,-1.033459999999999934e-02
7.146240000000000751e-04,-7.720219999999999860e-03,-7.750940000000000434e-03
7.146879999999999986e-04,-1.029361999999999985e-02,-1.033459999999999934e-02
7.147520000000000305e-04,-1.029361999999999985e-02,-1.033459999999999934e-02
7.148160000000000625e-04,-1.029361999999999985e-02,-1.550189999999999901e-02
7.148800000000000944e-04,-1.544043999999999972e-02,-1.291824000000000097e-02
7.149440000000000179e-04,-5.146819999999999867e-03,-1.808554000000000064e-02
7.150080000000000498e-04,-1.029361999999999985e-02,-1.550189999999999901e-02
7.150720000000000817e-04,-1.029361999999999985e-02,-1.291824000000000097e-02
7.151360000000000052e-04,-5.146819999999999867e-03,-1.550189999999999901e-02
7.152000000000000371e-04,-1.544043999999999972e-02,-1.550189999999999901e-02
7.152640000000000690e-04,-7.720219999999999860e-03,-1.033459999999999934e-02
7.153279999999999925e-04,-1.544043999999999972e-02,-1.291824000000000097e-02
7.153920000000000244e-04,-7.720219999999999860e-03,-1.291824000000000097e-02
7.154560000000000563e-04,-7.720219999999999860e-03,-1.550189999999999901e-02
7.155200000000000882e-04,-1.544043999999999972e-02,-5.167299999999999671e-03
7.155840000000000117e-04,-5.146819999999999867e-03,-1.033459999999999934e-02
7.156480000000000436e-04,-1.544043999999999972e-02,-1.033459999999999934e-02
7.157120000000000756e-04,-1.286701999999999985e-02,-1.033459999999999934e-02
7.157759999999999991e-04,-1.029361999999999985e-02,-1.033459999999999934e-02
7.158400000000000310e-04,-1.286701999999999985e-02,-5.167299999999999671e-03
7.159040000000000629e-04,-2.573399999999999993e-03,-1.291824000000000097e-02
7.159680000000000948e-04,0.000000000000000000e+00,-7.750940000000000434e-03
7.160320000000000183e-04,-5.146819999999999867e-03,-7.750940000000000434e-03
7.160960000000000502e-04,-1.286701999999999985e-02,-1.033459999999999934e-02
7.161600000000000821e-04,-1.544043999999999972e-02,-2.583640000000000329e-03
7.162240000000000056e-04,-1.286701999999999985e-02,-2.066919999999999868e-02
7.162880000000000375e-04,-7.720219999999999860e-03,-7.750940000000000434e-03
7.163520000000000694e-04,-7.720219999999999860e-03,-1.291824000000000097e-02
7.164159999999999929e-04,-1.286701999999999985e-02,-1.550189999999999901e-02
7.164800000000000248e-04,-1.029361999999999985e-02,-7.750940000000000434e-03
7.165440000000000568e-04,-7.720219999999999860e-03,-1.033459999999999934e-02
7.166080000000000887e-04,-1.029361999999999985e-02,-1.550189999999999901e-02
7.166720000000000122e-04,-1.544043999999999972e-02,-1.550189999999999901e-02
7.167360000000000441e-04,-1.544043999999999972e-02,-5.167299999999999671e-03
7.168000000000000760e-04,-7.720219999999999860e-03,-1.550189999999999901e-02
7.168639999999999995e-04,-1.544043999999999972e-02,-2.583640000000000329e-03
7.169280000000000314e-04,-7.720219999999999860e-03,-1.033459999999999934e-02
7.169920000000000633e-04,-1.029361999999999985e-02,-1.033459999999999934e-02
7.170560000000000952e-04,-1.286701999999999985e-02,-1.550189999999999901e-02
7.171200000000000187e-04,-1.029361999999999985e-02,-1.033459999999999934e-02
7.171840000000000506e-04,-7.720219999999999860e-03,-1.033459999999999934e-02
7.172480000000000825e-04,-7.720219999999999860e-03,-1.033459999999999934e-02
7.173120000000000060e-04,-1.544043999999999972e-02,-1.291824000000000097e-02
7.173760000000000379e-04,-1.286701999999999985e-02,-1.550189999999999901e-02
7.174400000000000699e-04,-5.146819999999999867e-03,-1.291824000000000097e-02
7.175039999999999933e-04,-1.029361999999999985e-02,-7.750940000000000434e-03
7.175680000000000253e-04,-1.544043999999999972e-02,-1.033459999999999934e-02
7.176320000000000572e-04,-1.544043999999999972e-02,-1.291824000000000097e-02
7.176960000000000891e-04,-5.146819999999999867e-03,-1.291824000000000097e-02
7.177600000000000126e-04,-7.720219999999999860e-03,-1.550189999999999901e-02
7.178240000000000445e-04,-7.720219999999999860e-03,-1.033459999999999934e-02
7.178880000000000764e-04,-5.146819999999999867e-03,-1.291824000000000097e-02
7.179519999999999999e-04,-1.544043999999999972e-02,-1.033459999999999934e-02
7.180160000000000318e-04,-1.029361999999999985e-02,-1.808554000000000064e-02
7.180800000000000637e-04,-1.544043999999999972e-02,-1.291824000000000097e-02
7.181440000000000956e-04,-5.146819999999999867e-03,-7.750940000000000434e-03
7.182080000000000191e-04,-1.029361999999999985e-02,-5.167299999999999671e-03
7.182720000000000510e-04,-1.286701999999999985e-02,-1.033459999999999934e-02
7.183360000000000830e-04,-1.029361999999999985e-02,-1.033459999999999934e-02
7.184000000000000065e-04,-1.801383999999999971e-02,-2.066919999999999868e-02
7.184640000000000384e-04,-1.029361999999999985e-02,-1.291824000000000097e-02
7.185280000000000703e-04,-1.029361999999999985e-02,-1.550189999999999901e-02
7.185919999999999938e-04,-1.029361999999999985e-02,-1.291824000000000097e-02
7.186560000000000257e-04,-1.286701999999999985e-02,-1.033459999999999934e-02
7.187200000000000576e-04,-1.029361999999999985e-02,-2.325279999999999708e-02
7.187840000000000895e-04,-1.544043999999999972e-02,-1.291824000000000097e-02
7.188480000000000130e-04,-1.029361999999999985e-02,-2.066919999999999868e-02
7.189120000000000449e-04,-5.146819999999999867e-03,-1.033459999999999934e-02
7.189760000000000768e-04,-1.544043999999999972e-02,-1.550189999999999901e-02
7.190400000000000003e-04,-1.544043999999999972e-02,-1.033459999999999934e-02
7.191040000000000322e-04,-7.720219999999999860e-03,-1.033459999999999934e-02
7.191680000000000642e-04,-7.720219999999999860e-03,-1.033459999999999934e-02
7.192320000000000961e-04,-1.029361999999999985e-02,-1.550189999999999901e-02
7.192960000000000196e-04,-5.146819999999999867e-03,-5.167299999999999671e-03
7.193600000000000515e-04,-1.286701999999999985e-02,-1.550189999999999901e-02
7.194240000000000834e-04,-7.720219999999999860e-03,-7.750940000000000434e-03
7.194880000000000069e-04,-2.573399999999999993e-03,-1.291824000000000097e-02
7.195520000000000388e-04,-7.720219999999999860e-03,-1.291824000000000097e-02
7.196160000000000707e-04,-1.029361999999999985e-02,-7.750940000000000434e-03
7.196799999999999942e-04,-1.029361999999999985e-02,-7.750940000000000434e-03
7.197440000000000261e-04,-7.720219999999999860e-03,-1.291824000000000097e-02
7.198080000000000580e-04,-2.573399999999999993e-03,-7.750940000000000434e-03
7.198720000000000899e-04,-1.801383999999999971e-02,-1.033459999999999934e-02
7.199360000000000134e-04,-1.286701999999999985e-02,-1.291824000000000097e-02
7.200000000000000453e-04,-1.286701999999999985e-02,-1.291824000000000097e-02
7.200640000000000773e-04,-1.029361999999999985e-02,-1.033459999999999934e-02
7.201280000000000008e-04,-1.544043999999999972e-02,-2.066919999999999868e-02
7.201920000000000327e-04,-1.544043999999999972e-02,-1.291824000000000097e-02
7.202560000000000646e-04,-1.544043999999999972e-02,-1.808554000000000064e-02
7.203200000000000965e-04,-1.801383999999999971e-02,-1.291824000000000097e-02
7.203840000000000200e-04,-1.286701999999999985e-02,-2.583640000000000329e-03
7.204480000000000519e-04,-7.720219999999999860e-03,-1.033459999999999934e-02
7.205120000000000838e-04,-7.720219999999999860e-03,-1.808554000000000064e-02
7.205760000000000073e-04,-1.544043999999999972e-02,-1.808554000000000064e-02
7.206400000000000392e-04,-1.029361999999999985e-02,-2.325279999999999708e-02
7.207040000000000711e-04,-1.029361999999999985e-02,-5.167299999999999671e-03
7.207679999999999946e-04,-1.029361999999999985e-02,-2.583639999999999895e-02
7.208320000000000265e-04,-1.286701999999999985e-02,-1.291824000000000097e-02
7.208960000000000585e-04,-1.029361999999999985e-02,-1.550189999999999901e-02
7.209600000000000904e-04,-5.146819999999999867e-03,-1.550189999999999901e-02
7.210240000000000139e-04,-1.029361999999999985e-02,-1.808554000000000064e-02
7.210880000000000458e-04,-1.544043999999999972e-02,-7.750940000000000434e-03
7.211520000000000777e-04,-1.544043999999999972e-02,-1.033459999999999934e-02
7.212160000000000012e-04,-1.801383999999999971e-02,-1.550189999999999901e-02
7.212800000000000331e-04,-1.029361999999999985e-02,-1.033459999999999934e-02
7.213440000000000650e-04,-1.544043999999999972e-02,-1.550189999999999901e-02
7.214080000000000969e-04,-7.720219999999999860e-03,-1.033459999999999934e-02
7.214720000000000204e-04,-1.286701999999999985e-02,-1.550189999999999901e-02
7.215360000000000523e-04,-5.146819999999999867e-03,-1.291824000000000097e-02
7.216000000000000842e-04,-1.029361999999999985e-02,-1.808554000000000064e-02
7.216640000000000077e-04,-1.029361999999999985e-02,-1.808554000000000064e-02
7.217280000000000396e-04,-1.029361999999999985e-02,-1.550189999999999901e-02
7.217920000000000716e-04,-1.029361999999999985e-02,-1.291824000000000097e-02
7.218559999999999950e-04,-1.286701999999999985e-02,-1.550189999999999901e-02
7.219200000000000270e-04,-1.029361999999999985e-02,-1.033459999999999934e-02
7.219840000000000589e-04,-1.544043999999999972e-02,-1.291824000000000097e-02
7.220480000000000908e-04,-1.029361999999999985e-02,-7.750940000000000434e-03
7.221120000000000143e-04,-7.720219999999999860e-03,-5.167299999999999671e-03
7.221760000000000462e-04,-1.286701999999999985e-02,-1.291824000000000097e-02
7.222400000000000781e-04,-1.544043999999999972e-02,-1.033459999999999934e-02
7.223040000000000016e-04,-1.544043999999999972e-02,-1.291824000000000097e-02
7.223680000000000335e-04,-1.286701999999999985e-02,-1.550189999999999901e-02
7.224320000000000654e-04,-1.544043999999999972e-02,-1.291824000000000097e-02
7.224960000000000973e-04,-2.058719999999999994e-02,-1.550189999999999901e-02
7.225600000000000208e-04,-1.286701999999999985e-02,-1.291824000000000097e-02
7.226240000000000527e-04,-1.029361999999999985e-02,-1.291824000000000097e-02
7.226880000000000847e-04,-1.029361999999999985e-02,-1.291824000000000097e-02
7.227520000000000082e-04,-1.544043999999999972e-02,-1.550189999999999901e-02
7.228160000000000401e-04,-2.058719999999999994e-02,-1.550189999999999901e-02
7.228800000000000720e-04,-1.029361999999999985e-02,-1.291824000000000097e-02
7.229439999999999955e-04,-1.029361999999999985e-02,-1.808554000000000064e-02
7.230080000000000274e-04,-1.544043999999999972e-02,-1.033459999999999934e-02
7.230720000000000593e-04,-1.029361999999999985e-02,-2.066919999999999868e-02
7.231360000000000912e-04,-1.029361999999999985e-02,-1.550189999999999901e-02
7.232000000000000147e-04,-5.146819999999999867e-03,-1.808554000000000064e-02
7.232640000000000466e-04,-1.286701999999999985e-02,-1.291824000000000097e-02
7.233280000000000785e-04,-1.029361999999999985e-02,-2.583640000000000329e-03
7.233920000000000020e-04,-1.801383999999999971e-02,-1.291824000000000097e-02
7.234560000000000339e-04,-1.544043999999999972e-02,-1.550189999999999901e-02
7.235200000000000659e-04,-2.573399999999999993e-03,-7.750940000000000434e-03
7.235840000000000978e-04,-1.801383999999999971e-02,-1.808554000000000064e-02
7.236480000000000213e-04,-1.029361999999999985e-02,-1.550189999999999901e-02
7.237120000000000532e-04,-7.720219999999999860e-03,-1.033459999999999934e-02
7.237760000000000851e-04,-1.286701999999999985e-02,-1.291824000000000097e-02
7.238400000000000086e-04,-7.720219999999999860e-03,-2.066919999999999868e-02
7.239040000000000405e-04,-1.801383999999999971e-02,-1.291824000000000097e-02
7.239680000000000724e-04,-7.720219999999999860e-03,-1.550189999999999901e-02
7.240319999999999959e-04,-1.029361999999999985e-02,-1.550189999999999901e-02
7.240960000000000278e-04,-1.029361999999999985e-02,-7.750940000000000434e-03
7.241600000000000597e-04,-1.544043999999999972e-02,-1.550189999999999901e-02
7.242240000000000916e-04,-5.146819999999999867e-03,-7.750940000000000434e-03
7.242880000000000151e-04,-1.029361999999999985e-02,-5.167299999999999671e-03
7.243520000000000470e-04,-1.544043999999999972e-02,-1.808554000000000064e-02
7.244160000000000790e-04,-1.544043999999999972e-02,-1.033459999999999934e-02
7.244800000000000025e-04,-2.058719999999999994e-02,-1.550189999999999901e-02
7.245440000000000344e-04,-1.544043999999999972e-02,-1.550189999999999901e-02
7.246080000000000663e-04,-1.286701999999999985e-02,-1.291824000000000097e-02
7.246720000000000982e-04,-1.801383999999999971e-02,-1.808554000000000064e-02
7.247360000000000217e-04,-1.286701999999999985e-02,-1.550189999999999901e-02
7.248000000000000536e-04,-1.544043999999999972e-02,-7.750940000000000434e-03
7.248640000000000855e-04,-2.058719999999999994e-02,-1.291824000000000097e-02
7.249280000000000090e-04,-1.544043999999999972e-02,-1.033459999999999934e-02
7.249920000000000409e-04,-1.544043999999999972e-02,-1.550189999999999901e-02
7.250560000000000728e-04,-1.544043999999999972e-02,-1.291824000000000097e-02
7.251199999999999963e-04,-1.286701999999999985e-02,-7.750940000000000434e-03
7.251840000000000282e-04,-1.544043999999999972e-02,-1.033459999999999934e-02
7.252480000000000602e-04,-1.801383999999999971e-02,-1.033459999999999934e-02
7.253120000000000921e-04,-1.029361999999999985e-02,-1.550189999999999901e-02
7.253760000000000156e-04,-1.029361999999999985e-02,-1.550189999999999901e-02
7.254400000000000475e-04,-1.544043999999999972e-02,-1.291824000000000097e-02
7.255040000000000794e-04,-1.029361999999999985e-02,-1.808554000000000064e-02
7.255680000000000029e-04,-1.801383999999999971e-02,-1.291824000000000097e-02
7.256320000000000348e-04,-1.029361999999999985e-02,-1.291824000000000097e-02
7.256960000000000667e-04,-7.720219999999999860e-03,-2.066919999999999868e-02
7.257600000000000986e-04,-7.720219999999999860e-03,-1.291824000000000097e-02
7.258240000000000221e-04,-7.720219999999999860e-03,-1.808554000000000064e-02
7.258880000000000540e-04,-7.720219999999999860e-03,-2.066919999999999868e-02
7.259520000000000859e-04,-1.286701999999999985e-02,-1.550189999999999901e-02
7.260160000000000094e-04,-1.544043999999999972e-02,-7.750940000000000434e-03
7.260800000000000413e-04,-2.058719999999999994e-02,-2.066919999999999868e-02
7.261440000000000733e-04,-1.286701999999999985e-02,-7.750940000000000434e-03
7.262079999999999967e-04,-2.058719999999999994e-02,-1.550189999999999901e-02
7.262720000000000287e-04,-1.029361999999999985e-02,-1.550189999999999901e-02
7.263360000000000606e-04,-1.286701999999999985e-02,-1.291824000000000097e-02
7.264000000000000925e-04,-1.544043999999999972e-02,-1.550189999999999901e-02
7.264640000000000160e-04,-1.801383999999999971e-02,-1.550189999999999901e-02
7.265280000000000479e-04,-1.544043999999999972e-02,-1.550189999999999901e-02
7.265920000000000798e-04,-1.029361999999999985e-02,-1.550189999999999901e-02
7.266560000000000033e-04,-1.544043999999999972e-02,-7.750940000000000434e-03
7.267200000000000352e-04,-1.286701999999999985e-02,-1.291824000000000097e-02
7.267840000000000671e-04,-1.801383999999999971e-02,-1.033459999999999934e-02
7.268480000000000990e-04,-1.029361999999999985e-02,-2.066919999999999868e-02
7.269120000000000225e-04,-1.029361999999999985e-02,-1.033459999999999934e-02
7.269760000000000544e-04,-1.544043999999999972e-02,-7.750940000000000434e-03
7.270400000000000864e-04,-1.544043999999999972e-02,-1.033459999999999934e-02
7.271040000000000099e-04,-1.029361999999999985e-02,-1.550189999999999901e-02
7.271680000000000418e-04,-1.801383999999999971e-02,-1.291824000000000097e-02
7.272320000000000737e-04,-2.058719999999999994e-02,-1.808554000000000064e-02
7.272959999999999972e-04,-7.720219999999999860e-03,-1.291824000000000097e-02
7.273600000000000291e-04,-7.720219999999999860e-03,-7.750940000000000434e-03
7.274240000000000610e-04,-2.058719999999999994e-02,-2.066919999999999868e-02
7.274880000000000929e-04,-7.720219999999999860e-03,-1.291824000000000097e-02
7.275520000000000164e-04,-1.029361999999999985e-02,-1.291824000000000097e-02
7.276160000000000483e-04,-1.801383999999999971e-02,-2.066919999999999868e-02
7.276800000000000802e-04,-7.720219999999999860e-03,-2.066919999999999868e-02
7.277440000000000037e-04,-1.286701999999999985e-02,-1.291824000000000097e-02
7.278080000000000356e-04,-5.146819999999999867e-03,-1.291824000000000097e-02
7.278720000000000676e-04,-1.544043999999999972e-02,-1.291824000000000097e-02
7.279360000000000995e-04,-1.286701999999999985e-02,-1.550189999999999901e-02
7.280000000000000230e-04,-1.029361999999999985e-02,-1.808554000000000064e-02
7.280640000000000549e-04,-1.029361999999999985e-02,-7.750940000000000434e-03
7.281280000000000868e-04,-1.286701999999999985e-02,-1.033459999999999934e-02
7.281920000000000103e-04,-1.286701999999999985e-02,-1.550189999999999901e-02
7.282560000000000422e-04,-5.146819999999999867e-03,-1.291824000000000097e-02
7.283200000000000741e-04,-7.720219999999999860e-03,-1.033459999999999934e-02
7.283839999999999976e-04,-5.146819999999999867e-03,-1.550189999999999901e-02
7.284480000000000295e-04,-1.029361999999999985e-02,-7.750940000000000434e-03
7.285120000000000614e-04,-1.286701999999999985e-02,-1.033459999999999934e-02
7.285760000000000933e-04,-1.544043999999999972e-02,-1.808554000000000064e-02
7.286400000000000168e-04,-1.286701999999999985e-02,-1.033459999999999934e-02
7.287040000000000487e-04,-1.801383999999999971e-02,-2.325279999999999708e-02
7.287680000000000807e-04,-1.544043999999999972e-02,-5.167299999999999671e-03
7.288320000000000042e-04,-1.029361999999999985e-02,-1.291824000000000097e-02
7.288960000000000361e-04,-1.544043999999999972e-02,-1.291824000000000097e-02
7.289600000000000680e-04,-1.801383999999999971e-02,-2.583640000000000329e-03
7.290239999999999915e-04,-1.286701999999999985e-02,-1.033459999999999934e-02
7.290880000000000234e-04,-5.146819999999999867e-03,-7.750940000000000434e-03
7.291520000000000553e-04,-1.029361999999999985e-02,-1.808554000000000064e-02
7.292160000000000872e-04,-1.286701999999999985e-02,-1.808554000000000064e-02
7.292800000000000107e-04,-1.801383999999999971e-02,-1.033459999999999934e-02
7.293440000000000426e-04,-7.720219999999999860e-03,-1.550189999999999901e-02
7.294080000000000745e-04,-1.286701999999999985e-02,-1.033459999999999934e-02
7.294719999999999980e-04,-1.029361999999999985e-02,-5.167299999999999671e-03
7.295360000000000299e-04,-1.801383999999999971e-02,-7.750940000000000434e-03
7.296000000000000619e-04,-7.720219999999999860e-03,-1.033459999999999934e-02
7.296640000000000938e-04,-7.720219999999999860e-03,-1.033459999999999934e-02
7.297280000000000173e-04,-1.029361999999999985e-02,-1.291824000000000097e-02
7.297920000000000492e-04,-7.720219999999999860e-03,-1.291824000000000097e-02
7.298560000000000811e-04,-7.720219999999999860e-03,-1.808554000000000064e-02
7.299200000000000046e-04,-1.029361999999999985e-02,-2.583640000000000329e-03
7.299840000000000365e-04,-1.029361999999999985e-02,-1.291824000000000097e-02
7.300480000000000684e-04,-1.286701999999999985e-02,-1.291824000000000097e-02
7.301119999999999919e-04,-5.146819999999999867e-03,-7.750940000000000434e-03
7.301760000000000238e-04,-7.720219999999999860e-03,-1.550189999999999901e-02
7.302400000000000557e-04,-7.720219999999999860e-03,-1.291824000000000097e-02
7.303040000000000876e-04,0.000000000000000000e+00,-1.291824000000000097e-02
7.303680000000000111e-04,-1.029361999999999985e-02,-5.167299999999999671e-03
7.304320000000000430e-04,-1.544043999999999972e-02,-7.750940000000000434e-03
7.304960000000000750e-04,-7.720219999999999860e-03,-2.583640000000000329e-03
7.305599999999999985e-04,-5.146819999999999867e-03,-1.550189999999999901e-02
7.306240000000000304e-04,-2.573399999999999993e-03,-1.033459999999999934e-02
7.306880000000000623e-04,-5.146819999999999867e-03,-7.750940000000000434e-03
7.307520000000000942e-04,-1.029361999999999985e-02,-5.167299999999999671e-03
7.308160000000000177e-04,-1.029361999999999985e-02,-1.291824000000000097e-02
7.308800000000000496e-04,-7.720219999999999860e-03,-1.291824000000000097e-02
7.309440000000000815e-04,-7.720219999999999860e-03,-1.291824000000000097e-02
7.310080000000000050e-04,-1.029361999999999985e-02,-1.291824000000000097e-02
7.310720000000000369e-04,-5.146819999999999867e-03,-1.550189999999999901e-02
7.311360000000000688e-04,-5.146819999999999867e-03,-1.291824000000000097e-02
7.311999999999999923e-04,-2.573399999999999993e-03,-1.033459999999999934e-02
7.312640000000000242e-04,-5.146819999999999867e-03,-7.750940000000000434e-03
7.313280000000000561e-04,-7.720219999999999860e-03,-2.066919999999999868e-02
7.313920000000000881e-04,-5.146819999999999867e-03,-1.291824000000000097e-02
7.314560000000000116e-04,-1.029361999999999985e-02,-1.033459999999999934e-02
7.315200000000000435e-04,-7.720219999999999860e-03,-2.583640000000000329e-03
7.315840000000000754e-04,-7.720219999999999860e-03,-1.291824000000000097e-02
7.316479999999999989e-04,-7.720219999999999860e-03,-7.750940000000000434e-03
7.317120000000000308e-04,-7.720219999999999860e-03,-1.291824000000000097e-02
7.317760000000000627e-04,-1.029361999999999985e-02,-2.583640000000000329e-03
7.318400000000000946e-04,-1.029361999999999985e-02,-1.291824000000000097e-02
7.319040000000000181e-04,-5.146819999999999867e-03,-1.291824000000000097e-02
7.319680000000000500e-04,-1.029361999999999985e-02,-7.750940000000000434e-03
7.320320000000000819e-04,-2.573399999999999993e-03,-7.750940000000000434e-03
7.320960000000000054e-04,-5.146819999999999867e-03,-1.033459999999999934e-02
7.321600000000000373e-04,-1.286701999999999985e-02,-1.808554000000000064e-02
7.322240000000000693e-04,0.000000000000000000e+00,-1.808554000000000064e-02
7.322879999999999927e-04,-5.146819999999999867e-03,-5.167299999999999671e-03
7.323520000000000247e-04,-2.573399999999999993e-03,-7.750940000000000434e-03
7.324160000000000566e-04,-1.029361999999999985e-02,-1.033459999999999934e-02
7.324800000000000885e-04,-1.029361999999999985e-02,-7.750940000000000434e-03
7.325440000000000120e-04,-5.146819999999999867e-03,-2.583640000000000329e-03
7.326080000000000439e-04,-1.029361999999999985e-02,-7.750940000000000434e-03
7.326720000000000758e-04,-1.029361999999999985e-02,-1.033459999999999934e-02
7.327359999999999993e-04,0.000000000000000000e+00,-2.583640000000000329e-03
7.328000000000000312e-04,-7.720219999999999860e-03,-1.550189999999999901e-02
7.328640000000000631e-04,-7.720219999999999860e-03,-1.033459999999999934e-02
7.329280000000000950e-04,-5.146819999999999867e-03,-1.550189999999999901e-02
7.329920000000000185e-04,-1.029361999999999985e-02,-1.291824000000000097e-02
7.330560000000000504e-04,-2.573399999999999993e-03,-1.033459999999999934e-02
7.331200000000000824e-04,-5.146819999999999867e-03,-5.167299999999999671e-03
7.331840000000000059e-04,-7.720219999999999860e-03,-1.291824000000000097e-02
7.332480000000000378e-04,-5.146819999999999867e-03,-1.033459999999999934e-02
7.333120000000000697e-04,-1.286701999999999985e-02,-1.033459999999999934e-02
7.333759999999999932e-04,-1.286701999999999985e-02,-1.291824000000000097e-02
7.334400000000000251e-04,-5.146819999999999867e-03,-1.291824000000000097e-02
7.335040000000000570e-04,-2.573399999999999993e-03,-1.808554000000000064e-02
7.335680000000000889e-04,0.000000000000000000e+00,-1.550189999999999901e-02
7.336320000000000124e-04,-2.573399999999999993e-03,-2.066919999999999868e-02
7.336960000000000443e-04,0.000000000000000000e+00,-1.291824000000000097e-02
7.337600000000000762e-04,-7.720219999999999860e-03,-1.550189999999999901e-02
7.338239999999999997e-04,-5.146819999999999867e-03,-7.750940000000000434e-03
7.338880000000000316e-04,-7.720219999999999860e-03,-1.033459999999999934e-02
7.339520000000000636e-04,-1.029361999999999985e-02,-1.550189999999999901e-02
7.340160000000000955e-04,-5.146819999999999867e-03,-1.033459999999999934e-02
7.340800000000000190e-04,-1.029361999999999985e-02,-1.550189999999999901e-02
7.341440000000000509e-04,-5.146819999999999867e-03,-1.291824000000000097e-02
7.342080000000000828e-04,-5.146819999999999867e-03,-1.033459999999999934e-02
7.342720000000000063e-04,-7.720219999999999860e-03,-7.750940000000000434e-03
7.343360000000000382e-04,-2.573399999999999993e-03,-1.550189999999999901e-02
7.344000000000000701e-04,-7.720219999999999860e-03,-1.291824000000000097e-02
7.344639999999999936e-04,-2.573399999999999993e-03,-1.033459999999999934e-02
7.345280000000000255e-04,-7.720219999999999860e-03,-1.291824000000000097e-02
7.345920000000000574e-04,-7.720219999999999860e-03,-1.291824000000000097e-02
7.346560000000000893e-04,2.573399999999999993e-03,-1.291824000000000097e-02
7.347200000000000128e-04,-5.146819999999999867e-03,-2.325279999999999708e-02
7.347840000000000447e-04,-5.146819999999999867e-03,-1.550189999999999901e-02
7.348480000000000767e-04,-1.544043999999999972e-02,-1.550189999999999901e-02
7.349120000000000002e-04,-1.286701999999999985e-02,-2.066919999999999868e-02
7.349760000000000321e-04,-1.286701999999999985e-02,-1.808554000000000064e-02
7.350400000000000640e-04,-1.286701999999999985e-02,-1.291824000000000097e-02
7.351040000000000959e-04,-2.573399999999999993e-03,-1.550189999999999901e-02
7.351680000000000194e-04,-1.029361999999999985e-02,-2.583639999999999895e-02
7.352320000000000513e-04,-1.029361999999999985e-02,-1.291824000000000097e-02
7.352960000000000832e-04,-1.286701999999999985e-02,-1.033459999999999934e-02
7.353600000000000067e-04,-7.720219999999999860e-03,-1.808554000000000064e-02
7.354240000000000386e-04,-5.146819999999999867e-03,-1.033459999999999934e-02
7.354880000000000705e-04,-1.286701999999999985e-02,-7.750940000000000434e-03
7.355519999999999940e-04,-1.029361999999999985e-02,-1.291824000000000097e-02
7.356160000000000259e-04,-2.573399999999999993e-03,-1.808554000000000064e-02
7.356800000000000578e-04,-1.286701999999999985e-02,-1.033459999999999934e-02
7.357440000000000898e-04,-7.720219999999999860e-03,-1.291824000000000097e-02
7.358080000000000133e-04,-7.720219999999999860e-03,-1.291824000000000097e-02
7.358720000000000452e-04,-1.029361999999999985e-02,-1.808554000000000064e-02
7.359360000000000771e-04,-1.286701999999999985e-02,-1.291824000000000097e-02
7.360000000000000006e-04,-7.720219999999999860e-03,-1.291824000000000097e-02
7.360640000000000325e-04,-1.544043999999999972e-02,-1.291824000000000097e-02
7.361280000000000644e-04,-7.720219999999999860e-03,-1.550189999999999901e-02
7.361920000000000963e-04,-1.544043999999999972e-02,-1.550189999999999901e-02
7.362560000000000198e-04,-7.720219999999999860e-03,-1.808554000000000064e-02
7.363200000000000517e-04,-1.029361999999999985e-02,-1.550189999999999901e-02
7.363840000000000836e-04,-1.801383999999999971e-02,-1.550189999999999901e-02
7.364480000000000071e-04,-1.029361999999999985e-02,-1.291824000000000097e-02
7.365120000000000390e-04,-1.286701999999999985e-02,-1.808554000000000064e-02
7.365760000000000710e-04,-7.720219999999999860e-03,-1.291824000000000097e-02
7.366399999999999944e-04,-7.720219999999999860e-03,-7.750940000000000434e-03
7.367040000000000264e-04,-1.286701999999999985e-02,-1.550189999999999901e-02
7.367680000000000583e-04,-1.029361999999999985e-02,-7.750940000000000434e-03
7.368320000000000902e-04,-1.801383999999999971e-02,-7.750940000000000434e-03
7.368960000000000137e-04,-1.029361999999999985e-02,-1.550189999999999901e-02
7.369600000000000456e-04,-1.029361999999999985e-02,-7.750940000000000434e-03
7.370240000000000775e-04,-7.720219999999999860e-03,-1.291824000000000097e-02
7.370880000000000010e-04,-1.544043999999999972e-02,-2.066919999999999868e-02
7.371520000000000329e-04,-1.286701999999999985e-02,-1.550189999999999901e-02
7.372160000000000648e-04,-1.029361999999999985e-02,-1.808554000000000064e-02
7.372800000000000967e-04,-7.720219999999999860e-03,-1.550189999999999901e-02
7.373440000000000202e-04,-1.544043999999999972e-02,-7.750940000000000434e-03
7.374080000000000521e-04,-1.544043999999999972e-02,-1.033459999999999934e-02
7.374720000000000841e-04,-7.720219999999999860e-03,-2.066919999999999868e-02
7.375360000000000076e-04,-1.029361999999999985e-02,-1.550189999999999901e-02
7.376000000000000395e-04,-7.720219999999999860e-03,-1.550189999999999901e-02
7.376640000000000714e-04,-1.029361999999999985e-02,-5.167299999999999671e-03
7.377279999999999949e-04,-1.544043999999999972e-02,-1.808554000000000064e-02
7.377920000000000268e-04,-1.029361999999999985e-02,-2.066919999999999868e-02
7.378560000000000587e-04,-1.286701999999999985e-02,-2.066919999999999868e-02
7.379200000000000906e-04,-1.544043999999999972e-02,-1.291824000000000097e-02
7.379840000000000141e-04,-1.029361999999999985e-02,-1.291824000000000097e-02
7.380480000000000460e-04,-1.801383999999999971e-02,-1.808554000000000064e-02
7.381120000000000779e-04,-1.801383999999999971e-02,-1.808554000000000064e-02
7.381760000000000014e-04,-1.544043999999999972e-02,-1.291824000000000097e-02
7.382400000000000333e-04,-1.801383999999999971e-02,-1.033459999999999934e-02
7.383040000000000653e-04,-1.544043999999999972e-02,-2.325279999999999708e-02
7.383680000000000972e-04,-1.286701999999999985e-02,-1.808554000000000064e-02
7.384320000000000207e-04,-1.286701999999999985e-02,-1.291824000000000097e-02
7.384960000000000526e-04,-1.544043999999999972e-02,-1.808554000000000064e-02
7.385600000000000845e-04,-1.544043999999999972e-02,-1.291824000000000097e-02
7.386240000000000080e-04,-1.286701999999999985e-02,-1.550189999999999901e-02
7.386880000000000399e-04,-1.286701999999999985e-02,-1.808554000000000064e-02
7.387520000000000718e-04,-1.801383999999999971e-02,-1.550189999999999901e-02
7.388159999999999953e-04,-1.286701999999999985e-02,-1.808554000000000064e-02
7.388800000000000272e-04,-1.286701999999999985e-02,-2.066919999999999868e-02
7.389440000000000591e-04,-1.029361999999999985e-02,-1.808554000000000064e-02
7.390080000000000910e-04,-1.544043999999999972e-02,-2.066919999999999868e-02
7.390720000000000145e-04,-1.801383999999999971e-02,-2.325279999999999708e-02
7.391360000000000464e-04,-1.544043999999999972e-02,-5.167299999999999671e-03
7.392000000000000784e-04,-1.286701999999999985e-02,-1.550189999999999901e-02
7.392640000000000019e-04,-1.029361999999999985e-02,-1.033459999999999934e-02
7.393280000000000338e-04,-5.146819999999999867e-03,-2.066919999999999868e-02
7.393920000000000657e-04,-1.544043999999999972e-02,-2.066919999999999868e-02
7.394560000000000976e-04,-1.801383999999999971e-02,-1.808554000000000064e-02
7.395200000000000211e-04,-1.029361999999999985e-02,-1.808554000000000064e-02
7.395840000000000530e-04,-1.544043999999999972e-02,-1.808554000000000064e-02
7.396480000000000849e-04,-1.029361999999999985e-02,-1.033459999999999934e-02
7.397120000000000084e-04,-1.801383999999999971e-02,-1.033459999999999934e-02
7.397760000000000403e-04,-1.544043999999999972e-02,-1.291824000000000097e-02
7.398400000000000722e-04,-1.801383999999999971e-02,-1.291824000000000097e-02
7.399039999999999957e-04,-1.286701999999999985e-02,-1.550189999999999901e-02
7.399680000000000276e-04,-1.544043999999999972e-02,-2.325279999999999708e-02
7.400320000000000596e-04,-1.286701999999999985e-02,-2.066919999999999868e-02
7.400960000000000915e-04,-1.544043999999999972e-02,-7.750940000000000434e-03
7.401600000000000150e-04,-1.286701999999999985e-02,-2.066919999999999868e-02
7.402240000000000469e-04,-1.286701999999999985e-02,-1.808554000000000064e-02
7.402880000000000788e-04,-2.316059999999999994e-02,-1.808554000000000064e-02
7.403520000000000023e-04,-2.316059999999999994e-02,-2.066919999999999868e-02
7.404160000000000342e-04,-1.029361999999999985e-02,-1.033459999999999934e-02
7.404800000000000661e-04,-1.286701999999999985e-02,-1.291824000000000097e-02
7.405440000000000980e-04,-1.801383999999999971e-02,-2.325279999999999708e-02
7.406080000000000215e-04,-1.544043999999999972e-02,-1.550189999999999901e-02
7.406720000000000534e-04,-1.801383999999999971e-02,-1.291824000000000097e-02
7.407360000000000853e-04,-1.544043999999999972e-02,-1.808554000000000064e-02
7.408000000000000088e-04,-1.801383999999999971e-02,-1.808554000000000064e-02
7.408640000000000407e-04,-7.720219999999999860e-03,-1.291824000000000097e-02
7.409280000000000727e-04,-1.544043999999999972e-02,-1.550189999999999901e-02
7.409919999999999961e-04,-1.544043999999999972e-02,-1.550189999999999901e-02
7.410560000000000281e-04,-1.544043999999999972e-02,-1.550189999999999901e-02
7.411200000000000600e-04,-1.544043999999999972e-02,-1.808554000000000064e-02
7.411840000000000919e-04,-1.544043999999999972e-02,-1.033459999999999934e-02
7.412480000000000154e-04,-1.801383999999999971e-02,-1.291824000000000097e-02
7.413120000000000473e-04,-1.286701999999999985e-02,-1.291824000000000097e-02
7.413760000000000792e-04,-2.316059999999999994e-02,-1.550189999999999901e-02
7.414400000000000027e-04,-1.801383999999999971e-02,-1.808554000000000064e-02
7.415040000000000346e-04,-1.801383999999999971e-02,-1.619947999999999944e+00
7.415680000000000665e-04,-7.720219999999999860e-03,-2.643079999999999874e+00
7.416320000000000984e-04,-1.544043999999999972e-02,-2.077259999999999884e+00
7.416960000000000219e-04,-1.544043999999999972e-02,-1.772383999999999959e+00
7.417600000000000538e-04,-1.544043999999999972e-02,-1.576026000000000149e+00
7.418240000000000858e-04,-1.286701999999999985e-02,-1.296991999999999923e+00
7.418880000000000093e-04,-1.544043999999999972e-02,-1.162641999999999953e+00
7.419520000000000412e-04,-2.058719999999999994e-02,-9.585339999999999971e-01
7.420160000000000731e-04,-1.801383999999999971e-02,-8.319360000000000088e-01
7.420799999999999966e-04,-1.544043999999999972e-02,-6.381620000000000070e-01
7.421440000000000285e-04,-1.544043999999999972e-02,-4.960599999999999454e-01
7.422080000000000604e-04,-1.801383999999999971e-02,-4.107999999999999985e-01
7.422720000000000923e-04,-1.544043999999999972e-02,-3.642940000000000067e-01
7.423360000000000158e-04,-2.316059999999999994e-02,-3.487919999999999909e-01
7.424000000000000477e-04,-2.058719999999999994e-02,-3.100380000000000358e-01
7.424640000000000796e-04,-1.801383999999999971e-02,-3.177880000000000149e-01
7.425280000000000031e-04,-1.544043999999999972e-02,-2.790340000000000042e-01
7.425920000000000350e-04,-1.286701999999999985e-02,-2.816180000000000350e-01
7.426560000000000670e-04,-1.286701999999999985e-02,-2.247779999999999778e-01
7.427200000000000989e-04,-7.720219999999999860e-03,-1.937735999999999903e-01
7.427840000000000224e-04,-1.286701999999999985e-02,-1.576026000000000094e-01
7.428480000000000543e-04,-1.029361999999999985e-02,-1.601862000000000008e-01
7.429120000000000862e-04,-1.544043999999999972e-02,-1.627699999999999980e-01
7.429760000000000097e-04,-1.544043999999999972e-02,-1.653535999999999895e-01
7.430400000000000416e-04,-1.801383999999999971e-02,-1.601862000000000008e-01
7.431040000000000735e-04,-1.029361999999999985e-02,-1.731043999999999916e-01
7.431679999999999970e-04,-1.544043999999999972e-02,-1.705208000000000002e-01
7.432320000000000289e-04,-1.801383999999999971e-02,-1.756881999999999888e-01
7.432960000000000608e-04,-1.286701999999999985e-02,-1.524353999999999987e-01
7.433600000000000927e-04,-1.544043999999999972e-02,-1.395170000000000021e-01
7.434240000000000162e-04,-1.544043999999999972e-02,-1.317662000000000000e-01
7.434880000000000481e-04,-1.286701999999999985e-02,-1.369334000000000107e-01
7.435520000000000801e-04,-1.544043999999999972e-02,-1.369334000000000107e-01
7.436160000000000036e-04,-1.286701999999999985e-02,-1.369334000000000107e-01
7.436800000000000355e-04,-1.544043999999999972e-02,-1.421007999999999993e-01
7.437440000000000674e-04,-1.544043999999999972e-02,-1.421007999999999993e-01
7.438080000000000993e-04,-1.801383999999999971e-02,-1.498516000000000015e-01
7.438720000000000228e-04,-1.286701999999999985e-02,-1.446844000000000185e-01
7.439360000000000547e-04,-1.544043999999999972e-02,-1.395170000000000021e-01
7.440000000000000866e-04,-1.029361999999999985e-02,-1.343497999999999915e-01
7.440640000000000101e-04,-2.058719999999999994e-02,-1.317662000000000000e-01
7.441280000000000420e-04,-1.801383999999999971e-02,-1.343497999999999915e-01
7.441920000000000739e-04,-1.801383999999999971e-02,-1.343497999999999915e-01
7.442559999999999974e-04,-1.029361999999999985e-02,-1.395170000000000021e-01
7.443200000000000293e-04,-1.286701999999999985e-02,-1.343497999999999915e-01
7.443840000000000613e-04,-1.286701999999999985e-02,-1.369334000000000107e-01
7.444480000000000932e-04,-7.720219999999999860e-03,6.712320000000000064e+00
7.445120000000000167e-04,-2.058719999999999994e-02,1.929728000000000065e+01
7.445760000000000486e-04,-2.316059999999999994e-02,2.116519999999999868e+01
7.446400000000000805e-04,-1.801383999999999971e-02,1.755071999999999832e+01
7.447040000000000040e-04,-1.029361999999999985e-02,8.696559999999999846e+00
7.447680000000000359e-04,-5.146819999999999867e-03,2.867859999999999854e+00
7.448320000000000678e-04,-7.720219999999999860e-03,-3.126219999999999555e-01
7.448960000000000997e-04,-7.720219999999999860e-03,-7.208380000000000898e-01
7.449600000000000232e-04,-1.286701999999999985e-02,-6.898340000000000583e-01
7.450240000000000551e-04,-7.720219999999999860e-03,-4.263020000000000143e-01
7.450880000000000870e-04,-1.286701999999999985e-02,-1.625116000000000005e+00
7.451520000000000105e-04,-1.801383999999999971e-02,-2.286519999999999886e+00
7.452160000000000424e-04,-5.146819999999999867e-03,-2.216779999999999973e+00
7.452800000000000744e-04,-5.146819999999999867e-03,-4.443880000000000052e-01
7.453439999999999978e-04,0.000000000000000000e+00,1.382251999999999814e+00
7.454080000000000298e-04,-1.286701999999999985e-02,2.764499999999999957e+00
7.454720000000000617e-04,-1.544043999999999972e-02,2.645660000000000345e+00
7.455360000000000936e-04,-7.720219999999999860e-03,2.103099999999999969e+00
7.456000000000000171e-04,-1.029361999999999985e-02,1.082550000000000123e+00
7.456640000000000490e-04,-1.029361999999999985e-02,-4.133839999999999737e-02
7.457280000000000809e-04,-1.544043999999999972e-02,-1.061879999999999935e+00
7.457920000000000044e-04,-1.029361999999999985e-02,-1.327995999999999954e+00
7.458560000000000363e-04,-7.720219999999999860e-03,-7.931799999999999962e-01
7.459200000000000682e-04,-2.573399999999999993e-03,1.033459999999999934e-01
7.459840000000001001e-04,-1.029361999999999985e-02,8.345180000000000931e-01
7.460480000000000236e-04,-2.573399999999999993e-03,1.059296000000000015e+00
7.461120000000000555e-04,-7.720219999999999860e-03,1.165226000000000095e+00
7.461760000000000875e-04,-1.801383999999999971e-02,1.012789999999999857e+00
7.462400000000000110e-04,0.000000000000000000e+00,7.699279999999999458e-01
7.463040000000000429e-04,-7.720219999999999860e-03,2.842020000000000102e-01
7.463680000000000748e-04,-1.544043999999999972e-02,-2.325279999999999708e-02
7.464319999999999983e-04,-1.029361999999999985e-02,-1.576026000000000094e-01
7.464960000000000302e-04,-1.029361999999999985e-02,3.358739999999999642e-02
7.465600000000000621e-04,-1.801383999999999971e-02,1.860227999999999882e-01
7.466240000000000940e-04,-7.720219999999999860e-03,3.668779999999999819e-01
7.466880000000000175e-04,-7.720219999999999860e-03,4.728080000000000060e-01
7.467520000000000494e-04,-7.720219999999999860e-03,6.149080000000000101e-01
7.468160000000000813e-04,-1.029361999999999985e-02,6.484959999999999614e-01
7.468800000000000048e-04,0.000000000000000000e+00,5.839039999999999786e-01
7.469440000000000367e-04,-5.146819999999999867e-03,4.340539999999999399e-01
7.470080000000000687e-04,-1.029361999999999985e-02,3.074540000000000051e-01
7.470720000000001006e-04,-1.286701999999999985e-02,2.531979999999999786e-01
7.471360000000000241e-04,-1.544043999999999972e-02,2.351119999999999877e-01
7.472000000000000560e-04,-1.286701999999999985e-02,2.506140000000000034e-01
7.472640000000000879e-04,-2.058719999999999994e-02,2.816180000000000350e-01
7.473280000000000114e-04,-1.801383999999999971e-02,3.694619999999999571e-01
7.473920000000000433e-04,-7.720219999999999860e-03,4.185520000000000351e-01
7.474560000000000752e-04,-2.573399999999999993e-03,-3.557679999999999509e+00
7.475199999999999987e-04,-1.029361999999999985e-02,-3.480179999999999829e+00
7.475840000000000306e-04,-1.029361999999999985e-02,-2.880759999999999987e+00
7.476480000000000625e-04,-2.573399999999999993e-03,-2.906599999999999628e+00
7.477120000000000944e-04,-5.146819999999999867e-03,-2.653400000000000425e+00
7.477760000000000179e-04,-1.286701999999999985e-02,-2.498380000000000045e+00
7.478400000000000498e-04,-1.029361999999999985e-02,-2.441540000000000266e+00
7.479040000000000818e-04,-5.146819999999999867e-03,-2.172839999999999883e+00
7.479680000000000053e-04,-1.286701999999999985e-02,-2.183180000000000121e+00
7.480320000000000372e-04,-7.720219999999999860e-03,-1.855059999999999931e+00
7.480960000000000691e-04,-1.286701999999999985e-02,-1.893814000000000108e+00
7.481599999999999926e-04,-5.146819999999999867e-03,-1.650951999999999975e+00
7.482240000000000245e-04,-7.720219999999999860e-03,-1.681956000000000007e+00
7.482880000000000564e-04,-1.029361999999999985e-02,-1.503684000000000243e+00
7.483520000000000883e-04,-1.286701999999999985e-02,-1.483014000000000054e+00
7.484160000000000118e-04,-7.720219999999999860e-03,-1.356416000000000066e+00
7.484800000000000437e-04,-1.286701999999999985e-02,-2.681819999999999649e+00
7.485440000000000756e-04,-5.146819999999999867e-03,-2.991859999999999964e+00
7.486079999999999991e-04,-5.146819999999999867e-03,-2.449300000000000033e+00
7.486720000000000310e-04,-7.720219999999999860e-03,-2.263279999999999959e+00
7.487360000000000630e-04,-7.720219999999999860e-03,-2.002320000000000100e+00
7.488000000000000949e-04,-2.058719999999999994e-02,-1.782718000000000025e+00
7.488640000000000184e-04,-1.286701999999999985e-02,-1.625116000000000005e+00
7.489280000000000503e-04,-1.286701999999999985e-02,-1.369334000000000051e+00
7.489920000000000822e-04,-1.029361999999999985e-02,-9.972880000000000633e-01
7.490560000000000057e-04,-7.720219999999999860e-03,-4.211340000000000083e-01
7.491200000000000376e-04,-1.286701999999999985e-02,8.267679999999999474e-02
7.491840000000000695e-04,-5.146819999999999867e-03,3.513759999999999661e-01
7.492479999999999930e-04,-2.573399999999999993e-03,4.185520000000000351e-01
7.493120000000000249e-04,-2.573399999999999993e-03,3.152060000000000417e-01
7.493760000000000568e-04,-1.286701999999999985e-02,1.886064000000000074e-01
7.494400000000000887e-04,-1.029361999999999985e-02,2.066919999999999868e-02
7.495040000000000122e-04,-1.029361999999999985e-02,-8.267679999999999474e-02
7.495680000000000441e-04,-7.720219999999999860e-03,-1.576026000000000094e-01
7.496320000000000761e-04,0.000000000000000000e+00,-1.782718000000000080e-01
7.496959999999999995e-04,-7.720219999999999860e-03,-1.731043999999999916e-01
7.497600000000000315e-04,-7.720219999999999860e-03,-1.214316000000000006e-01
7.498240000000000634e-04,-1.029361999999999985e-02,-7.750940000000000607e-02
7.498880000000000953e-04,-1.029361999999999985e-02,0.000000000000000000e+00
7.499520000000000188e-04,-5.146819999999999867e-03,5.425659999999999511e-02
7.500160000000000507e-04,-2.573399999999999993e-03,7.750940000000000607e-02
7.500800000000000826e-04,-5.146819999999999867e-03,5.684019999999999351e-02
7.501440000000000061e-04,2.573399999999999993e-03,1.033459999999999934e-02
7.502080000000000380e-04,-5.146819999999999867e-03,-4.392199999999999577e-02
7.502720000000000699e-04,-7.720219999999999860e-03,-8.009320000000000328e-02
7.503359999999999934e-04,-2.573399999999999993e-03,-8.784399999999999153e-02
7.504000000000000253e-04,-1.286701999999999985e-02,-8.526040000000000008e-02
7.504640000000000572e-04,2.573399999999999993e-03,-4.908939999999999831e-02
7.505280000000000892e-04,-7.720219999999999860e-03,-1.291824000000000097e-02
7.505920000000000127e-04,-7.720219999999999860e-03,1.550189999999999901e-02
7.506560000000000446e-04,0.000000000000000000e+00,2.066919999999999868e-02
7.507200000000000765e-04,-7.720219999999999860e-03,0.000000000000000000e+00
7.507840000000000000e-04,-7.720219999999999860e-03,-1.033459999999999934e-02
7.508480000000000319e-04,-1.029361999999999985e-02,-4.133839999999999737e-02
7.509120000000000638e-04,-2.573399999999999993e-03,-4.908939999999999831e-02
7.509760000000000957e-04,-5.146819999999999867e-03,-4.133839999999999737e-02
7.510400000000000192e-04,-1.029361999999999985e-02,-3.875479999999999897e-02
7.511040000000000511e-04,-7.720219999999999860e-03,-2.325279999999999708e-02
7.511680000000000830e-04,-5.146819999999999867e-03,-1.291824000000000097e-02
7.512320000000000065e-04,-1.286701999999999985e-02,-5.167299999999999671e-03
7.512960000000000384e-04,-1.544043999999999972e-02,-1.033459999999999934e-02
7.513600000000000704e-04,-7.720219999999999860e-03,-1.291824000000000097e-02
7.514239999999999938e-04,-5.146819999999999867e-03,-1.291824000000000097e-02
7.514880000000000258e-04,-1.286701999999999985e-02,-2.583639999999999895e-02
7.515520000000000577e-04,-1.286701999999999985e-02,-2.325279999999999708e-02
7.516160000000000896e-04,-1.029361999999999985e-02,-2.583639999999999895e-02
7.516800000000000131e-04,-7.720219999999999860e-03,-1.808554000000000064e-02
7.517440000000000450e-04,-7.720219999999999860e-03,-1.550189999999999901e-02
7.518080000000000769e-04,-1.544043999999999972e-02,-1.808554000000000064e-02
7.518720000000000004e-04,-7.720219999999999860e-03,-1.033459999999999934e-02
7.519360000000000323e-04,-1.544043999999999972e-02,-1.808554000000000064e-02
7.520000000000000642e-04,-1.029361999999999985e-02,-2.066919999999999868e-02
7.520640000000000961e-04,-7.720219999999999860e-03,-2.066919999999999868e-02
7.521280000000000196e-04,-5.146819999999999867e-03,-1.808554000000000064e-02
7.521920000000000515e-04,-1.544043999999999972e-02,-1.550189999999999901e-02
7.522560000000000835e-04,-1.029361999999999985e-02,-2.066919999999999868e-02
7.523200000000000070e-04,-1.544043999999999972e-02,-1.808554000000000064e-02
7.523840000000000389e-04,-1.029361999999999985e-02,-1.808554000000000064e-02
7.524480000000000708e-04,-1.544043999999999972e-02,-1.550189999999999901e-02
7.525119999999999943e-04,-1.029361999999999985e-02,-1.291824000000000097e-02
7.525760000000000262e-04,-1.801383999999999971e-02,-1.291824000000000097e-02
7.526400000000000581e-04,-1.544043999999999972e-02,-1.291824000000000097e-02
7.527040000000000900e-04,-1.029361999999999985e-02,-2.066919999999999868e-02
7.527680000000000135e-04,-1.286701999999999985e-02,-1.550189999999999901e-02
7.528320000000000454e-04,-1.286701999999999985e-02,-2.583639999999999895e-02
7.528960000000000773e-04,-1.801383999999999971e-02,-2.842019999999999963e-02
7.529600000000000008e-04,-1.801383999999999971e-02,-2.842019999999999963e-02
7.530240000000000327e-04,-1.029361999999999985e-02,-2.325279999999999708e-02
7.530880000000000647e-04,-1.029361999999999985e-02,-1.550189999999999901e-02
7.531520000000000966e-04,-1.801383999999999971e-02,-2.583639999999999895e-02
7.532160000000000201e-04,-1.801383999999999971e-02,-2.066919999999999868e-02
7.532800000000000520e-04,-1.029361999999999985e-02,-2.583639999999999895e-02
7.533440000000000839e-04,-7.720219999999999860e-03,-1.550189999999999901e-02
7.534080000000000074e-04,-1.801383999999999971e-02,-2.325279999999999708e-02
7.534720000000000393e-04,-7.720219999999999860e-03,-3.617099999999999482e-02
7.535360000000000712e-04,-1.029361999999999985e-02,-2.842019999999999963e-02
7.535999999999999947e-04,-7.720219999999999860e-03,-2.583639999999999895e-02
7.536640000000000266e-04,-5.146819999999999867e-03,-2.842019999999999963e-02
7.537280000000000585e-04,-1.029361999999999985e-02,-1.808554000000000064e-02
7.537920000000000904e-04,-1.544043999999999972e-02,-1.550189999999999901e-02
7.538560000000000139e-04,-1.286701999999999985e-02,-1.291824000000000097e-02
7.539200000000000458e-04,-1.029361999999999985e-02,-1.808554000000000064e-02
7.539840000000000778e-04,-1.286701999999999985e-02,-2.325279999999999708e-02
7.540480000000000013e-04,-1.029361999999999985e-02,-2.583639999999999895e-02
7.541120000000000332e-04,-1.801383999999999971e-02,-3.358739999999999642e-02
7.541760000000000651e-04,-1.544043999999999972e-02,-2.066919999999999868e-02
7.542400000000000970e-04,-1.286701999999999985e-02,-2.842019999999999963e-02
7.543040000000000205e-04,-1.286701999999999985e-02,-2.066919999999999868e-02
7.543680000000000524e-04,-1.029361999999999985e-02,-2.066919999999999868e-02
7.544320000000000843e-04,-1.544043999999999972e-02,-2.066919999999999868e-02
7.544960000000000078e-04,-1.544043999999999972e-02,-1.550189999999999901e-02
7.545600000000000397e-04,-1.801383999999999971e-02,-2.842019999999999963e-02
7.546240000000000716e-04,-1.029361999999999985e-02,-2.842019999999999963e-02
7.546879999999999951e-04,-7.720219999999999860e-03,-2.842019999999999963e-02
7.547520000000000270e-04,-1.029361999999999985e-02,-3.100379999999999803e-02
7.548160000000000589e-04,-1.544043999999999972e-02,-3.100379999999999803e-02
7.548800000000000909e-04,-1.286701999999999985e-02,-2.066919999999999868e-02
7.549440000000000144e-04,-1.029361999999999985e-02,-2.325279999999999708e-02
7.550080000000000463e-04,-1.286701999999999985e-02,-2.325279999999999708e-02
7.550720000000000782e-04,-1.801383999999999971e-02,-1.808554000000000064e-02
7.551360000000000017e-04,-2.058719999999999994e-02,-3.100379999999999803e-02
7.552000000000000336e-04,-1.286701999999999985e-02,-2.325279999999999708e-02
7.552640000000000655e-04,-1.544043999999999972e-02,-3.100379999999999803e-02
7.553280000000000974e-04,-1.286701999999999985e-02,-2.583639999999999895e-02
7.553920000000000209e-04,-1.286701999999999985e-02,-2.583639999999999895e-02
7.554560000000000528e-04,-1.801383999999999971e-02,-2.325279999999999708e-02
7.555200000000000847e-04,-1.286701999999999985e-02,-2.066919999999999868e-02
7.555840000000000082e-04,-1.544043999999999972e-02,-1.291824000000000097e-02
7.556480000000000401e-04,-7.720219999999999860e-03,-2.583639999999999895e-02
7.557120000000000721e-04,-1.544043999999999972e-02,-2.325279999999999708e-02
7.557759999999999955e-04,-7.720219999999999860e-03,-2.583639999999999895e-02
7.558400000000000275e-04,-1.286701999999999985e-02,-2.325279999999999708e-02
7.559040000000000594e-04,-2.316059999999999994e-02,-2.842019999999999963e-02
7.559680000000000913e-04,-1.544043999999999972e-02,-2.066919999999999868e-02
7.560320000000000148e-04,-1.286701999999999985e-02,-2.583639999999999895e-02
7.560960000000000467e-04,-1.544043999999999972e-02,-1.808554000000000064e-02
7.561600000000000786e-04,-2.316059999999999994e-02,-2.066919999999999868e-02
7.562240000000000021e-04,-1.029361999999999985e-02,-2.066919999999999868e-02
7.562880000000000340e-04,-5.146819999999999867e-03,-1.808554000000000064e-02
7.563520000000000659e-04,-1.544043999999999972e-02,-1.808554000000000064e-02
7.564160000000000978e-04,-1.801383999999999971e-02,-1.550189999999999901e-02
7.564800000000000213e-04,-1.544043999999999972e-02,-2.842019999999999963e-02
7.565440000000000532e-04,-1.544043999999999972e-02,-2.066919999999999868e-02
7.566080000000000852e-04,-1.544043999999999972e-02,-2.325279999999999708e-02
7.566720000000000087e-04,-1.801383999999999971e-02,-1.550189999999999901e-02
7.567360000000000406e-04,-2.058719999999999994e-02,-2.066919999999999868e-02
7.568000000000000725e-04,-2.573399999999999993e-02,-1.808554000000000064e-02
7.568639999999999960e-04,-1.801383999999999971e-02,-2.583639999999999895e-02
7.569280000000000279e-04,-1.286701999999999985e-02,-2.583639999999999895e-02
7.569920000000000598e-04,-2.058719999999999994e-02,-1.808554000000000064e-02
7.570560000000000917e-04,-1.286701999999999985e-02,-2.583639999999999895e-02
7.571200000000000152e-04,-1.544043999999999972e-02,-2.325279999999999708e-02
7.571840000000000471e-04,-1.544043999999999972e-02,-1.808554000000000064e-02
7.572480000000000790e-04,-1.801383999999999971e-02,-1.808554000000000064e-02
7.573120000000000025e-04,-1.544043999999999972e-02,-2.066919999999999868e-02
7.573760000000000344e-04,-1.801383999999999971e-02,-2.066919999999999868e-02
7.574400000000000664e-04,-1.286701999999999985e-02,-3.100379999999999803e-02
7.575040000000000983e-04,-2.058719999999999994e-02,-2.325279999999999708e-02
7.575680000000000218e-04,-1.801383999999999971e-02,-2.583639999999999895e-02
7.576320000000000537e-04,-1.544043999999999972e-02,-1.808554000000000064e-02
7.576960000000000856e-04,-2.058719999999999994e-02,-2.066919999999999868e-02
7.577600000000000091e-04,-1.544043999999999972e-02,-2.325279999999999708e-02
7.578240000000000410e-04,-1.544043999999999972e-02,-1.550189999999999901e-02
7.578880000000000729e-04,-1.801383999999999971e-02,-2.325279999999999708e-02
7.579519999999999964e-04,-1.801383999999999971e-02,-2.842019999999999963e-02
7.580160000000000283e-04,-2.058719999999999994e-02,-2.066919999999999868e-02
7.580800000000000602e-04,-1.801383999999999971e-02,-2.325279999999999708e-02
7.581440000000000921e-04,-7.720219999999999860e-03,-1.550189999999999901e-02
7.582080000000000156e-04,-1.544043999999999972e-02,-2.066919999999999868e-02
7.582720000000000475e-04,-7.720219999999999860e-03,-2.583639999999999895e-02
7.583360000000000795e-04,-1.029361999999999985e-02,-1.808554000000000064e-02
7.584000000000000030e-04,-1.544043999999999972e-02,-2.066919999999999868e-02
7.584640000000000349e-04,-1.286701999999999985e-02,-2.325279999999999708e-02
7.585280000000000668e-04,-1.801383999999999971e-02,-2.066919999999999868e-02
7.585920000000000987e-04,-2.316059999999999994e-02,-2.325279999999999708e-02
7.586560000000000222e-04,-1.544043999999999972e-02,-2.325279999999999708e-02
7.587200000000000541e-04,-2.058719999999999994e-02,-1.808554000000000064e-02
7.587840000000000860e-04,-1.029361999999999985e-02,-2.842019999999999963e-02
7.588480000000000095e-04,-1.286701999999999985e-02,-2.842019999999999963e-02
7.589120000000000414e-04,-1.286701999999999985e-02,-2.325279999999999708e-02
7.589760000000000733e-04,-1.544043999999999972e-02,-2.325279999999999708e-02
7.590399999999999968e-04,-1.544043999999999972e-02,-3.100379999999999803e-02
7.591040000000000287e-04,-2.058719999999999994e-02,-2.583639999999999895e-02
7.591680000000000606e-04,-7.720219999999999860e-03,-2.325279999999999708e-02
7.592320000000000926e-04,-1.286701999999999985e-02,-2.842019999999999963e-02
7.592960000000000161e-04,-1.286701999999999985e-02,-2.583639999999999895e-02
7.593600000000000480e-04,-2.316059999999999994e-02,-2.066919999999999868e-02
7.594240000000000799e-04,-1.029361999999999985e-02,-2.066919999999999868e-02
7.594880000000000034e-04,-1.286701999999999985e-02,-2.325279999999999708e-02
7.595520000000000353e-04,-1.544043999999999972e-02,-2.325279999999999708e-02
7.596160000000000672e-04,-1.801383999999999971e-02,-2.842019999999999963e-02
7.596800000000000991e-04,-5.146819999999999867e-03,-2.583639999999999895e-02
7.597440000000000226e-04,-1.029361999999999985e-02,-2.583639999999999895e-02
7.598080000000000545e-04,-1.801383999999999971e-02,-2.066919999999999868e-02
7.598720000000000864e-04,-1.029361999999999985e-02,-2.325279999999999708e-02
7.599360000000000099e-04,-1.286701999999999985e-02,-1.291824000000000097e-02
7.600000000000000418e-04,-1.286701999999999985e-02,-2.066919999999999868e-02
7.600640000000000738e-04,-1.544043999999999972e-02,-1.550189999999999901e-02
7.601279999999999972e-04,-1.544043999999999972e-02,-2.325279999999999708e-02
7.601920000000000292e-04,-1.286701999999999985e-02,-2.325279999999999708e-02
7.602560000000000611e-04,-5.146819999999999867e-03,-2.066919999999999868e-02
7.603200000000000930e-04,-7.720219999999999860e-03,-2.325279999999999708e-02
7.603840000000000165e-04,-1.544043999999999972e-02,-2.583639999999999895e-02
7.604480000000000484e-04,-1.029361999999999985e-02,-2.325279999999999708e-02
7.605120000000000803e-04,-1.286701999999999985e-02,-2.325279999999999708e-02
7.605760000000000038e-04,-1.029361999999999985e-02,-2.066919999999999868e-02
7.606400000000000357e-04,-1.029361999999999985e-02,-1.550189999999999901e-02
7.607040000000000676e-04,-1.286701999999999985e-02,-2.842019999999999963e-02
7.607680000000000995e-04,-7.720219999999999860e-03,-2.325279999999999708e-02
7.608320000000000230e-04,-1.286701999999999985e-02,-2.066919999999999868e-02
7.608960000000000549e-04,-1.801383999999999971e-02,-2.066919999999999868e-02
7.609600000000000869e-04,-1.801383999999999971e-02,-1.808554000000000064e-02
7.610240000000000104e-04,-7.720219999999999860e-03,-1.550189999999999901e-02
7.610880000000000423e-04,-1.544043999999999972e-02,-1.808554000000000064e-02
7.611520000000000742e-04,-7.720219999999999860e-03,-1.550189999999999901e-02
7.612159999999999977e-04,-1.029361999999999985e-02,-3.100379999999999803e-02
7.612800000000000296e-04,-1.029361999999999985e-02,-7.750940000000000434e-03
7.613440000000000615e-04,-1.029361999999999985e-02,-1.550189999999999901e-02
7.614080000000000934e-04,-5.146819999999999867e-03,-2.325279999999999708e-02
7.614720000000000169e-04,-1.029361999999999985e-02,-1.291824000000000097e-02
7.615360000000000488e-04,-1.544043999999999972e-02,-2.325279999999999708e-02
7.616000000000000807e-04,-5.146819999999999867e-03,-1.291824000000000097e-02
7.616640000000000042e-04,-1.029361999999999985e-02,-1.550189999999999901e-02
7.617280000000000361e-04,-1.286701999999999985e-02,-2.325279999999999708e-02
7.617920000000000681e-04,-5.146819999999999867e-03,-2.583639999999999895e-02
7.618560000000001000e-04,-1.544043999999999972e-02,-2.325279999999999708e-02
7.619200000000000235e-04,-1.286701999999999985e-02,-1.550189999999999901e-02
7.619840000000000554e-04,-1.029361999999999985e-02,-1.550189999999999901e-02
7.620480000000000873e-04,-5.146819999999999867e-03,-1.291824000000000097e-02
7.621120000000000108e-04,-1.286701999999999985e-02,-3.100379999999999803e-02
7.621760000000000427e-04,-5.146819999999999867e-03,-1.808554000000000064e-02
7.622400000000000746e-04,-1.286701999999999985e-02,-2.583639999999999895e-02
7.623039999999999981e-04,-1.029361999999999985e-02,-1.808554000000000064e-02
7.623680000000000300e-04,-1.029361999999999985e-02,-2.066919999999999868e-02
7.624320000000000619e-04,-7.720219999999999860e-03,-2.842019999999999963e-02
7.624960000000000938e-04,-7.720219999999999860e-03,-2.325279999999999708e-02
7.625600000000000173e-04,-1.286701999999999985e-02,-1.291824000000000097e-02
7.626240000000000492e-04,-2.573399999999999993e-03,-1.808554000000000064e-02
7.626880000000000812e-04,-7.720219999999999860e-03,-1.550189999999999901e-02
7.627520000000000047e-04,-2.573399999999999993e-03,-2.066919999999999868e-02
7.628160000000000366e-04,-5.146819999999999867e-03,-2.325279999999999708e-02
7.628800000000000685e-04,-5.146819999999999867e-03,-2.842019999999999963e-02
7.629440000000001004e-04,-1.029361999999999985e-02,-1.808554000000000064e-02
7.630080000000000239e-04,-1.029361999999999985e-02,-1.808554000000000064e-02
7.630720000000000558e-04,-5.146819999999999867e-03,-2.325279999999999708e-02
7.631360000000000877e-04,2.573399999999999993e-03,-2.583639999999999895e-02
7.632000000000000112e-04,-1.286701999999999985e-02,-1.033459999999999934e-02
7.632640000000000431e-04,-7.720219999999999860e-03,-2.325279999999999708e-02
7.633280000000000750e-04,-1.286701999999999985e-02,-1.550189999999999901e-02
7.633919999999999985e-04,-1.029361999999999985e-02,-2.066919999999999868e-02
7.634560000000000304e-04,-1.286701999999999985e-02,-2.325279999999999708e-02
7.635200000000000623e-04,-1.029361999999999985e-02,-2.583639999999999895e-02
7.635840000000000943e-04,-5.146819999999999867e-03,-1.550189999999999901e-02
7.636480000000000178e-04,-1.286701999999999985e-02,-1.808554000000000064e-02
7.637120000000000497e-04,-1.029361999999999985e-02,-1.808554000000000064e-02
7.637760000000000816e-04,0.000000000000000000e+00,-2.325279999999999708e-02
7.638400000000000051e-04,-5.146819999999999867e-03,-2.066919999999999868e-02
7.639040000000000370e-04,-1.286701999999999985e-02,-1.808554000000000064e-02
7.639680000000000689e-04,-1.029361999999999985e-02,-2.325279999999999708e-02
7.640320000000001008e-04,-1.286701999999999985e-02,-2.325279999999999708e-02
7.640960000000000243e-04,-2.573399999999999993e-03,-2.066919999999999868e-02
7.641600000000000562e-04,-2.573399999999999993e-03,-2.583639999999999895e-02
7.642240000000000881e-04,-1.286701999999999985e-02,-2.583639999999999895e-02
7.642880000000000116e-04,-1.029361999999999985e-02,-1.550189999999999901e-02
7.643520000000000435e-04,0.000000000000000000e+00,-1.550189999999999901e-02
7.644160000000000755e-04,-1.029361999999999985e-02,-7.750940000000000434e-03
7.644799999999999989e-04,-2.573399999999999993e-03,-1.550189999999999901e-02
7.645440000000000309e-04,-7.720219999999999860e-03,-2.066919999999999868e-02
7.646080000000000628e-04,-7.720219999999999860e-03,-1.550189999999999901e-02
7.646720000000000947e-04,0.000000000000000000e+00,-1.808554000000000064e-02
7.647360000000000182e-04,-1.801383999999999971e-02,-2.325279999999999708e-02
7.648000000000000501e-04,-7.720219999999999860e-03,-1.291824000000000097e-02
7.648640000000000820e-04,2.573399999999999993e-03,-1.550189999999999901e-02
7.649280000000000055e-04,-5.146819999999999867e-03,-1.550189999999999901e-02
7.649920000000000374e-04,-1.029361999999999985e-02,-1.033459999999999934e-02
7.650560000000000693e-04,-1.029361999999999985e-02,-7.750940000000000434e-03
7.651200000000001012e-04,-1.029361999999999985e-02,-1.291824000000000097e-02
7.651840000000000247e-04,-2.573399999999999993e-03,-1.808554000000000064e-02
7.652480000000000566e-04,-2.573399999999999993e-03,-1.291824000000000097e-02
7.653120000000000886e-04,-1.286701999999999985e-02,-7.750940000000000434e-03
7.653760000000000121e-04,-5.146819999999999867e-03,-1.033459999999999934e-02
7.654400000000000440e-04,-1.029361999999999985e-02,-1.550189999999999901e-02
7.655040000000000759e-04,-1.029361999999999985e-02,-1.291824000000000097e-02
7.655679999999999994e-04,-7.720219999999999860e-03,-1.291824000000000097e-02
7.656320000000000313e-04,0.000000000000000000e+00,-1.550189999999999901e-02
7.656960000000000632e-04,-1.029361999999999985e-02,-1.550189999999999901e-02
7.657600000000000951e-04,-5.146819999999999867e-03,-1.033459999999999934e-02
7.658240000000000186e-04,-7.720219999999999860e-03,-1.550189999999999901e-02
7.658880000000000505e-04,-1.286701999999999985e-02,-1.808554000000000064e-02
7.659520000000000824e-04,-7.720219999999999860e-03,-1.033459999999999934e-02
7.660160000000000059e-04,0.000000000000000000e+00,-1.291824000000000097e-02
7.660800000000000378e-04,-1.029361999999999985e-02,-1.550189999999999901e-02
7.661440000000000698e-04,-7.720219999999999860e-03,-1.291824000000000097e-02
7.662080000000001017e-04,-7.720219999999999860e-03,-1.550189999999999901e-02
7.662720000000000252e-04,-2.573399999999999993e-03,-1.808554000000000064e-02
7.663360000000000571e-04,-7.720219999999999860e-03,-1.808554000000000064e-02
7.664000000000000890e-04,-2.573399999999999993e-03,-1.808554000000000064e-02
7.664640000000000125e-04,-5.146819999999999867e-03,-1.291824000000000097e-02
7.665280000000000444e-04,-1.544043999999999972e-02,-1.550189999999999901e-02
7.665920000000000763e-04,-2.573399999999999993e-03,-7.750940000000000434e-03
7.666559999999999998e-04,-2.573399999999999993e-03,-1.550189999999999901e-02
7.667200000000000317e-04,-7.720219999999999860e-03,-1.291824000000000097e-02
7.667840000000000636e-04,-1.286701999999999985e-02,-1.550189999999999901e-02
7.668480000000000955e-04,-2.573399999999999993e-03,-1.808554000000000064e-02
7.669120000000000190e-04,-2.573399999999999993e-03,-2.066919999999999868e-02
7.669760000000000509e-04,0.000000000000000000e+00,-1.550189999999999901e-02
7.670400000000000829e-04,-7.720219999999999860e-03,-1.033459999999999934e-02
7.671040000000000064e-04,-1.544043999999999972e-02,-1.808554000000000064e-02
7.671680000000000383e-04,-1.029361999999999985e-02,-2.325279999999999708e-02
7.672320000000000702e-04,-1.286701999999999985e-02,-1.808554000000000064e-02
7.672959999999999937e-04,-7.720219999999999860e-03,-1.808554000000000064e-02
7.673600000000000256e-04,-1.544043999999999972e-02,-1.808554000000000064e-02
7.674240000000000575e-04,-7.720219999999999860e-03,-1.808554000000000064e-02
7.674880000000000894e-04,-1.029361999999999985e-02,-1.550189999999999901e-02
7.675520000000000129e-04,-7.720219999999999860e-03,-1.550189999999999901e-02
7.676160000000000448e-04,-7.720219999999999860e-03,-1.808554000000000064e-02
7.676800000000000767e-04,-5.146819999999999867e-03,-1.808554000000000064e-02
7.677440000000000002e-04,-5.146819999999999867e-03,-7.750940000000000434e-03
7.678080000000000321e-04,-5.146819999999999867e-03,-2.066919999999999868e-02
7.678720000000000641e-04,-1.029361999999999985e-02,-1.550189999999999901e-02
7.679360000000000960e-04,-1.029361999999999985e-02,-1.033459999999999934e-02
7.680000000000000195e-04,-1.029361999999999985e-02,-1.808554000000000064e-02
7.680640000000000514e-04,-1.286701999999999985e-02,-1.550189999999999901e-02
7.681280000000000833e-04,-1.029361999999999985e-02,-1.033459999999999934e-02
7.681920000000000068e-04,-7.720219999999999860e-03,-1.550189999999999901e-02
7.682560000000000387e-04,-7.720219999999999860e-03,-1.808554000000000064e-02
7.683200000000000706e-04,-1.286701999999999985e-02,-1.291824000000000097e-02
7.683839999999999941e-04,-5.146819999999999867e-03,-1.808554000000000064e-02
7.684480000000000260e-04,-7.720219999999999860e-03,-1.550189999999999901e-02
7.685120000000000579e-04,-1.029361999999999985e-02,-1.033459999999999934e-02
7.685760000000000898e-04,-7.720219999999999860e-03,-2.583639999999999895e-02
7.686400000000000133e-04,-1.286701999999999985e-02,-1.808554000000000064e-02
7.687040000000000452e-04,-1.286701999999999985e-02,-5.167299999999999671e-03
7.687680000000000772e-04,-1.544043999999999972e-02,-1.550189999999999901e-02
7.688320000000000006e-04,-1.544043999999999972e-02,-1.550189999999999901e-02
7.688960000000000326e-04,-2.058719999999999994e-02,-1.808554000000000064e-02
7.689600000000000645e-04,-7.720219999999999860e-03,-1.550189999999999901e-02
7.690240000000000964e-04,-2.058719999999999994e-02,-1.808554000000000064e-02
7.690880000000000199e-04,-7.720219999999999860e-03,-1.033459999999999934e-02
7.691520000000000518e-04,-1.029361999999999985e-02,-1.291824000000000097e-02
7.692160000000000837e-04,-1.286701999999999985e-02,-2.066919999999999868e-02
7.692800000000000072e-04,-1.029361999999999985e-02,-1.291824000000000097e-02
7.693440000000000391e-04,-1.801383999999999971e-02,-1.291824000000000097e-02
7.694080000000000710e-04,-7.720219999999999860e-03,-1.033459999999999934e-02
7.694719999999999945e-04,-1.544043999999999972e-02,-1.033459999999999934e-02
7.695360000000000264e-04,-1.286701999999999985e-02,-1.291824000000000097e-02
7.696000000000000583e-04,-1.286701999999999985e-02,-1.550189999999999901e-02
7.696640000000000903e-04,-7.720219999999999860e-03,-1.550189999999999901e-02
7.697280000000000138e-04,-1.544043999999999972e-02,-7.750940000000000434e-03
7.697920000000000457e-04,-7.720219999999999860e-03,-1.291824000000000097e-02
7.698560000000000776e-04,-7.720219999999999860e-03,-7.750940000000000434e-03
7.699200000000000011e-04,-2.058719999999999994e-02,-1.291824000000000097e-02
7.699840000000000330e-04,-1.029361999999999985e-02,-2.066919999999999868e-02
7.700480000000000649e-04,-1.029361999999999985e-02,-1.291824000000000097e-02
7.701120000000000968e-04,-1.544043999999999972e-02,-1.291824000000000097e-02
7.701760000000000203e-04,-7.720219999999999860e-03,-1.808554000000000064e-02
7.702400000000000522e-04,-7.720219999999999860e-03,-2.066919999999999868e-02
7.703040000000000841e-04,-1.801383999999999971e-02,-1.808554000000000064e-02
7.703680000000000076e-04,-1.544043999999999972e-02,-1.550189999999999901e-02
7.704320000000000395e-04,-1.544043999999999972e-02,-1.291824000000000097e-02
7.704960000000000715e-04,-1.029361999999999985e-02,-1.808554000000000064e-02
7.705599999999999949e-04,-1.286701999999999985e-02,-1.291824000000000097e-02
7.706240000000000269e-04,-1.544043999999999972e-02,-2.325279999999999708e-02
7.706880000000000588e-04,-7.720219999999999860e-03,-1.291824000000000097e-02
7.707520000000000907e-04,-1.544043999999999972e-02,-1.291824000000000097e-02
7.708160000000000142e-04,-1.029361999999999985e-02,-1.550189999999999901e-02
7.708800000000000461e-04,-5.146819999999999867e-03,-1.808554000000000064e-02
7.709440000000000780e-04,-1.286701999999999985e-02,-5.167299999999999671e-03
7.710080000000000015e-04,-1.029361999999999985e-02,-1.033459999999999934e-02
7.710720000000000334e-04,-1.801383999999999971e-02,-1.550189999999999901e-02
7.711360000000000653e-04,-1.544043999999999972e-02,-2.066919999999999868e-02
7.712000000000000972e-04,-1.029361999999999985e-02,-1.808554000000000064e-02
7.712640000000000207e-04,-1.544043999999999972e-02,-2.066919999999999868e-02
7.713280000000000526e-04,-1.286701999999999985e-02,-1.808554000000000064e-02
7.713920000000000846e-04,-1.029361999999999985e-02,-2.066919999999999868e-02
7.714560000000000081e-04,-7.720219999999999860e-03,-2.066919999999999868e-02
7.715200000000000400e-04,-1.801383999999999971e-02,-1.550189999999999901e-02
7.715840000000000719e-04,-1.286701999999999985e-02,-1.808554000000000064e-02
7.716479999999999954e-04,-1.801383999999999971e-02,-1.033459999999999934e-02
7.717120000000000273e-04,-1.544043999999999972e-02,-1.550189999999999901e-02
7.717760000000000592e-04,-2.058719999999999994e-02,-1.033459999999999934e-02
7.718400000000000911e-04,-1.801383999999999971e-02,-1.033459999999999934e-02
7.719040000000000146e-04,-1.029361999999999985e-02,-1.808554000000000064e-02
7.719680000000000465e-04,-7.720219999999999860e-03,-2.066919999999999868e-02
7.720320000000000784e-04,-5.146819999999999867e-03,-1.808554000000000064e-02
7.720960000000000019e-04,-1.801383999999999971e-02,-1.291824000000000097e-02
7.721600000000000338e-04,-1.029361999999999985e-02,-1.033459999999999934e-02
7.722240000000000658e-04,-1.029361999999999985e-02,-1.550189999999999901e-02
7.722880000000000977e-04,-1.801383999999999971e-02,-1.808554000000000064e-02
7.723520000000000212e-04,-1.544043999999999972e-02,-2.066919999999999868e-02
7.724160000000000531e-04,-1.544043999999999972e-02,-1.291824000000000097e-02
7.724800000000000850e-04,-1.286701999999999985e-02,-1.808554000000000064e-02
7.725440000000000085e-04,-2.058719999999999994e-02,-1.291824000000000097e-02
7.726080000000000404e-04,-7.720219999999999860e-03,-2.066919999999999868e-02
7.726720000000000723e-04,-7.720219999999999860e-03,-2.066919999999999868e-02
7.727359999999999958e-04,-1.029361999999999985e-02,-1.550189999999999901e-02
7.728000000000000277e-04,-2.573399999999999993e-03,-1.808554000000000064e-02
7.728640000000000596e-04,-7.720219999999999860e-03,-2.325279999999999708e-02
7.729280000000000915e-04,-1.029361999999999985e-02,-1.550189999999999901e-02
7.729920000000000150e-04,-1.544043999999999972e-02,-1.808554000000000064e-02
7.730560000000000469e-04,-2.573399999999999993e-02,-1.291824000000000097e-02
7.731200000000000789e-04,-2.316059999999999994e-02,-2.325279999999999708e-02
7.731840000000000023e-04,-2.316059999999999994e-02,-2.066919999999999868e-02
7.732480000000000343e-04,-1.544043999999999972e-02,-2.066919999999999868e-02
7.733120000000000662e-04,-5.146819999999999867e-03,-2.325279999999999708e-02
7.733760000000000981e-04,-5.146819999999999867e-03,-1.550189999999999901e-02
7.734400000000000216e-04,-7.720219999999999860e-03,-1.291824000000000097e-02
7.735040000000000535e-04,-7.720219999999999860e-03,-1.808554000000000064e-02
7.735680000000000854e-04,-7.720219999999999860e-03,-2.066919999999999868e-02
7.736320000000000089e-04,-1.544043999999999972e-02,-1.291824000000000097e-02
7.736960000000000408e-04,-2.573399999999999993e-02,-1.550189999999999901e-02
7.737600000000000727e-04,-2.573399999999999993e-02,-1.808554000000000064e-02
7.738239999999999962e-04,-2.573399999999999993e-02,-1.291824000000000097e-02
7.738880000000000281e-04,-1.544043999999999972e-02,-1.550189999999999901e-02
7.739520000000000600e-04,-2.058719999999999994e-02,-1.033459999999999934e-02
7.740160000000000920e-04,-1.286701999999999985e-02,-1.550189999999999901e-02
7.740800000000000155e-04,-5.146819999999999867e-03,-1.550189999999999901e-02
7.741440000000000474e-04,-2.573399999999999993e-03,-2.066919999999999868e-02
7.742080000000000793e-04,-1.801383999999999971e-02,-2.066919999999999868e-02
7.742720000000000028e-04,-1.801383999999999971e-02,-1.033459999999999934e-02
7.743360000000000347e-04,-1.544043999999999972e-02,-1.808554000000000064e-02
7.744000000000000666e-04,-1.801383999999999971e-02,-2.066919999999999868e-02
7.744640000000000985e-04,-2.058719999999999994e-02,-1.550189999999999901e-02
7.745280000000000220e-04,-1.286701999999999985e-02,-1.550189999999999901e-02
7.745920000000000539e-04,-1.801383999999999971e-02,-1.291824000000000097e-02
7.746560000000000858e-04,-1.544043999999999972e-02,-2.066919999999999868e-02
7.747200000000000093e-04,-1.286701999999999985e-02,-1.033459999999999934e-02
7.747840000000000412e-04,-1.286701999999999985e-02,-1.291824000000000097e-02
7.748480000000000732e-04,-1.286701999999999985e-02,-1.550189999999999901e-02
7.749119999999999966e-04,-5.146819999999999867e-03,-1.291824000000000097e-02
7.749760000000000286e-04,-1.029361999999999985e-02,-1.808554000000000064e-02
7.750400000000000605e-04,-7.720219999999999860e-03,-2.066919999999999868e-02
7.751040000000000924e-04,-1.544043999999999972e-02,-1.550189999999999901e-02
7.751680000000000159e-04,-2.573399999999999993e-02,-2.325279999999999708e-02
7.752320000000000478e-04,-2.316059999999999994e-02,-1.550189999999999901e-02
7.752960000000000797e-04,-2.058719999999999994e-02,-1.808554000000000064e-02
7.753600000000000032e-04,-2.058719999999999994e-02,-2.325279999999999708e-02
7.754240000000000351e-04,-1.544043999999999972e-02,-1.808554000000000064e-02
7.754880000000000670e-04,-7.720219999999999860e-03,-1.808554000000000064e-02
7.755520000000000989e-04,-2.573399999999999993e-03,-1.808554000000000064e-02
7.756160000000000224e-04,-2.573399999999999993e-03,-1.291824000000000097e-02
7.756800000000000543e-04,-1.286701999999999985e-02,-1.808554000000000064e-02
7.757440000000000863e-04,-1.029361999999999985e-02,-2.066919999999999868e-02
7.758080000000000098e-04,-2.316059999999999994e-02,-1.291824000000000097e-02
7.758720000000000417e-04,-2.316059999999999994e-02,-1.033459999999999934e-02
7.759360000000000736e-04,-2.573399999999999993e-02,-1.808554000000000064e-02
7.759999999999999971e-04,-1.544043999999999972e-02,-2.325279999999999708e-02
7.760640000000000290e-04,-1.286701999999999985e-02,-2.325279999999999708e-02
7.761280000000000609e-04,-2.573399999999999993e-03,-2.325279999999999708e-02
7.761920000000000928e-04,-5.146819999999999867e-03,-2.842019999999999963e-02
7.762560000000000163e-04,-2.573399999999999993e-03,-2.325279999999999708e-02
7.763200000000000482e-04,-1.286701999999999985e-02,-1.808554000000000064e-02
7.763840000000000801e-04,-2.830739999999999992e-02,-1.550189999999999901e-02
7.764480000000000036e-04,-3.088079999999999992e-02,-1.291824000000000097e-02
7.765120000000000355e-04,-2.058719999999999994e-02,-2.325279999999999708e-02
7.765760000000000675e-04,-1.544043999999999972e-02,-2.325279999999999708e-02
7.766400000000000994e-04,-1.544043999999999972e-02,-1.033459999999999934e-02
7.767040000000000229e-04,2.573399999999999993e-03,-1.550189999999999901e-02
7.767680000000000548e-04,0.000000000000000000e+00,-1.808554000000000064e-02
7.768320000000000867e-04,2.573399999999999993e-03,-2.325279999999999708e-02
7.768960000000000102e-04,-1.286701999999999985e-02,-1.808554000000000064e-02
7.769600000000000421e-04,-1.286701999999999985e-02,-1.291824000000000097e-02
7.770240000000000740e-04,-1.801383999999999971e-02,-1.550189999999999901e-02
7.770879999999999975e-04,-2.058719999999999994e-02,-2.325279999999999708e-02
7.771520000000000294e-04,-2.316059999999999994e-02,-1.291824000000000097e-02
7.772160000000000613e-04,-2.058719999999999994e-02,-1.550189999999999901e-02
7.772800000000000932e-04,-1.801383999999999971e-02,-1.550189999999999901e-02
7.773440000000000167e-04,-1.029361999999999985e-02,-1.550189999999999901e-02
7.774080000000000486e-04,7.720219999999999860e-03,-1.550189999999999901e-02
7.774720000000000806e-04,5.146819999999999867e-03,-1.808554000000000064e-02
7.775360000000000040e-04,7.720219999999999860e-03,-1.808554000000000064e-02
7.776000000000000360e-04,0.000000000000000000e+00,-1.291824000000000097e-02
7.776640000000000679e-04,-1.029361999999999985e-02,-1.550189999999999901e-02
7.777280000000000998e-04,-1.544043999999999972e-02,-2.066919999999999868e-02
7.777920000000000233e-04,-1.544043999999999972e-02,-1.033459999999999934e-02
7.778560000000000552e-04,-2.830739999999999992e-02,-1.291824000000000097e-02
7.779200000000000871e-04,-2.058719999999999994e-02,-2.066919999999999868e-02
7.779840000000000106e-04,-1.286701999999999985e-02,-1.033459999999999934e-02
7.780480000000000425e-04,-1.801383999999999971e-02,-1.808554000000000064e-02
7.781120000000000744e-04,-1.286701999999999985e-02,-1.808554000000000064e-02
7.781759999999999979e-04,-7.720219999999999860e-03,-1.550189999999999901e-02
7.782400000000000298e-04,-7.720219999999999860e-03,-2.066919999999999868e-02
7.783040000000000617e-04,2.573399999999999993e-03,-1.291824000000000097e-02
7.783680000000000937e-04,2.573399999999999993e-03,-1.808554000000000064e-02
7.784320000000000172e-04,-7.720219999999999860e-03,-1.291824000000000097e-02
7.784960000000000491e-04,-1.544043999999999972e-02,-1.291824000000000097e-02
7.785600000000000810e-04,-2.058719999999999994e-02,-1.550189999999999901e-02
7.786240000000000045e-04,-2.573399999999999993e-02,-1.291824000000000097e-02
7.786880000000000364e-04,-2.058719999999999994e-02,-7.750940000000000434e-03
7.787520000000000683e-04,-1.029361999999999985e-02,-2.583640000000000329e-03
7.788160000000001002e-04,-1.029361999999999985e-02,-7.750940000000000434e-03
7.788800000000000237e-04,-1.029361999999999985e-02,-1.033459999999999934e-02
7.789440000000000556e-04,-1.286701999999999985e-02,-1.291824000000000097e-02
7.790080000000000875e-04,-2.573399999999999993e-03,-2.066919999999999868e-02
7.790720000000000110e-04,-2.573399999999999993e-03,-1.808554000000000064e-02
7.791360000000000429e-04,5.146819999999999867e-03,-1.808554000000000064e-02
7.792000000000000749e-04,-2.573399999999999993e-03,-1.550189999999999901e-02
7.792639999999999983e-04,-2.573399999999999993e-03,-1.550189999999999901e-02
7.793280000000000303e-04,-1.286701999999999985e-02,-1.550189999999999901e-02
7.793920000000000622e-04,-2.058719999999999994e-02,-1.291824000000000097e-02
7.794560000000000941e-04,-1.286701999999999985e-02,-1.033459999999999934e-02
7.795200000000000176e-04,-1.801383999999999971e-02,-7.750940000000000434e-03
7.795840000000000495e-04,-5.146819999999999867e-03,-1.550189999999999901e-02
7.796480000000000814e-04,2.573399999999999993e-03,-1.550189999999999901e-02
7.797120000000000049e-04,-2.573399999999999993e-03,-1.291824000000000097e-02
7.797760000000000368e-04,2.573399999999999993e-03,-2.066919999999999868e-02
7.798400000000000687e-04,-7.720219999999999860e-03,-2.583640000000000329e-03
7.799040000000001006e-04,-1.286701999999999985e-02,-1.550189999999999901e-02
7.799680000000000241e-04,-1.029361999999999985e-02,-1.808554000000000064e-02
7.800320000000000560e-04,-1.544043999999999972e-02,-2.066919999999999868e-02
7.800960000000000880e-04,-1.286701999999999985e-02,-1.550189999999999901e-02
7.801600000000000115e-04,-2.573399999999999993e-03,-1.550189999999999901e-02
7.802240000000000434e-04,-2.573399999999999993e-03,-1.808554000000000064e-02
7.802880000000000753e-04,2.573399999999999993e-03,-1.808554000000000064e-02
7.803519999999999988e-04,-2.573399999999999993e-03,-1.033459999999999934e-02
7.804160000000000307e-04,-1.029361999999999985e-02,-1.033459999999999934e-02
7.804800000000000626e-04,-7.720219999999999860e-03,-1.550189999999999901e-02
7.805440000000000945e-04,-5.146819999999999867e-03,-1.550189999999999901e-02
7.806080000000000180e-04,-2.573399999999999993e-03,-1.291824000000000097e-02
7.806720000000000499e-04,-1.029361999999999985e-02,-1.291824000000000097e-02
7.807360000000000818e-04,-7.720219999999999860e-03,-1.550189999999999901e-02
7.808000000000000053e-04,-7.720219999999999860e-03,-1.291824000000000097e-02
7.808640000000000372e-04,-1.801383999999999971e-02,-2.066919999999999868e-02
7.809280000000000692e-04,-1.029361999999999985e-02,-1.550189999999999901e-02
7.809920000000001011e-04,-1.029361999999999985e-02,-1.033459999999999934e-02
7.810560000000000246e-04,-1.029361999999999985e-02,-7.750940000000000434e-03
7.811200000000000565e-04,-1.029361999999999985e-02,-2.066919999999999868e-02
7.811840000000000884e-04,-1.544043999999999972e-02,-7.750940000000000434e-03
7.812480000000000119e-04,0.000000000000000000e+00,-1.808554000000000064e-02
7.813120000000000438e-04,-2.573399999999999993e-03,-1.550189999999999901e-02
7.813760000000000757e-04,-2.573399999999999993e-03,-1.291824000000000097e-02
7.814399999999999992e-04,-5.146819999999999867e-03,-7.750940000000000434e-03
7.815040000000000311e-04,-1.029361999999999985e-02,-1.033459999999999934e-02
7.815680000000000630e-04,-1.801383999999999971e-02,-1.033459999999999934e-02
7.816320000000000949e-04,-1.029361999999999985e-02,-1.033459999999999934e-02
7.816960000000000184e-04,-1.029361999999999985e-02,-1.808554000000000064e-02
7.817600000000000503e-04,-7.720219999999999860e-03,-1.808554000000000064e-02
7.818240000000000823e-04,-7.720219999999999860e-03,-7.750940000000000434e-03
7.818880000000000058e-04,-2.573399999999999993e-03,-1.033459999999999934e-02
7.819520000000000377e-04,-1.029361999999999985e-02,-1.033459999999999934e-02
7.820160000000000696e-04,-1.029361999999999985e-02,-1.033459999999999934e-02
7.820800000000001015e-04,-7.720219999999999860e-03,-7.750940000000000434e-03
7.821440000000000250e-04,2.573399999999999993e-03,-1.033459999999999934e-02
7.822080000000000569e-04,-7.720219999999999860e-03,-1.550189999999999901e-02
7.822720000000000888e-04,-1.029361999999999985e-02,-5.167299999999999671e-03
7.823360000000000123e-04,-1.029361999999999985e-02,-1.033459999999999934e-02
7.824000000000000442e-04,-7.720219999999999860e-03,-7.750940000000000434e-03
7.824640000000000761e-04,-1.801383999999999971e-02,-7.750940000000000434e-03
7.825279999999999996e-04,-1.801383999999999971e-02,-1.291824000000000097e-02
7.825920000000000315e-04,-1.029361999999999985e-02,-7.750940000000000434e-03
7.826560000000000634e-04,-1.029361999999999985e-02,-7.750940000000000434e-03
7.827200000000000954e-04,-2.573399999999999993e-03,-1.291824000000000097e-02
7.827840000000000189e-04,0.000000000000000000e+00,-1.291824000000000097e-02
7.828480000000000508e-04,2.573399999999999993e-03,-1.033459999999999934e-02
7.829120000000000827e-04,0.000000000000000000e+00,-1.033459999999999934e-02
7.829760000000000062e-04,-1.029361999999999985e-02,-1.033459999999999934e-02
7.830400000000000381e-04,-1.801383999999999971e-02,-1.033459999999999934e-02
7.831040000000000700e-04,-2.316059999999999994e-02,-1.033459999999999934e-02
7.831680000000001019e-04,-2.058719999999999994e-02,-1.033459999999999934e-02
7.832320000000000254e-04,-1.029361999999999985e-02,-2.583640000000000329e-03
7.832960000000000573e-04,-5.146819999999999867e-03,0.000000000000000000e+00
7.833600000000000892e-04,-2.573399999999999993e-03,-1.033459999999999934e-02
7.834240000000000127e-04,-1.029361999999999985e-02,-5.167299999999999671e-03
7.834880000000000446e-04,-2.573399999999999993e-03,-5.167299999999999671e-03
7.835520000000000766e-04,7.720219999999999860e-03,-5.167299999999999671e-03
7.836160000000000000e-04,-5.146819999999999867e-03,-2.583640000000000329e-03
7.836800000000000320e-04,-5.146819999999999867e-03,-7.750940000000000434e-03
7.837440000000000639e-04,-1.544043999999999972e-02,-1.033459999999999934e-02
7.838080000000000958e-04,-1.801383999999999971e-02,-7.750940000000000434e-03
7.838720000000000193e-04,-2.058719999999999994e-02,-7.750940000000000434e-03
7.839360000000000512e-04,-2.573399999999999993e-02,-7.750940000000000434e-03
7.840000000000000831e-04,-1.286701999999999985e-02,-5.167299999999999671e-03
7.840640000000000066e-04,-2.573399999999999993e-03,0.000000000000000000e+00
7.841280000000000385e-04,0.000000000000000000e+00,-5.167299999999999671e-03
7.841920000000000704e-04,0.000000000000000000e+00,-5.167299999999999671e-03
7.842560000000001023e-04,5.146819999999999867e-03,-5.167299999999999671e-03
7.843200000000000258e-04,-5.146819999999999867e-03,-1.033459999999999934e-02
7.843840000000000577e-04,-7.720219999999999860e-03,-7.750940000000000434e-03
7.844480000000000897e-04,-2.830739999999999992e-02,-1.033459999999999934e-02
7.845120000000000132e-04,-2.830739999999999992e-02,-1.550189999999999901e-02
7.845760000000000451e-04,-3.088079999999999992e-02,-1.550189999999999901e-02
7.846400000000000770e-04,-3.345420000000000338e-02,-1.033459999999999934e-02
7.847040000000000005e-04,-1.286701999999999985e-02,-1.033459999999999934e-02
7.847680000000000324e-04,-2.573399999999999993e-03,-7.750940000000000434e-03
7.848320000000000643e-04,2.573399999999999993e-03,-1.550189999999999901e-02
7.848960000000000962e-04,-5.146819999999999867e-03,-5.167299999999999671e-03
7.849600000000000197e-04,-7.720219999999999860e-03,-7.750940000000000434e-03
7.850240000000000516e-04,-2.316059999999999994e-02,-1.291824000000000097e-02
7.850880000000000835e-04,-3.602759999999999990e-02,-1.550189999999999901e-02
7.851520000000000070e-04,-2.830739999999999992e-02,-1.033459999999999934e-02
7.852160000000000389e-04,-2.316059999999999994e-02,-1.550189999999999901e-02
7.852800000000000709e-04,-2.058719999999999994e-02,-1.291824000000000097e-02
7.853440000000001028e-04,0.000000000000000000e+00,-1.550189999999999901e-02
7.854080000000000263e-04,2.573399999999999993e-03,-1.291824000000000097e-02
7.854720000000000582e-04,-2.573399999999999993e-03,-1.033459999999999934e-02
7.855360000000000901e-04,-7.720219999999999860e-03,-1.291824000000000097e-02
7.856000000000000136e-04,-2.316059999999999994e-02,-7.750940000000000434e-03
7.856640000000000455e-04,-2.316059999999999994e-02,-5.167299999999999671e-03
7.857280000000000774e-04,-2.316059999999999994e-02,-1.550189999999999901e-02
7.857920000000000009e-04,-2.573399999999999993e-02,-1.033459999999999934e-02
7.858560000000000328e-04,-2.573399999999999993e-02,-1.033459999999999934e-02
7.859200000000000647e-04,-2.058719999999999994e-02,-1.550189999999999901e-02
7.859840000000000966e-04,-5.146819999999999867e-03,-1.291824000000000097e-02
7.860480000000000201e-04,2.573399999999999993e-03,-1.291824000000000097e-02
7.861120000000000520e-04,-5.146819999999999867e-03,-1.291824000000000097e-02
7.861760000000000840e-04,-1.544043999999999972e-02,-1.291824000000000097e-02
7.862400000000000075e-04,-2.058719999999999994e-02,-5.167299999999999671e-03
7.863040000000000394e-04,-3.602759999999999990e-02,-1.808554000000000064e-02
7.863680000000000713e-04,-3.860099999999999643e-02,-1.033459999999999934e-02
7.864320000000001032e-04,-3.088079999999999992e-02,-1.033459999999999934e-02
7.864960000000000267e-04,-2.058719999999999994e-02,-1.033459999999999934e-02
7.865600000000000586e-04,-1.029361999999999985e-02,-5.167299999999999671e-03
7.866240000000000905e-04,0.000000000000000000e+00,-1.291824000000000097e-02
7.866880000000000140e-04,-2.573399999999999993e-03,-2.583640000000000329e-03
7.867520000000000459e-04,-1.029361999999999985e-02,-7.750940000000000434e-03
7.868160000000000778e-04,-5.146819999999999867e-03,-1.033459999999999934e-02
7.868800000000000013e-04,-1.544043999999999972e-02,-5.167299999999999671e-03
7.869440000000000332e-04,-2.316059999999999994e-02,0.000000000000000000e+00
7.870080000000000651e-04,-2.573399999999999993e-02,-1.291824000000000097e-02
7.870720000000000971e-04,-2.830739999999999992e-02,-7.750940000000000434e-03
7.871360000000000206e-04,-1.801383999999999971e-02,-7.750940000000000434e-03
7.872000000000000525e-04,-1.286701999999999985e-02,-2.583640000000000329e-03
7.872640000000000844e-04,-5.146819999999999867e-03,-7.750940000000000434e-03
7.873280000000000079e-04,-2.573399999999999993e-03,-2.583640000000000329e-03
7.873920000000000398e-04,-2.573399999999999993e-03,-1.033459999999999934e-02
7.874560000000000717e-04,-1.286701999999999985e-02,-1.291824000000000097e-02
7.875199999999999952e-04,-2.058719999999999994e-02,-7.750940000000000434e-03
7.875840000000000271e-04,-3.345420000000000338e-02,-7.750940000000000434e-03
7.876480000000000590e-04,-3.088079999999999992e-02,-7.750940000000000434e-03
7.877120000000000909e-04,-3.088079999999999992e-02,-5.167299999999999671e-03
7.877760000000000144e-04,-1.286701999999999985e-02,-1.033459999999999934e-02
7.878400000000000463e-04,-5.146819999999999867e-03,-7.750940000000000434e-03
7.879040000000000783e-04,5.146819999999999867e-03,-2.583640000000000329e-03
7.879680000000000017e-04,2.573399999999999993e-03,-7.750940000000000434e-03
7.880320000000000337e-04,-7.720219999999999860e-03,-1.291824000000000097e-02
7.880960000000000656e-04,-1.286701999999999985e-02,-1.550189999999999901e-02
7.881600000000000975e-04,-2.573399999999999993e-02,-7.750940000000000434e-03
7.882240000000000210e-04,-3.860099999999999643e-02,-7.750940000000000434e-03
7.882880000000000529e-04,-4.117439999999999989e-02,-2.583640000000000329e-03
7.883520000000000848e-04,-2.573399999999999993e-02,-1.291824000000000097e-02
7.884160000000000083e-04,-1.801383999999999971e-02,-7.750940000000000434e-03
7.884800000000000402e-04,-7.720219999999999860e-03,-5.167299999999999671e-03
7.885440000000000721e-04,0.000000000000000000e+00,-1.033459999999999934e-02
7.886079999999999956e-04,1.029361999999999985e-02,-1.033459999999999934e-02
7.886720000000000275e-04,-5.146819999999999867e-03,-1.550189999999999901e-02
7.887360000000000594e-04,-2.573399999999999993e-02,-1.033459999999999934e-02
7.888000000000000914e-04,-3.345420000000000338e-02,-5.167299999999999671e-03
7.888640000000000149e-04,-3.860099999999999643e-02,-1.291824000000000097e-02
7.889280000000000468e-04,-3.088079999999999992e-02,-7.750940000000000434e-03
7.889920000000000787e-04,-2.573399999999999993e-02,-5.167299999999999671e-03
7.890560000000000022e-04,-1.029361999999999985e-02,-1.033459999999999934e-02
7.891200000000000341e-04,-5.146819999999999867e-03,-7.750940000000000434e-03
7.891840000000000660e-04,-5.146819999999999867e-03,-1.033459999999999934e-02
7.892480000000000979e-04,-5.146819999999999867e-03,-7.750940000000000434e-03
7.893120000000000214e-04,-2.316059999999999994e-02,-1.808554000000000064e-02
7.893760000000000533e-04,-2.573399999999999993e-02,-1.291824000000000097e-02
7.894400000000000852e-04,-2.830739999999999992e-02,-5.167299999999999671e-03
7.895040000000000087e-04,-3.345420000000000338e-02,-7.750940000000000434e-03
7.895680000000000406e-04,-1.801383999999999971e-02,-1.291824000000000097e-02
7.896320000000000726e-04,-1.029361999999999985e-02,-1.033459999999999934e-02
7.896959999999999960e-04,-2.573399999999999993e-03,-7.750940000000000434e-03
7.897600000000000280e-04,-7.720219999999999860e-03,-1.291824000000000097e-02
7.898240000000000599e-04,-1.286701999999999985e-02,-2.066919999999999868e-02
7.898880000000000918e-04,-1.029361999999999985e-02,-7.750940000000000434e-03
7.899520000000000153e-04,-2.830739999999999992e-02,-1.033459999999999934e-02
7.900160000000000472e-04,-3.345420000000000338e-02,-1.550189999999999901e-02
7.900800000000000791e-04,-3.345420000000000338e-02,-1.033459999999999934e-02
7.901440000000000026e-04,-3.088079999999999992e-02,-1.291824000000000097e-02
7.902080000000000345e-04,-2.573399999999999993e-02,-1.550189999999999901e-02
7.902720000000000664e-04,-1.544043999999999972e-02,-1.550189999999999901e-02
7.903360000000000983e-04,-2.573399999999999993e-03,-1.291824000000000097e-02
7.904000000000000218e-04,-2.573399999999999993e-03,-1.550189999999999901e-02
7.904640000000000537e-04,-7.720219999999999860e-03,-2.066919999999999868e-02
7.905280000000000857e-04,-1.029361999999999985e-02,-1.808554000000000064e-02
7.905920000000000092e-04,-2.316059999999999994e-02,-1.808554000000000064e-02
7.906560000000000411e-04,-2.830739999999999992e-02,-1.291824000000000097e-02
7.907200000000000730e-04,-3.860099999999999643e-02,-1.291824000000000097e-02
7.907839999999999965e-04,-3.088079999999999992e-02,-2.066919999999999868e-02
7.908480000000000284e-04,-2.830739999999999992e-02,-1.550189999999999901e-02
7.909120000000000603e-04,-2.058719999999999994e-02,-1.291824000000000097e-02
7.909760000000000922e-04,-2.573399999999999993e-03,-7.750940000000000434e-03
7.910400000000000157e-04,0.000000000000000000e+00,-1.808554000000000064e-02
7.911040000000000476e-04,2.573399999999999993e-03,-1.291824000000000097e-02
7.911680000000000795e-04,-1.029361999999999985e-02,-7.750940000000000434e-03
7.912320000000000030e-04,-2.058719999999999994e-02,-1.291824000000000097e-02
7.912960000000000349e-04,-3.088079999999999992e-02,-1.808554000000000064e-02
7.913600000000000668e-04,-2.830739999999999992e-02,-1.550189999999999901e-02
7.914240000000000988e-04,-2.573399999999999993e-02,-1.550189999999999901e-02
7.914880000000000223e-04,-2.316059999999999994e-02,-1.808554000000000064e-02
7.915520000000000542e-04,-2.058719999999999994e-02,-1.808554000000000064e-02
7.916160000000000861e-04,-1.029361999999999985e-02,-1.550189999999999901e-02
7.916800000000000096e-04,-1.029361999999999985e-02,-2.066919999999999868e-02
7.917440000000000415e-04,-1.286701999999999985e-02,-1.291824000000000097e-02
7.918080000000000734e-04,-1.029361999999999985e-02,-1.808554000000000064e-02
7.918719999999999969e-04,-1.801383999999999971e-02,-2.066919999999999868e-02
7.919360000000000288e-04,-2.830739999999999992e-02,-1.550189999999999901e-02
7.920000000000000607e-04,-2.830739999999999992e-02,-1.550189999999999901e-02
7.920640000000000926e-04,-2.573399999999999993e-02,-2.066919999999999868e-02
7.921280000000000161e-04,-1.801383999999999971e-02,-1.550189999999999901e-02
7.921920000000000480e-04,-2.058719999999999994e-02,-1.550189999999999901e-02
7.922560000000000800e-04,-2.573399999999999993e-03,-1.550189999999999901e-02
7.923200000000000034e-04,-7.720219999999999860e-03,-2.066919999999999868e-02
7.923840000000000354e-04,-2.573399999999999993e-03,-1.550189999999999901e-02
7.924480000000000673e-04,-5.146819999999999867e-03,-2.066919999999999868e-02
7.925120000000000992e-04,-1.801383999999999971e-02,-1.033459999999999934e-02
7.925760000000000227e-04,-1.801383999999999971e-02,-1.550189999999999901e-02
7.926400000000000546e-04,-3.345420000000000338e-02,-7.750940000000000434e-03
7.927040000000000865e-04,-2.058719999999999994e-02,-1.808554000000000064e-02
7.927680000000000100e-04,-2.316059999999999994e-02,-1.550189999999999901e-02
7.928320000000000419e-04,-1.029361999999999985e-02,-1.291824000000000097e-02
7.928960000000000738e-04,-1.286701999999999985e-02,-2.325279999999999708e-02
7.929599999999999973e-04,-1.029361999999999985e-02,-1.550189999999999901e-02
7.930240000000000292e-04,-7.720219999999999860e-03,-1.550189999999999901e-02
7.930880000000000611e-04,-5.146819999999999867e-03,-5.167299999999999671e-03
7.931520000000000931e-04,-1.029361999999999985e-02,-1.291824000000000097e-02
7.932160000000000166e-04,-2.316059999999999994e-02,-1.033459999999999934e-02
7.932800000000000485e-04,-1.544043999999999972e-02,-1.291824000000000097e-02
7.933440000000000804e-04,-2.058719999999999994e-02,-1.291824000000000097e-02
7.934080000000000039e-04,-1.544043999999999972e-02,-2.066919999999999868e-02
7.934720000000000358e-04,-1.029361999999999985e-02,-1.033459999999999934e-02
7.935360000000000677e-04,-7.720219999999999860e-03,-7.750940000000000434e-03
7.936000000000000996e-04,-1.544043999999999972e-02,-1.808554000000000064e-02
7.936640000000000231e-04,-1.029361999999999985e-02,-1.291824000000000097e-02
7.937280000000000550e-04,-1.286701999999999985e-02,-1.033459999999999934e-02
7.937920000000000869e-04,-2.316059999999999994e-02,-1.291824000000000097e-02
7.938560000000000104e-04,-1.544043999999999972e-02,-1.291824000000000097e-02
7.939200000000000423e-04,-1.544043999999999972e-02,-1.550189999999999901e-02
7.939840000000000743e-04,-1.801383999999999971e-02,-2.325279999999999708e-02
7.940479999999999977e-04,-1.286701999999999985e-02,-2.066919999999999868e-02
7.941120000000000297e-04,0.000000000000000000e+00,-1.808554000000000064e-02
7.941760000000000616e-04,-2.573399999999999993e-03,-1.033459999999999934e-02
7.942400000000000935e-04,-5.146819999999999867e-03,-1.033459999999999934e-02
7.943040000000000170e-04,-1.544043999999999972e-02,-1.550189999999999901e-02
7.943680000000000489e-04,-1.286701999999999985e-02,-1.808554000000000064e-02
7.944320000000000808e-04,-2.058719999999999994e-02,-1.808554000000000064e-02
7.944960000000000043e-04,-2.573399999999999993e-02,-1.291824000000000097e-02
7.945600000000000362e-04,-1.029361999999999985e-02,-1.291824000000000097e-02
7.946240000000000681e-04,-5.146819999999999867e-03,-1.550189999999999901e-02
7.946880000000001000e-04,-2.573399999999999993e-03,-2.066919999999999868e-02
7.947520000000000235e-04,0.000000000000000000e+00,-1.808554000000000064e-02
7.948160000000000554e-04,-5.146819999999999867e-03,-2.066919999999999868e-02
7.948800000000000874e-04,-5.146819999999999867e-03,-2.066919999999999868e-02
7.949440000000000109e-04,-1.801383999999999971e-02,-1.550189999999999901e-02
7.950080000000000428e-04,-1.801383999999999971e-02,-2.066919999999999868e-02
7.950720000000000747e-04,-1.801383999999999971e-02,-1.550189999999999901e-02
7.951359999999999982e-04,-1.801383999999999971e-02,-1.550189999999999901e-02
7.952000000000000301e-04,0.000000000000000000e+00,-2.583639999999999895e-02
7.952640000000000620e-04,-1.029361999999999985e-02,-1.550189999999999901e-02
7.953280000000000939e-04,-7.720219999999999860e-03,-1.550189999999999901e-02
7.953920000000000174e-04,2.573399999999999993e-03,-1.550189999999999901e-02
7.954560000000000493e-04,0.000000000000000000e+00,-1.033459999999999934e-02
7.955200000000000812e-04,-2.573399999999999993e-03,-1.550189999999999901e-02
7.955840000000000047e-04,-1.286701999999999985e-02,-7.750940000000000434e-03
7.956480000000000366e-04,-1.286701999999999985e-02,-1.808554000000000064e-02
7.957120000000000686e-04,-1.029361999999999985e-02,-2.066919999999999868e-02
7.957760000000001005e-04,-1.029361999999999985e-02,-1.550189999999999901e-02
7.958400000000000240e-04,-1.286701999999999985e-02,-1.808554000000000064e-02
7.959040000000000559e-04,-7.720219999999999860e-03,-1.550189999999999901e-02
7.959680000000000878e-04,-2.573399999999999993e-03,-1.291824000000000097e-02
7.960320000000000113e-04,-5.146819999999999867e-03,-2.066919999999999868e-02
7.960960000000000432e-04,-2.573399999999999993e-03,-2.066919999999999868e-02
7.961600000000000751e-04,-2.573399999999999993e-03,-1.808554000000000064e-02
7.962239999999999986e-04,-7.720219999999999860e-03,-1.808554000000000064e-02
7.962880000000000305e-04,-1.286701999999999985e-02,-1.291824000000000097e-02
7.963520000000000624e-04,-7.720219999999999860e-03,-1.550189999999999901e-02
7.964160000000000943e-04,-1.801383999999999971e-02,-1.291824000000000097e-02
7.964800000000000178e-04,-1.286701999999999985e-02,-1.033459999999999934e-02
7.965440000000000497e-04,-7.720219999999999860e-03,-1.291824000000000097e-02
7.966080000000000817e-04,2.573399999999999993e-03,-1.550189999999999901e-02
7.966720000000000051e-04,7.720219999999999860e-03,-2.066919999999999868e-02
7.967360000000000371e-04,-2.573399999999999993e-03,-2.583639999999999895e-02
7.968000000000000690e-04,-5.146819999999999867e-03,-1.550189999999999901e-02
7.968640000000001009e-04,-7.720219999999999860e-03,-1.550189999999999901e-02
7.969280000000000244e-04,-1.544043999999999972e-02,-1.291824000000000097e-02
7.969920000000000563e-04,-1.286701999999999985e-02,-1.033459999999999934e-02
7.970560000000000882e-04,-1.029361999999999985e-02,-2.325279999999999708e-02
7.971200000000000117e-04,-1.029361999999999985e-02,-2.325279999999999708e-02
7.971840000000000436e-04,-1.029361999999999985e-02,-1.550189999999999901e-02
7.972480000000000755e-04,5.146819999999999867e-03,-1.808554000000000064e-02
7.973119999999999990e-04,0.000000000000000000e+00,-2.066919999999999868e-02
7.973760000000000309e-04,-2.573399999999999993e-03,-1.550189999999999901e-02
7.974400000000000628e-04,-2.573399999999999993e-03,-2.066919999999999868e-02
7.975040000000000948e-04,-2.058719999999999994e-02,-1.033459999999999934e-02
7.975680000000000183e-04,-1.544043999999999972e-02,-1.550189999999999901e-02
7.976320000000000502e-04,-1.801383999999999971e-02,-1.291824000000000097e-02
7.976960000000000821e-04,-1.286701999999999985e-02,-1.291824000000000097e-02
7.977600000000000056e-04,-5.146819999999999867e-03,-1.033459999999999934e-02
7.978240000000000375e-04,-7.720219999999999860e-03,-2.583639999999999895e-02
7.978880000000000694e-04,-2.573399999999999993e-03,-2.066919999999999868e-02
7.979520000000001013e-04,5.146819999999999867e-03,-2.325279999999999708e-02
7.980160000000000248e-04,-1.029361999999999985e-02,-2.325279999999999708e-02
7.980800000000000567e-04,-1.286701999999999985e-02,-1.808554000000000064e-02
7.981440000000000886e-04,-2.058719999999999994e-02,-1.033459999999999934e-02
7.982080000000000121e-04,-1.544043999999999972e-02,-1.550189999999999901e-02
7.982720000000000440e-04,-1.029361999999999985e-02,-1.550189999999999901e-02
7.983360000000000760e-04,-5.146819999999999867e-03,-1.808554000000000064e-02
7.983999999999999994e-04,0.000000000000000000e+00,-1.808554000000000064e-02
7.984640000000000314e-04,-2.573399999999999993e-03,-1.291824000000000097e-02
7.985280000000000633e-04,2.573399999999999993e-03,-1.808554000000000064e-02
7.985920000000000952e-04,-5.146819999999999867e-03,-1.291824000000000097e-02
7.986560000000000187e-04,-1.029361999999999985e-02,-2.066919999999999868e-02
7.987200000000000506e-04,-7.720219999999999860e-03,-2.066919999999999868e-02
7.987840000000000825e-04,-1.286701999999999985e-02,-1.291824000000000097e-02
7.988480000000000060e-04,-7.720219999999999860e-03,-1.808554000000000064e-02
7.989120000000000379e-04,-7.720219999999999860e-03,-1.808554000000000064e-02
7.989760000000000698e-04,-2.573399999999999993e-03,-7.750940000000000434e-03
7.990400000000001017e-04,-7.720219999999999860e-03,-1.550189999999999901e-02
7.991040000000000252e-04,-1.544043999999999972e-02,-2.066919999999999868e-02
7.991680000000000571e-04,-1.544043999999999972e-02,-1.808554000000000064e-02
7.992320000000000891e-04,-2.573399999999999993e-03,-1.808554000000000064e-02
7.992960000000000126e-04,-5.146819999999999867e-03,-1.550189999999999901e-02
7.993600000000000445e-04,-1.544043999999999972e-02,-1.808554000000000064e-02
7.994240000000000764e-04,-1.286701999999999985e-02,-1.550189999999999901e-02
7.994879999999999999e-04,-7.720219999999999860e-03,-2.066919999999999868e-02
7.995520000000000318e-04,-5.146819999999999867e-03,-1.808554000000000064e-02
7.996160000000000637e-04,-2.573399999999999993e-03,-1.808554000000000064e-02
7.996800000000000956e-04,0.000000000000000000e+00,-2.066919999999999868e-02
7.997440000000000191e-04,0.000000000000000000e+00,-1.808554000000000064e-02
7.998080000000000510e-04,-5.146819999999999867e-03,-1.291824000000000097e-02
7.998720000000000829e-04,-2.573399999999999993e-03,-1.550189999999999901e-02
7.999360000000000064e-04,-7.720219999999999860e-03,-1.550189999999999901e-02
8.000000000000000383e-04,-5.146819999999999867e-03,-1.291824000000000097e-02
8.000640000000000703e-04,-7.720219999999999860e-03,-2.066919999999999868e-02
8.001280000000001022e-04,-7.720219999999999860e-03,-2.325279999999999708e-02
8.001920000000000257e-04,-5.146819999999999867e-03,-1.808554000000000064e-02
8.002560000000000576e-04,-5.146819999999999867e-03,-1.033459999999999934e-02
8.003200000000000895e-04,2.573399999999999993e-03,-1.808554000000000064e-02
8.003840000000000130e-04,-2.573399999999999993e-03,-2.325279999999999708e-02
8.004480000000000449e-04,-5.146819999999999867e-03,-1.808554000000000064e-02
8.005120000000000768e-04,-2.573399999999999993e-03,-1.550189999999999901e-02
8.005760000000000003e-04,-1.544043999999999972e-02,-2.325279999999999708e-02
8.006400000000000322e-04,-1.544043999999999972e-02,-1.808554000000000064e-02
8.007040000000000641e-04,-1.544043999999999972e-02,-1.808554000000000064e-02
8.007680000000000960e-04,-1.544043999999999972e-02,-2.066919999999999868e-02
8.008320000000000195e-04,-1.286701999999999985e-02,-1.550189999999999901e-02
8.008960000000000514e-04,-1.029361999999999985e-02,-1.033459999999999934e-02
8.009600000000000834e-04,-7.720219999999999860e-03,-2.066919999999999868e-02
8.010240000000000068e-04,-2.573399999999999993e-03,-1.550189999999999901e-02
8.010880000000000388e-04,0.000000000000000000e+00,-1.550189999999999901e-02
8.011520000000000707e-04,-7.720219999999999860e-03,-1.550189999999999901e-02
8.012160000000001026e-04,-1.286701999999999985e-02,-1.291824000000000097e-02
8.012800000000000261e-04,-1.544043999999999972e-02,-7.750940000000000434e-03
8.013440000000000580e-04,-1.801383999999999971e-02,-1.808554000000000064e-02
8.014080000000000899e-04,-7.720219999999999860e-03,-1.033459999999999934e-02
8.014720000000000134e-04,-2.573399999999999993e-03,-1.808554000000000064e-02
8.015360000000000453e-04,-2.573399999999999993e-03,-1.550189999999999901e-02
8.016000000000000772e-04,-7.720219999999999860e-03,-1.033459999999999934e-02
8.016640000000000007e-04,-7.720219999999999860e-03,-1.550189999999999901e-02
8.017280000000000326e-04,-7.720219999999999860e-03,-2.066919999999999868e-02
8.017920000000000645e-04,-7.720219999999999860e-03,-1.550189999999999901e-02
8.018560000000000965e-04,-1.286701999999999985e-02,-7.750940000000000434e-03
8.019200000000000200e-04,-1.029361999999999985e-02,-1.033459999999999934e-02
8.019840000000000519e-04,-5.146819999999999867e-03,-1.808554000000000064e-02
8.020480000000000838e-04,-1.286701999999999985e-02,-2.325279999999999708e-02
8.021120000000000073e-04,-5.146819999999999867e-03,-2.066919999999999868e-02
8.021760000000000392e-04,-1.029361999999999985e-02,-2.583639999999999895e-02
8.022400000000000711e-04,-1.801383999999999971e-02,-1.291824000000000097e-02
8.023040000000001030e-04,-5.146819999999999867e-03,-1.033459999999999934e-02
8.023680000000000265e-04,-1.029361999999999985e-02,-1.291824000000000097e-02
8.024320000000000584e-04,-1.029361999999999985e-02,-1.808554000000000064e-02
8.024960000000000903e-04,-1.544043999999999972e-02,-1.808554000000000064e-02
8.025600000000000138e-04,-1.029361999999999985e-02,-1.291824000000000097e-02
8.026240000000000457e-04,-1.029361999999999985e-02,-1.550189999999999901e-02
8.026880000000000777e-04,-1.286701999999999985e-02,-1.550189999999999901e-02
8.027520000000000011e-04,-1.286701999999999985e-02,-1.550189999999999901e-02
8.028160000000000331e-04,-7.720219999999999860e-03,0.000000000000000000e+00
8.028800000000000650e-04,-7.720219999999999860e-03,-7.750940000000000434e-03
8.029440000000000969e-04,-1.544043999999999972e-02,-1.033459999999999934e-02
8.030080000000000204e-04,-1.029361999999999985e-02,-1.033459999999999934e-02
8.030720000000000523e-04,-1.286701999999999985e-02,-2.066919999999999868e-02
8.031360000000000842e-04,-7.720219999999999860e-03,-5.167299999999999671e-03
8.032000000000000077e-04,-1.029361999999999985e-02,-1.550189999999999901e-02
8.032640000000000396e-04,-7.720219999999999860e-03,-1.550189999999999901e-02
8.033280000000000715e-04,-1.029361999999999985e-02,-7.750940000000000434e-03
8.033920000000001034e-04,-7.720219999999999860e-03,-7.750940000000000434e-03
8.034560000000000269e-04,-1.286701999999999985e-02,-2.066919999999999868e-02
8.035200000000000588e-04,-1.029361999999999985e-02,-1.550189999999999901e-02
8.035840000000000908e-04,-1.286701999999999985e-02,-1.550189999999999901e-02
8.036480000000000143e-04,-1.029361999999999985e-02,-1.291824000000000097e-02
8.037120000000000462e-04,-7.720219999999999860e-03,-1.808554000000000064e-02
8.037760000000000781e-04,-2.058719999999999994e-02,-1.291824000000000097e-02
8.038400000000000016e-04,-1.801383999999999971e-02,-1.033459999999999934e-02
8.039040000000000335e-04,-1.544043999999999972e-02,-1.291824000000000097e-02
8.039680000000000654e-04,-1.544043999999999972e-02,-1.550189999999999901e-02
8.040320000000000973e-04,-2.573399999999999993e-03,-1.550189999999999901e-02
8.040960000000000208e-04,-2.573399999999999993e-03,-1.033459999999999934e-02
8.041600000000000527e-04,-1.029361999999999985e-02,-1.291824000000000097e-02
8.042240000000000846e-04,-1.286701999999999985e-02,-1.033459999999999934e-02
8.042880000000000081e-04,-5.146819999999999867e-03,-1.550189999999999901e-02
8.043520000000000400e-04,-1.544043999999999972e-02,-1.550189999999999901e-02
8.044160000000000720e-04,-1.544043999999999972e-02,-7.750940000000000434e-03
8.044800000000001039e-04,-1.286701999999999985e-02,-5.167299999999999671e-03
8.045440000000000274e-04,-7.720219999999999860e-03,-1.550189999999999901e-02
8.046080000000000593e-04,-1.029361999999999985e-02,-1.291824000000000097e-02
8.046720000000000912e-04,-1.029361999999999985e-02,-1.291824000000000097e-02
8.047360000000000147e-04,-5.146819999999999867e-03,-1.808554000000000064e-02
8.048000000000000466e-04,-1.029361999999999985e-02,-2.583640000000000329e-03
8.048640000000000785e-04,-1.286701999999999985e-02,-7.750940000000000434e-03
8.049280000000000020e-04,-1.544043999999999972e-02,-2.066919999999999868e-02
8.049920000000000339e-04,-2.058719999999999994e-02,-1.033459999999999934e-02
8.050560000000000658e-04,-1.544043999999999972e-02,-1.033459999999999934e-02
8.051200000000000977e-04,-1.801383999999999971e-02,-1.033459999999999934e-02
8.051840000000000212e-04,-1.544043999999999972e-02,-1.033459999999999934e-02
8.052480000000000531e-04,-1.286701999999999985e-02,-2.066919999999999868e-02
8.053120000000000851e-04,-1.286701999999999985e-02,-1.033459999999999934e-02
8.053760000000000085e-04,-2.316059999999999994e-02,-1.033459999999999934e-02
8.054400000000000405e-04,-1.029361999999999985e-02,-1.033459999999999934e-02
8.055040000000000724e-04,-1.029361999999999985e-02,-2.066919999999999868e-02
8.055680000000001043e-04,-1.544043999999999972e-02,-7.750940000000000434e-03
8.056320000000000278e-04,-1.801383999999999971e-02,-1.033459999999999934e-02
8.056960000000000597e-04,-1.286701999999999985e-02,-2.583640000000000329e-03
8.057600000000000916e-04,-1.544043999999999972e-02,-1.550189999999999901e-02
8.058240000000000151e-04,-1.286701999999999985e-02,-1.033459999999999934e-02
8.058880000000000470e-04,-5.146819999999999867e-03,-2.066919999999999868e-02
8.059520000000000789e-04,-1.286701999999999985e-02,-1.033459999999999934e-02
8.060160000000000024e-04,-1.286701999999999985e-02,-7.750940000000000434e-03
8.060800000000000343e-04,-1.286701999999999985e-02,-1.033459999999999934e-02
8.061440000000000662e-04,-1.801383999999999971e-02,-2.066919999999999868e-02
8.062080000000000982e-04,-2.058719999999999994e-02,-1.550189999999999901e-02
8.062720000000000217e-04,-2.058719999999999994e-02,-1.550189999999999901e-02
8.063360000000000536e-04,-2.058719999999999994e-02,-7.750940000000000434e-03
8.064000000000000855e-04,-1.544043999999999972e-02,-1.550189999999999901e-02
8.064640000000000090e-04,-1.544043999999999972e-02,-1.550189999999999901e-02
8.065280000000000409e-04,-1.286701999999999985e-02,-1.291824000000000097e-02
8.065920000000000728e-04,-1.801383999999999971e-02,-1.291824000000000097e-02
8.066559999999999963e-04,-1.544043999999999972e-02,-1.808554000000000064e-02
8.067200000000000282e-04,-1.286701999999999985e-02,-1.033459999999999934e-02
8.067840000000000601e-04,-1.801383999999999971e-02,-7.750940000000000434e-03
8.068480000000000920e-04,-1.286701999999999985e-02,-1.291824000000000097e-02
8.069120000000000155e-04,-2.573399999999999993e-02,-1.291824000000000097e-02
8.069760000000000474e-04,-1.286701999999999985e-02,-1.291824000000000097e-02
8.070400000000000794e-04,-2.058719999999999994e-02,-1.291824000000000097e-02
8.071040000000000028e-04,-1.801383999999999971e-02,-5.167299999999999671e-03
8.071680000000000348e-04,-1.544043999999999972e-02,-1.550189999999999901e-02
8.072320000000000667e-04,-1.029361999999999985e-02,-7.750940000000000434e-03
8.072960000000000986e-04,-1.286701999999999985e-02,-1.033459999999999934e-02
8.073600000000000221e-04,-1.801383999999999971e-02,-1.291824000000000097e-02
8.074240000000000540e-04,-2.058719999999999994e-02,-5.167299999999999671e-03
8.074880000000000859e-04,-1.801383999999999971e-02,-1.033459999999999934e-02
8.075520000000000094e-04,-1.544043999999999972e-02,-1.808554000000000064e-02
8.076160000000000413e-04,-1.029361999999999985e-02,-1.550189999999999901e-02
8.076800000000000732e-04,-7.720219999999999860e-03,-1.033459999999999934e-02
8.077439999999999967e-04,-1.029361999999999985e-02,-1.550189999999999901e-02
8.078080000000000286e-04,-1.029361999999999985e-02,-1.033459999999999934e-02
8.078720000000000605e-04,-1.544043999999999972e-02,-1.291824000000000097e-02
8.079360000000000925e-04,-1.801383999999999971e-02,-1.291824000000000097e-02
8.080000000000000160e-04,-1.286701999999999985e-02,-7.750940000000000434e-03
8.080640000000000479e-04,-2.058719999999999994e-02,-7.750940000000000434e-03
8.081280000000000798e-04,-1.544043999999999972e-02,-1.550189999999999901e-02
8.081920000000000033e-04,-1.801383999999999971e-02,-1.550189999999999901e-02
8.082560000000000352e-04,-2.058719999999999994e-02,-7.750940000000000434e-03
8.083200000000000671e-04,-1.029361999999999985e-02,-1.291824000000000097e-02
8.083840000000000990e-04,-1.286701999999999985e-02,-1.291824000000000097e-02
8.084480000000000225e-04,-1.029361999999999985e-02,-2.583640000000000329e-03
8.085120000000000544e-04,-1.544043999999999972e-02,-1.291824000000000097e-02
8.085760000000000863e-04,-1.801383999999999971e-02,-5.167299999999999671e-03
8.086400000000000098e-04,-1.286701999999999985e-02,-1.033459999999999934e-02
8.087040000000000417e-04,-7.720219999999999860e-03,-1.291824000000000097e-02
8.087680000000000737e-04,-1.029361999999999985e-02,-5.167299999999999671e-03
8.088319999999999971e-04,-1.286701999999999985e-02,-5.167299999999999671e-03
8.088960000000000291e-04,-1.029361999999999985e-02,-1.550189999999999901e-02
8.089600000000000610e-04,-5.146819999999999867e-03,-1.033459999999999934e-02
8.090240000000000929e-04,-1.286701999999999985e-02,-1.291824000000000097e-02
8.090880000000000164e-04,-1.286701999999999985e-02,-7.750940000000000434e-03
8.091520000000000483e-04,-2.058719999999999994e-02,-5.167299999999999671e-03
8.092160000000000802e-04,-1.286701999999999985e-02,-1.291824000000000097e-02
8.092800000000000037e-04,-2.058719999999999994e-02,-1.033459999999999934e-02
8.093440000000000356e-04,-1.801383999999999971e-02,-1.291824000000000097e-02
8.094080000000000675e-04,-1.801383999999999971e-02,-5.167299999999999671e-03
8.094720000000000994e-04,-2.316059999999999994e-02,-1.033459999999999934e-02
8.095360000000000229e-04,-1.286701999999999985e-02,-1.550189999999999901e-02
8.096000000000000548e-04,-2.058719999999999994e-02,-1.033459999999999934e-02
8.096640000000000868e-04,-1.544043999999999972e-02,-1.550189999999999901e-02
8.097280000000000103e-04,-2.058719999999999994e-02,-1.291824000000000097e-02
8.097920000000000422e-04,-1.286701999999999985e-02,-1.291824000000000097e-02
8.098560000000000741e-04,-2.058719999999999994e-02,-1.033459999999999934e-02
8.099199999999999976e-04,-1.544043999999999972e-02,-1.291824000000000097e-02
8.099840000000000295e-04,-1.801383999999999971e-02,-1.291824000000000097e-02
8.100480000000000614e-04,-1.801383999999999971e-02,-1.033459999999999934e-02
8.101120000000000933e-04,-1.801383999999999971e-02,-7.750940000000000434e-03
8.101760000000000168e-04,-2.058719999999999994e-02,-1.033459999999999934e-02
8.102400000000000487e-04,-1.286701999999999985e-02,-1.550189999999999901e-02
8.103040000000000806e-04,-1.544043999999999972e-02,-1.033459999999999934e-02
8.103680000000000041e-04,-1.544043999999999972e-02,-7.750940000000000434e-03
8.104320000000000360e-04,-2.316059999999999994e-02,0.000000000000000000e+00
8.104960000000000679e-04,-2.316059999999999994e-02,-7.750940000000000434e-03
8.105600000000000999e-04,-1.544043999999999972e-02,-2.583639999999999895e-02
8.106240000000000234e-04,-2.316059999999999994e-02,-1.808554000000000064e-02
8.106880000000000553e-04,-2.058719999999999994e-02,-1.033459999999999934e-02
8.107520000000000872e-04,-1.286701999999999985e-02,-1.033459999999999934e-02
8.108160000000000107e-04,-2.058719999999999994e-02,-1.808554000000000064e-02
8.108800000000000426e-04,-1.801383999999999971e-02,-7.750940000000000434e-03
8.109440000000000745e-04,-7.720219999999999860e-03,0.000000000000000000e+00
8.110079999999999980e-04,-2.058719999999999994e-02,-1.291824000000000097e-02
8.110720000000000299e-04,-1.544043999999999972e-02,-1.291824000000000097e-02
8.111360000000000618e-04,-1.544043999999999972e-02,-1.033459999999999934e-02
8.112000000000000937e-04,-2.573399999999999993e-02,0.000000000000000000e+00
8.112640000000000172e-04,-1.801383999999999971e-02,-7.750940000000000434e-03
8.113280000000000491e-04,-2.058719999999999994e-02,-1.033459999999999934e-02
8.113920000000000811e-04,-2.573399999999999993e-02,-5.167299999999999671e-03
8.114560000000000045e-04,-1.286701999999999985e-02,-1.550189999999999901e-02
8.115200000000000365e-04,-1.801383999999999971e-02,-1.033459999999999934e-02
8.115840000000000684e-04,-1.801383999999999971e-02,-1.033459999999999934e-02
8.116480000000001003e-04,-1.029361999999999985e-02,-1.550189999999999901e-02
8.117120000000000238e-04,-2.573399999999999993e-02,-1.808554000000000064e-02
8.117760000000000557e-04,-1.544043999999999972e-02,-1.033459999999999934e-02
8.118400000000000876e-04,-2.316059999999999994e-02,-1.291824000000000097e-02
8.119040000000000111e-04,-1.286701999999999985e-02,-7.750940000000000434e-03
8.119680000000000430e-04,-1.544043999999999972e-02,-1.291824000000000097e-02
8.120320000000000749e-04,-1.801383999999999971e-02,-1.291824000000000097e-02
8.120959999999999984e-04,-1.544043999999999972e-02,-1.033459999999999934e-02
8.121600000000000303e-04,-2.058719999999999994e-02,-1.291824000000000097e-02
8.122240000000000622e-04,-1.286701999999999985e-02,-1.291824000000000097e-02
8.122880000000000942e-04,-1.029361999999999985e-02,-1.291824000000000097e-02
8.123520000000000177e-04,-1.286701999999999985e-02,-1.033459999999999934e-02
8.124160000000000496e-04,-1.029361999999999985e-02,-1.550189999999999901e-02
8.124800000000000815e-04,-1.029361999999999985e-02,-1.033459999999999934e-02
8.125440000000000050e-04,-1.544043999999999972e-02,-1.033459999999999934e-02
8.126080000000000369e-04,-1.029361999999999985e-02,-1.550189999999999901e-02
8.126720000000000688e-04,-1.544043999999999972e-02,-1.033459999999999934e-02
8.127360000000001007e-04,-1.029361999999999985e-02,-1.291824000000000097e-02
8.128000000000000242e-04,-2.058719999999999994e-02,-2.066919999999999868e-02
8.128640000000000561e-04,-1.286701999999999985e-02,-1.291824000000000097e-02
8.129280000000000880e-04,-7.720219999999999860e-03,-1.808554000000000064e-02
8.129920000000000115e-04,-1.029361999999999985e-02,-1.291824000000000097e-02
8.130560000000000434e-04,-7.720219999999999860e-03,-1.550189999999999901e-02
8.131200000000000754e-04,-1.029361999999999985e-02,-2.066919999999999868e-02
8.131839999999999988e-04,-1.544043999999999972e-02,-1.291824000000000097e-02
8.132480000000000308e-04,-1.544043999999999972e-02,-1.550189999999999901e-02
8.133120000000000627e-04,-1.544043999999999972e-02,-1.033459999999999934e-02
8.133760000000000946e-04,-1.029361999999999985e-02,-1.550189999999999901e-02
8.134400000000000181e-04,-1.801383999999999971e-02,-1.033459999999999934e-02
8.135040000000000500e-04,-1.029361999999999985e-02,-1.033459999999999934e-02
8.135680000000000819e-04,-1.029361999999999985e-02,-1.291824000000000097e-02
8.136320000000000054e-04,-1.286701999999999985e-02,-1.550189999999999901e-02
8.136960000000000373e-04,-2.058719999999999994e-02,-1.033459999999999934e-02
8.137600000000000692e-04,-1.544043999999999972e-02,-1.291824000000000097e-02
8.138240000000001011e-04,-1.286701999999999985e-02,-1.291824000000000097e-02
8.138880000000000246e-04,-1.029361999999999985e-02,-1.291824000000000097e-02
8.139520000000000565e-04,-1.029361999999999985e-02,-1.550189999999999901e-02
8.140160000000000885e-04,-1.286701999999999985e-02,-1.808554000000000064e-02
8.140800000000000120e-04,-1.544043999999999972e-02,-1.808554000000000064e-02
8.141440000000000439e-04,-1.286701999999999985e-02,-2.066919999999999868e-02
8.142080000000000758e-04,-1.029361999999999985e-02,-1.550189999999999901e-02
8.142719999999999993e-04,-1.801383999999999971e-02,-1.033459999999999934e-02
8.143360000000000312e-04,-1.544043999999999972e-02,-1.291824000000000097e-02
8.144000000000000631e-04,-1.544043999999999972e-02,-1.808554000000000064e-02
8.144640000000000950e-04,-1.544043999999999972e-02,-1.808554000000000064e-02
8.145280000000000185e-04,-5.146819999999999867e-03,-2.066919999999999868e-02
8.145920000000000504e-04,-1.544043999999999972e-02,-1.033459999999999934e-02
8.146560000000000823e-04,-1.286701999999999985e-02,-1.291824000000000097e-02
8.147200000000000058e-04,-2.058719999999999994e-02,-1.291824000000000097e-02
8.147840000000000377e-04,-1.286701999999999985e-02,-1.550189999999999901e-02
8.148480000000000696e-04,-1.029361999999999985e-02,-1.550189999999999901e-02
8.149120000000001016e-04,-2.573399999999999993e-02,-1.808554000000000064e-02
8.149760000000000251e-04,-1.029361999999999985e-02,-1.291824000000000097e-02
8.150400000000000570e-04,-2.573399999999999993e-03,-1.808554000000000064e-02
8.151040000000000889e-04,-1.029361999999999985e-02,-1.033459999999999934e-02
8.151680000000000124e-04,-7.720219999999999860e-03,-1.550189999999999901e-02
8.152320000000000443e-04,-7.720219999999999860e-03,-1.291824000000000097e-02
8.152960000000000762e-04,-1.029361999999999985e-02,-2.066919999999999868e-02
8.153599999999999997e-04,-1.286701999999999985e-02,-1.291824000000000097e-02
8.154240000000000316e-04,-1.801383999999999971e-02,-1.033459999999999934e-02
8.154880000000000635e-04,-7.720219999999999860e-03,-1.033459999999999934e-02
8.155520000000000954e-04,-1.544043999999999972e-02,-1.550189999999999901e-02
8.156160000000000189e-04,-1.029361999999999985e-02,-1.033459999999999934e-02
8.156800000000000508e-04,-1.544043999999999972e-02,-1.550189999999999901e-02
8.157440000000000828e-04,-1.286701999999999985e-02,-1.808554000000000064e-02
8.158080000000000062e-04,-7.720219999999999860e-03,-1.291824000000000097e-02
8.158720000000000382e-04,-1.286701999999999985e-02,-2.066919999999999868e-02
8.159360000000000701e-04,-1.029361999999999985e-02,-2.583639999999999895e-02
8.160000000000001020e-04,-1.544043999999999972e-02,-1.291824000000000097e-02
8.160640000000000255e-04,-5.146819999999999867e-03,-1.033459999999999934e-02
8.161280000000000574e-04,-1.286701999999999985e-02,-1.808554000000000064e-02
8.161920000000000893e-04,-1.544043999999999972e-02,-2.066919999999999868e-02
8.162560000000000128e-04,-2.058719999999999994e-02,-1.808554000000000064e-02
8.163200000000000447e-04,-1.029361999999999985e-02,-2.583639999999999895e-02
8.163840000000000766e-04,-7.720219999999999860e-03,-1.291824000000000097e-02
8.164480000000000001e-04,-1.029361999999999985e-02,-1.291824000000000097e-02
8.165120000000000320e-04,-1.029361999999999985e-02,-1.291824000000000097e-02
8.165760000000000639e-04,-1.801383999999999971e-02,-1.550189999999999901e-02
8.166400000000000959e-04,0.000000000000000000e+00,-1.550189999999999901e-02
8.167040000000000194e-04,-1.029361999999999985e-02,-2.066919999999999868e-02
8.167680000000000513e-04,-7.720219999999999860e-03,-1.550189999999999901e-02
8.168320000000000832e-04,-1.544043999999999972e-02,-1.550189999999999901e-02
8.168960000000000067e-04,-1.544043999999999972e-02,-1.550189999999999901e-02
8.169600000000000386e-04,-7.720219999999999860e-03,-1.033459999999999934e-02
8.170240000000000705e-04,-2.573399999999999993e-03,-1.550189999999999901e-02
8.170880000000001024e-04,-5.146819999999999867e-03,-1.033459999999999934e-02
8.171520000000000259e-04,-5.146819999999999867e-03,-1.550189999999999901e-02
8.172160000000000578e-04,-1.286701999999999985e-02,-1.808554000000000064e-02
8.172800000000000897e-04,-1.029361999999999985e-02,-2.066919999999999868e-02
8.173440000000000132e-04,-5.146819999999999867e-03,-5.167299999999999671e-03
8.174080000000000451e-04,-1.544043999999999972e-02,-1.550189999999999901e-02
8.174720000000000771e-04,-2.573399999999999993e-03,-1.808554000000000064e-02
8.175360000000000005e-04,-7.720219999999999860e-03,-2.066919999999999868e-02
8.176000000000000325e-04,-7.720219999999999860e-03,-1.033459999999999934e-02
8.176640000000000644e-04,-5.146819999999999867e-03,-1.550189999999999901e-02
8.177280000000000963e-04,-5.146819999999999867e-03,-1.808554000000000064e-02
8.177920000000000198e-04,-5.146819999999999867e-03,-2.325279999999999708e-02
8.178560000000000517e-04,-7.720219999999999860e-03,-1.808554000000000064e-02
8.179200000000000836e-04,-5.146819999999999867e-03,-1.550189999999999901e-02
8.179840000000000071e-04,-1.029361999999999985e-02,-1.808554000000000064e-02
8.180480000000000390e-04,-5.146819999999999867e-03,-2.066919999999999868e-02
8.181120000000000709e-04,-7.720219999999999860e-03,-1.550189999999999901e-02
8.181760000000001028e-04,-1.544043999999999972e-02,-2.066919999999999868e-02
8.182400000000000263e-04,-1.029361999999999985e-02,-1.291824000000000097e-02
8.183040000000000582e-04,-1.029361999999999985e-02,-1.808554000000000064e-02
8.183680000000000902e-04,-2.573399999999999993e-03,-7.750940000000000434e-03
8.184320000000000137e-04,-1.029361999999999985e-02,-1.550189999999999901e-02
8.184960000000000456e-04,-5.146819999999999867e-03,-1.291824000000000097e-02
8.185600000000000775e-04,-1.029361999999999985e-02,-1.291824000000000097e-02
8.186240000000000010e-04,-5.146819999999999867e-03,-1.033459999999999934e-02
8.186880000000000329e-04,-1.286701999999999985e-02,-1.291824000000000097e-02
8.187520000000000648e-04,-1.544043999999999972e-02,-1.550189999999999901e-02
8.188160000000000967e-04,2.573399999999999993e-03,-1.291824000000000097e-02
8.188800000000000202e-04,-1.029361999999999985e-02,-1.291824000000000097e-02
8.189440000000000521e-04,-1.029361999999999985e-02,-1.550189999999999901e-02
8.190080000000000840e-04,-7.720219999999999860e-03,-1.291824000000000097e-02
8.190720000000000075e-04,-5.146819999999999867e-03,-1.291824000000000097e-02
8.191360000000000394e-04,-2.058719999999999994e-02,-1.808554000000000064e-02
8.192000000000000713e-04,-1.286701999999999985e-02,-2.066919999999999868e-02
8.192640000000001033e-04,-5.146819999999999867e-03,-1.808554000000000064e-02
8.193280000000000268e-04,-2.573399999999999993e-03,-1.808554000000000064e-02
8.193920000000000587e-04,-1.029361999999999985e-02,-2.066919999999999868e-02
8.194560000000000906e-04,0.000000000000000000e+00,-5.167299999999999671e-03
8.195200000000000141e-04,-2.573399999999999993e-03,-1.291824000000000097e-02
8.195840000000000460e-04,-1.286701999999999985e-02,-1.550189999999999901e-02
8.196480000000000779e-04,-1.544043999999999972e-02,-1.808554000000000064e-02
8.197120000000000014e-04,-2.573399999999999993e-03,-1.808554000000000064e-02
8.197760000000000333e-04,-7.720219999999999860e-03,-2.066919999999999868e-02
8.198400000000000652e-04,-1.029361999999999985e-02,-1.291824000000000097e-02
8.199040000000000971e-04,-7.720219999999999860e-03,-2.066919999999999868e-02
8.199680000000000206e-04,-1.286701999999999985e-02,-1.808554000000000064e-02
8.200320000000000525e-04,-2.573399999999999993e-03,-2.066919999999999868e-02
8.200960000000000845e-04,-7.720219999999999860e-03,-1.550189999999999901e-02
8.201600000000000079e-04,-7.720219999999999860e-03,-1.808554000000000064e-02
8.202240000000000399e-04,-7.720219999999999860e-03,-1.550189999999999901e-02
8.202880000000000718e-04,5.146819999999999867e-03,-1.550189999999999901e-02
8.203520000000001037e-04,-2.573399999999999993e-03,-1.550189999999999901e-02
8.204160000000000272e-04,2.573399999999999993e-03,-1.291824000000000097e-02
8.204800000000000591e-04,-1.029361999999999985e-02,-1.291824000000000097e-02
8.205440000000000910e-04,-1.029361999999999985e-02,-1.808554000000000064e-02
8.206080000000000145e-04,-5.146819999999999867e-03,-1.808554000000000064e-02
8.206720000000000464e-04,-5.146819999999999867e-03,-2.066919999999999868e-02
8.207360000000000783e-04,-5.146819999999999867e-03,-2.583639999999999895e-02
8.208000000000000018e-04,-1.029361999999999985e-02,-2.066919999999999868e-02
8.208640000000000337e-04,-1.029361999999999985e-02,-1.808554000000000064e-02
8.209280000000000656e-04,-2.573399999999999993e-03,-1.808554000000000064e-02
8.209920000000000976e-04,-7.720219999999999860e-03,-1.808554000000000064e-02
8.210560000000000211e-04,-5.146819999999999867e-03,-2.325279999999999708e-02
8.211200000000000530e-04,-1.029361999999999985e-02,-1.550189999999999901e-02
8.211840000000000849e-04,-5.146819999999999867e-03,-1.808554000000000064e-02
8.212480000000000084e-04,-5.146819999999999867e-03,-1.291824000000000097e-02
8.213120000000000403e-04,-5.146819999999999867e-03,-2.325279999999999708e-02
8.213760000000000722e-04,-1.029361999999999985e-02,-1.550189999999999901e-02
8.214400000000001041e-04,-1.286701999999999985e-02,-2.066919999999999868e-02
8.215040000000000276e-04,-1.029361999999999985e-02,-2.066919999999999868e-02
8.215680000000000595e-04,-5.146819999999999867e-03,-1.291824000000000097e-02
8.216320000000000914e-04,-1.801383999999999971e-02,-1.550189999999999901e-02
8.216960000000000149e-04,-7.720219999999999860e-03,-1.291824000000000097e-02
8.217600000000000468e-04,-1.544043999999999972e-02,-1.808554000000000064e-02
8.218240000000000788e-04,-1.029361999999999985e-02,-1.550189999999999901e-02
8.218880000000000022e-04,-1.286701999999999985e-02,-2.066919999999999868e-02
8.219520000000000342e-04,-1.286701999999999985e-02,-1.808554000000000064e-02
8.220160000000000661e-04,-1.286701999999999985e-02,-1.808554000000000064e-02
8.220800000000000980e-04,-1.286701999999999985e-02,-1.808554000000000064e-02
8.221440000000000215e-04,-1.029361999999999985e-02,-2.066919999999999868e-02
8.222080000000000534e-04,-5.146819999999999867e-03,-1.550189999999999901e-02
8.222720000000000853e-04,-7.720219999999999860e-03,-1.291824000000000097e-02
8.223360000000000088e-04,-5.146819999999999867e-03,-1.808554000000000064e-02
8.224000000000000407e-04,-5.146819999999999867e-03,-2.325279999999999708e-02
8.224640000000000726e-04,-7.720219999999999860e-03,-1.550189999999999901e-02
8.225280000000001045e-04,-7.720219999999999860e-03,-1.550189999999999901e-02
8.225920000000000280e-04,-2.573399999999999993e-03,-1.808554000000000064e-02
8.226560000000000599e-04,-1.029361999999999985e-02,-2.066919999999999868e-02
8.227200000000000919e-04,-1.544043999999999972e-02,-1.550189999999999901e-02
8.227840000000000154e-04,-1.029361999999999985e-02,-2.325279999999999708e-02
8.228480000000000473e-04,-1.286701999999999985e-02,-1.550189999999999901e-02
8.229120000000000792e-04,-1.029361999999999985e-02,-1.550189999999999901e-02
8.229760000000000027e-04,-1.286701999999999985e-02,-2.066919999999999868e-02
8.230400000000000346e-04,-1.544043999999999972e-02,-1.291824000000000097e-02
8.231040000000000665e-04,-7.720219999999999860e-03,-1.550189999999999901e-02
8.231680000000000984e-04,-1.801383999999999971e-02,-1.808554000000000064e-02
8.232320000000000219e-04,-1.286701999999999985e-02,-1.291824000000000097e-02
8.232960000000000538e-04,-1.544043999999999972e-02,-1.550189999999999901e-02
8.233600000000000857e-04,-1.029361999999999985e-02,-1.808554000000000064e-02
8.234240000000000092e-04,-1.029361999999999985e-02,-1.033459999999999934e-02
8.234880000000000411e-04,-5.146819999999999867e-03,-1.033459999999999934e-02
8.235520000000000731e-04,-1.286701999999999985e-02,-1.808554000000000064e-02
8.236160000000001050e-04,-5.146819999999999867e-03,-1.291824000000000097e-02
8.236800000000000285e-04,-5.146819999999999867e-03,-1.550189999999999901e-02
8.237440000000000604e-04,-1.286701999999999985e-02,-1.291824000000000097e-02
8.238080000000000923e-04,-1.286701999999999985e-02,-1.808554000000000064e-02
8.238720000000000158e-04,-1.029361999999999985e-02,-1.550189999999999901e-02
8.239360000000000477e-04,-5.146819999999999867e-03,-1.291824000000000097e-02
8.240000000000000796e-04,-1.029361999999999985e-02,-1.291824000000000097e-02
8.240640000000000031e-04,-7.720219999999999860e-03,-2.066919999999999868e-02
8.241280000000000350e-04,-5.146819999999999867e-03,-1.808554000000000064e-02
8.241920000000000669e-04,-1.029361999999999985e-02,-1.808554000000000064e-02
8.242560000000000988e-04,-1.286701999999999985e-02,-1.033459999999999934e-02
8.243200000000000223e-04,-1.286701999999999985e-02,-2.066919999999999868e-02
8.243840000000000542e-04,-7.720219999999999860e-03,-1.291824000000000097e-02
8.244480000000000862e-04,-2.573399999999999993e-03,-1.550189999999999901e-02
8.245120000000000096e-04,-1.544043999999999972e-02,-2.066919999999999868e-02
8.245760000000000416e-04,-5.146819999999999867e-03,-1.291824000000000097e-02
8.246400000000000735e-04,-7.720219999999999860e-03,-1.808554000000000064e-02
8.247040000000001054e-04,-5.146819999999999867e-03,-1.550189999999999901e-02
8.247680000000000289e-04,-7.720219999999999860e-03,-1.033459999999999934e-02
8.248320000000000608e-04,-1.286701999999999985e-02,-1.808554000000000064e-02
8.248960000000000927e-04,-1.286701999999999985e-02,-1.808554000000000064e-02
8.249600000000000162e-04,-1.286701999999999985e-02,-1.550189999999999901e-02
8.250240000000000481e-04,-1.029361999999999985e-02,-1.550189999999999901e-02
8.250880000000000800e-04,-1.286701999999999985e-02,-2.066919999999999868e-02
8.251520000000000035e-04,-7.720219999999999860e-03,-1.033459999999999934e-02
8.252160000000000354e-04,-1.029361999999999985e-02,-1.033459999999999934e-02
8.252800000000000673e-04,-1.544043999999999972e-02,-1.550189999999999901e-02
8.253440000000000993e-04,-1.544043999999999972e-02,-1.808554000000000064e-02
8.254080000000000228e-04,-1.029361999999999985e-02,-1.808554000000000064e-02
8.254720000000000547e-04,-7.720219999999999860e-03,-1.291824000000000097e-02
8.255360000000000866e-04,-1.029361999999999985e-02,-2.066919999999999868e-02
8.256000000000000101e-04,-1.029361999999999985e-02,-1.033459999999999934e-02
8.256640000000000420e-04,-1.029361999999999985e-02,-1.291824000000000097e-02
8.257280000000000739e-04,-2.573399999999999993e-03,-1.033459999999999934e-02
8.257919999999999974e-04,-1.544043999999999972e-02,-1.550189999999999901e-02
8.258560000000000293e-04,-7.720219999999999860e-03,-1.291824000000000097e-02
8.259200000000000612e-04,-1.286701999999999985e-02,-1.550189999999999901e-02
8.259840000000000931e-04,-2.573399999999999993e-03,-2.583640000000000329e-03
8.260480000000000166e-04,-1.286701999999999985e-02,-7.750940000000000434e-03
8.261120000000000485e-04,-1.801383999999999971e-02,-1.033459999999999934e-02
8.261760000000000805e-04,-1.029361999999999985e-02,-1.808554000000000064e-02
8.262400000000000039e-04,-1.029361999999999985e-02,-1.550189999999999901e-02
8.263040000000000359e-04,-1.544043999999999972e-02,-1.033459999999999934e-02
8.263680000000000678e-04,-1.801383999999999971e-02,-1.550189999999999901e-02
8.264320000000000997e-04,-1.544043999999999972e-02,-1.291824000000000097e-02
8.264960000000000232e-04,-1.544043999999999972e-02,-1.291824000000000097e-02
8.265600000000000551e-04,-1.029361999999999985e-02,-7.750940000000000434e-03
8.266240000000000870e-04,-1.544043999999999972e-02,-1.550189999999999901e-02
8.266880000000000105e-04,-5.146819999999999867e-03,-5.167299999999999671e-03
8.267520000000000424e-04,-2.058719999999999994e-02,-1.291824000000000097e-02
8.268160000000000743e-04,-1.286701999999999985e-02,-1.550189999999999901e-02
8.268799999999999978e-04,-2.058719999999999994e-02,-1.033459999999999934e-02
8.269440000000000297e-04,-2.058719999999999994e-02,-1.291824000000000097e-02
8.270080000000000616e-04,-1.286701999999999985e-02,-1.291824000000000097e-02
8.270720000000000936e-04,-1.544043999999999972e-02,-5.167299999999999671e-03
8.271360000000000171e-04,-1.544043999999999972e-02,-2.066919999999999868e-02
8.272000000000000490e-04,-1.029361999999999985e-02,-2.583640000000000329e-03
8.272640000000000809e-04,-1.801383999999999971e-02,-1.033459999999999934e-02
8.273280000000000044e-04,-2.058719999999999994e-02,-1.291824000000000097e-02
8.273920000000000363e-04,-1.029361999999999985e-02,-1.808554000000000064e-02
8.274560000000000682e-04,-1.029361999999999985e-02,-1.808554000000000064e-02
8.275200000000001001e-04,-1.801383999999999971e-02,-1.808554000000000064e-02
8.275840000000000236e-04,-1.801383999999999971e-02,-1.291824000000000097e-02
8.276480000000000555e-04,-1.029361999999999985e-02,-1.550189999999999901e-02
8.277120000000000874e-04,-1.029361999999999985e-02,-7.750940000000000434e-03
8.277760000000000109e-04,-1.286701999999999985e-02,-1.033459999999999934e-02
8.278400000000000428e-04,-1.029361999999999985e-02,-1.550189999999999901e-02
8.279040000000000748e-04,-1.029361999999999985e-02,-5.167299999999999671e-03
8.279679999999999982e-04,-1.544043999999999972e-02,-1.291824000000000097e-02
8.280320000000000302e-04,-1.029361999999999985e-02,-1.033459999999999934e-02
8.280960000000000621e-04,-1.286701999999999985e-02,-1.291824000000000097e-02
8.281600000000000940e-04,-1.286701999999999985e-02,-1.033459999999999934e-02
8.282240000000000175e-04,-1.544043999999999972e-02,-1.550189999999999901e-02
8.282880000000000494e-04,-1.029361999999999985e-02,-1.033459999999999934e-02
8.283520000000000813e-04,-1.801383999999999971e-02,-1.291824000000000097e-02
8.284160000000000048e-04,-7.720219999999999860e-03,-7.750940000000000434e-03
8.284800000000000367e-04,-1.544043999999999972e-02,-5.167299999999999671e-03
8.285440000000000686e-04,-1.286701999999999985e-02,-1.291824000000000097e-02
8.286080000000001005e-04,-1.544043999999999972e-02,-1.550189999999999901e-02
8.286720000000000240e-04,-1.544043999999999972e-02,-1.550189999999999901e-02
8.287360000000000559e-04,-1.544043999999999972e-02,-7.750940000000000434e-03
8.288000000000000879e-04,-1.286701999999999985e-02,-1.550189999999999901e-02
8.288640000000000113e-04,-1.029361999999999985e-02,-1.550189999999999901e-02
8.289280000000000433e-04,-1.286701999999999985e-02,-7.750940000000000434e-03
8.289920000000000752e-04,-1.286701999999999985e-02,-1.033459999999999934e-02
8.290559999999999987e-04,-1.801383999999999971e-02,-1.550189999999999901e-02
8.291200000000000306e-04,-1.029361999999999985e-02,-1.291824000000000097e-02
8.291840000000000625e-04,-1.286701999999999985e-02,-1.033459999999999934e-02
8.292480000000000944e-04,-1.286701999999999985e-02,-1.291824000000000097e-02
8.293120000000000179e-04,-2.058719999999999994e-02,-1.033459999999999934e-02
8.293760000000000498e-04,-1.029361999999999985e-02,-1.033459999999999934e-02
8.294400000000000817e-04,-1.286701999999999985e-02,-1.291824000000000097e-02
8.295040000000000052e-04,-1.544043999999999972e-02,-1.550189999999999901e-02
8.295680000000000371e-04,-1.029361999999999985e-02,-1.033459999999999934e-02
8.296320000000000690e-04,-1.544043999999999972e-02,-5.167299999999999671e-03
8.296960000000001010e-04,-1.544043999999999972e-02,-1.291824000000000097e-02
8.297600000000000245e-04,-1.286701999999999985e-02,-1.033459999999999934e-02
8.298240000000000564e-04,-1.029361999999999985e-02,-5.167299999999999671e-03
8.298880000000000883e-04,-1.544043999999999972e-02,-1.550189999999999901e-02
8.299520000000000118e-04,-1.544043999999999972e-02,-5.167299999999999671e-03
8.300160000000000437e-04,-1.544043999999999972e-02,-1.808554000000000064e-02
8.300800000000000756e-04,-1.286701999999999985e-02,-1.033459999999999934e-02
8.301439999999999991e-04,-1.801383999999999971e-02,-7.750940000000000434e-03
8.302080000000000310e-04,-1.286701999999999985e-02,-1.033459999999999934e-02
8.302720000000000629e-04,-1.544043999999999972e-02,-1.808554000000000064e-02
8.303360000000000948e-04,-1.801383999999999971e-02,-1.033459999999999934e-02
8.304000000000000183e-04,-1.286701999999999985e-02,-5.167299999999999671e-03
8.304640000000000502e-04,-1.286701999999999985e-02,-5.167299999999999671e-03
8.305280000000000822e-04,-2.058719999999999994e-02,-1.033459999999999934e-02
8.305920000000000056e-04,-1.544043999999999972e-02,-1.291824000000000097e-02
8.306560000000000376e-04,-1.544043999999999972e-02,-5.167299999999999671e-03
8.307200000000000695e-04,-7.720219999999999860e-03,-1.291824000000000097e-02
8.307840000000001014e-04,-1.286701999999999985e-02,-1.291824000000000097e-02
8.308480000000000249e-04,-1.801383999999999971e-02,-1.033459999999999934e-02
8.309120000000000568e-04,-1.286701999999999985e-02,0.000000000000000000e+00
8.309760000000000887e-04,-2.316059999999999994e-02,-7.750940000000000434e-03
8.310400000000000122e-04,-1.029361999999999985e-02,-1.550189999999999901e-02
8.311040000000000441e-04,-2.058719999999999994e-02,0.000000000000000000e+00
8.311680000000000760e-04,-1.544043999999999972e-02,-1.550189999999999901e-02
8.312319999999999995e-04,-1.544043999999999972e-02,-1.033459999999999934e-02
8.312960000000000314e-04,-1.801383999999999971e-02,-1.033459999999999934e-02
8.313600000000000633e-04,-1.029361999999999985e-02,-1.291824000000000097e-02
8.314240000000000953e-04,-1.801383999999999971e-02,-5.167299999999999671e-03
8.314880000000000188e-04,-1.544043999999999972e-02,-1.033459999999999934e-02
8.315520000000000507e-04,-1.029361999999999985e-02,-1.550189999999999901e-02
8.316160000000000826e-04,-1.029361999999999985e-02,-1.033459999999999934e-02
8.316800000000000061e-04,-1.544043999999999972e-02,0.000000000000000000e+00
8.317440000000000380e-04,-1.029361999999999985e-02,-1.033459999999999934e-02
8.318080000000000699e-04,-1.801383999999999971e-02,2.583640000000000329e-03
8.318720000000001018e-04,-1.029361999999999985e-02,-1.033459999999999934e-02
8.319360000000000253e-04,-1.286701999999999985e-02,-7.750940000000000434e-03
8.320000000000000572e-04,-7.720219999999999860e-03,-7.750940000000000434e-03
8.320640000000000891e-04,-1.286701999999999985e-02,-1.291824000000000097e-02
8.321280000000000126e-04,-1.029361999999999985e-02,-1.033459999999999934e-02
8.321920000000000445e-04,-1.286701999999999985e-02,-7.750940000000000434e-03
8.322560000000000765e-04,-1.286701999999999985e-02,-1.033459999999999934e-02
8.323199999999999999e-04,-1.801383999999999971e-02,-1.291824000000000097e-02
8.323840000000000319e-04,-1.286701999999999985e-02,-5.167299999999999671e-03
8.324480000000000638e-04,-1.029361999999999985e-02,-5.167299999999999671e-03
8.325120000000000957e-04,-1.029361999999999985e-02,0.000000000000000000e+00
8.325760000000000192e-04,-1.801383999999999971e-02,-1.033459999999999934e-02
8.326400000000000511e-04,-1.801383999999999971e-02,-1.033459999999999934e-02
8.327040000000000830e-04,-1.801383999999999971e-02,-1.033459999999999934e-02
8.327680000000000065e-04,-1.801383999999999971e-02,-7.750940000000000434e-03
8.328320000000000384e-04,-7.720219999999999860e-03,0.000000000000000000e+00
8.328960000000000703e-04,-1.029361999999999985e-02,-5.167299999999999671e-03
8.329600000000001022e-04,-1.029361999999999985e-02,-1.033459999999999934e-02
8.330240000000000257e-04,-7.720219999999999860e-03,-1.033459999999999934e-02
8.330880000000000576e-04,-1.286701999999999985e-02,-2.583640000000000329e-03
8.331520000000000896e-04,-1.029361999999999985e-02,-7.750940000000000434e-03
8.332160000000000130e-04,-1.801383999999999971e-02,-1.808554000000000064e-02
8.332800000000000450e-04,-1.029361999999999985e-02,-1.033459999999999934e-02
8.333440000000000769e-04,-2.058719999999999994e-02,-7.750940000000000434e-03
8.334080000000000004e-04,-1.801383999999999971e-02,-7.750940000000000434e-03
8.334720000000000323e-04,-5.146819999999999867e-03,-1.033459999999999934e-02
8.335360000000000642e-04,-1.286701999999999985e-02,-1.033459999999999934e-02
8.336000000000000961e-04,-1.286701999999999985e-02,-7.750940000000000434e-03
8.336640000000000196e-04,-1.286701999999999985e-02,-1.550189999999999901e-02
8.337280000000000515e-04,-1.286701999999999985e-02,-1.291824000000000097e-02
8.337920000000000834e-04,-2.573399999999999993e-03,-1.550189999999999901e-02
8.338560000000000069e-04,-7.720219999999999860e-03,-1.033459999999999934e-02
8.339200000000000388e-04,-1.801383999999999971e-02,-1.550189999999999901e-02
8.339840000000000707e-04,-1.801383999999999971e-02,-1.033459999999999934e-02
8.340480000000001027e-04,-1.029361999999999985e-02,-1.033459999999999934e-02
8.341120000000000262e-04,-1.544043999999999972e-02,-1.291824000000000097e-02
8.341760000000000581e-04,-1.286701999999999985e-02,-1.291824000000000097e-02
8.342400000000000900e-04,-1.029361999999999985e-02,-7.750940000000000434e-03
8.343040000000000135e-04,-1.029361999999999985e-02,-1.291824000000000097e-02
8.343680000000000454e-04,-1.286701999999999985e-02,-5.167299999999999671e-03
8.344320000000000773e-04,-1.286701999999999985e-02,-1.550189999999999901e-02
8.344960000000000008e-04,-1.286701999999999985e-02,-1.033459999999999934e-02
8.345600000000000327e-04,-1.286701999999999985e-02,-1.033459999999999934e-02
8.346240000000000646e-04,-1.544043999999999972e-02,-1.808554000000000064e-02
8.346880000000000965e-04,-1.544043999999999972e-02,-1.550189999999999901e-02
8.347520000000000200e-04,-1.029361999999999985e-02,-7.750940000000000434e-03
8.348160000000000519e-04,-7.720219999999999860e-03,-1.291824000000000097e-02
8.348800000000000839e-04,-1.029361999999999985e-02,-7.750940000000000434e-03
8.349440000000000073e-04,-1.286701999999999985e-02,-1.291824000000000097e-02
8.350080000000000393e-04,-1.544043999999999972e-02,-1.033459999999999934e-02
8.350720000000000712e-04,-1.029361999999999985e-02,-1.033459999999999934e-02
8.351360000000001031e-04,-1.544043999999999972e-02,-1.808554000000000064e-02
8.352000000000000266e-04,-1.801383999999999971e-02,-2.583640000000000329e-03
8.352640000000000585e-04,-1.544043999999999972e-02,-1.033459999999999934e-02
8.353280000000000904e-04,-1.029361999999999985e-02,-1.550189999999999901e-02
8.353920000000000139e-04,-1.286701999999999985e-02,-1.550189999999999901e-02
8.354560000000000458e-04,-1.544043999999999972e-02,-5.167299999999999671e-03
8.355200000000000777e-04,-1.029361999999999985e-02,-1.808554000000000064e-02
8.355840000000000012e-04,-1.544043999999999972e-02,-1.291824000000000097e-02
8.356480000000000331e-04,-1.029361999999999985e-02,-1.550189999999999901e-02
8.357120000000000650e-04,-1.029361999999999985e-02,-1.550189999999999901e-02
8.357760000000000970e-04,-1.029361999999999985e-02,-2.325279999999999708e-02
8.358400000000000205e-04,-1.286701999999999985e-02,-5.167299999999999671e-03
8.359040000000000524e-04,-1.029361999999999985e-02,-1.033459999999999934e-02
8.359680000000000843e-04,-1.801383999999999971e-02,-7.750940000000000434e-03
8.360320000000000078e-04,-7.720219999999999860e-03,-1.550189999999999901e-02
8.360960000000000397e-04,-1.029361999999999985e-02,-1.808554000000000064e-02
8.361600000000000716e-04,-1.029361999999999985e-02,-1.033459999999999934e-02
8.362240000000001035e-04,-7.720219999999999860e-03,-1.550189999999999901e-02
8.362880000000000270e-04,-1.286701999999999985e-02,-1.550189999999999901e-02
8.363520000000000589e-04,-7.720219999999999860e-03,-1.808554000000000064e-02
8.364160000000000908e-04,-1.801383999999999971e-02,-1.291824000000000097e-02
8.364800000000000143e-04,-5.146819999999999867e-03,-2.583640000000000329e-03
8.365440000000000462e-04,-1.286701999999999985e-02,-1.033459999999999934e-02
8.366080000000000782e-04,-5.146819999999999867e-03,-1.550189999999999901e-02
8.366720000000000016e-04,-1.029361999999999985e-02,-1.550189999999999901e-02
8.367360000000000336e-04,-1.801383999999999971e-02,-1.033459999999999934e-02
8.368000000000000655e-04,-1.029361999999999985e-02,-1.808554000000000064e-02
8.368640000000000974e-04,-1.801383999999999971e-02,-1.291824000000000097e-02
8.369280000000000209e-04,-1.029361999999999985e-02,-1.291824000000000097e-02
8.369920000000000528e-04,-5.146819999999999867e-03,-1.033459999999999934e-02
8.370560000000000847e-04,-7.720219999999999860e-03,-2.066919999999999868e-02
8.371200000000000082e-04,-1.286701999999999985e-02,-1.550189999999999901e-02
8.371840000000000401e-04,-1.544043999999999972e-02,-1.550189999999999901e-02
8.372480000000000720e-04,-1.029361999999999985e-02,-2.066919999999999868e-02
8.373120000000001039e-04,-7.720219999999999860e-03,-1.291824000000000097e-02
8.373760000000000274e-04,-7.720219999999999860e-03,-1.291824000000000097e-02
8.374400000000000593e-04,-7.720219999999999860e-03,-1.291824000000000097e-02
8.375040000000000913e-04,-1.286701999999999985e-02,-2.066919999999999868e-02
8.375680000000000148e-04,-2.573399999999999993e-03,-1.550189999999999901e-02
8.376320000000000467e-04,-7.720219999999999860e-03,-1.291824000000000097e-02
8.376960000000000786e-04,-1.029361999999999985e-02,-1.291824000000000097e-02
8.377600000000000021e-04,-1.029361999999999985e-02,-2.066919999999999868e-02
8.378240000000000340e-04,-7.720219999999999860e-03,-1.550189999999999901e-02
8.378880000000000659e-04,-2.573399999999999993e-03,-1.291824000000000097e-02
8.379520000000000978e-04,-5.146819999999999867e-03,-1.550189999999999901e-02
8.380160000000000213e-04,-1.029361999999999985e-02,-1.291824000000000097e-02
8.380800000000000532e-04,-1.029361999999999985e-02,-1.291824000000000097e-02
8.381440000000000851e-04,-1.029361999999999985e-02,-1.550189999999999901e-02
8.382080000000000086e-04,-2.573399999999999993e-03,-1.033459999999999934e-02
8.382720000000000405e-04,-1.029361999999999985e-02,-1.550189999999999901e-02
8.383360000000000724e-04,-7.720219999999999860e-03,-1.033459999999999934e-02
8.384000000000001044e-04,-5.146819999999999867e-03,-1.033459999999999934e-02
8.384640000000000279e-04,-1.286701999999999985e-02,-2.066919999999999868e-02
8.385280000000000598e-04,-1.286701999999999985e-02,-1.033459999999999934e-02
8.385920000000000917e-04,-1.544043999999999972e-02,-1.033459999999999934e-02
8.386560000000000152e-04,-2.573399999999999993e-03,-1.550189999999999901e-02
8.387200000000000471e-04,-1.286701999999999985e-02,-1.291824000000000097e-02
8.387840000000000790e-04,-2.573399999999999993e-03,-1.550189999999999901e-02
8.388480000000000025e-04,-5.146819999999999867e-03,-1.808554000000000064e-02
8.389120000000000344e-04,-7.720219999999999860e-03,-2.066919999999999868e-02
8.389760000000000663e-04,-7.720219999999999860e-03,-1.291824000000000097e-02
8.390400000000000982e-04,-1.286701999999999985e-02,-1.291824000000000097e-02
8.391040000000000217e-04,-1.029361999999999985e-02,-1.550189999999999901e-02
8.391680000000000536e-04,-7.720219999999999860e-03,-7.750940000000000434e-03
8.392320000000000856e-04,-1.029361999999999985e-02,-1.291824000000000097e-02
8.392960000000000090e-04,-1.544043999999999972e-02,-1.550189999999999901e-02
8.393600000000000410e-04,-7.720219999999999860e-03,-2.066919999999999868e-02
8.394240000000000729e-04,-2.573399999999999993e-03,-1.291824000000000097e-02
8.394880000000001048e-04,-2.573399999999999993e-03,-2.066919999999999868e-02
8.395520000000000283e-04,-5.146819999999999867e-03,-1.550189999999999901e-02
8.396160000000000602e-04,-1.029361999999999985e-02,-7.750940000000000434e-03
8.396800000000000921e-04,-5.146819999999999867e-03,-1.291824000000000097e-02
8.397440000000000156e-04,-1.029361999999999985e-02,-1.550189999999999901e-02
8.398080000000000475e-04,-5.146819999999999867e-03,-1.291824000000000097e-02
8.398720000000000794e-04,-7.720219999999999860e-03,-1.808554000000000064e-02
8.399360000000000029e-04,-7.720219999999999860e-03,-1.291824000000000097e-02
8.400000000000000348e-04,-7.720219999999999860e-03,-1.033459999999999934e-02
8.400640000000000667e-04,-5.146819999999999867e-03,-1.033459999999999934e-02
8.401280000000000987e-04,-5.146819999999999867e-03,-1.808554000000000064e-02
8.401920000000000222e-04,-7.720219999999999860e-03,-1.808554000000000064e-02
8.402560000000000541e-04,-7.720219999999999860e-03,-2.066919999999999868e-02
8.403200000000000860e-04,0.000000000000000000e+00,-1.291824000000000097e-02
8.403840000000000095e-04,-2.573399999999999993e-03,-1.291824000000000097e-02
8.404480000000000414e-04,-7.720219999999999860e-03,-7.750940000000000434e-03
8.405120000000000733e-04,0.000000000000000000e+00,-1.808554000000000064e-02
8.405760000000001052e-04,-1.029361999999999985e-02,-1.550189999999999901e-02
8.406400000000000287e-04,-2.573399999999999993e-03,-1.291824000000000097e-02
8.407040000000000606e-04,-1.286701999999999985e-02,-1.808554000000000064e-02
8.407680000000000925e-04,-7.720219999999999860e-03,-1.291824000000000097e-02
8.408320000000000160e-04,0.000000000000000000e+00,-1.550189999999999901e-02
8.408960000000000479e-04,-1.544043999999999972e-02,-2.066919999999999868e-02
8.409600000000000799e-04,-1.544043999999999972e-02,-1.291824000000000097e-02
8.410240000000000033e-04,-1.029361999999999985e-02,-7.750940000000000434e-03
8.410880000000000353e-04,-1.029361999999999985e-02,-2.325279999999999708e-02
8.411520000000000672e-04,-7.720219999999999860e-03,-1.808554000000000064e-02
8.412160000000000991e-04,-5.146819999999999867e-03,-1.291824000000000097e-02
8.412800000000000226e-04,-1.286701999999999985e-02,-1.291824000000000097e-02
8.413440000000000545e-04,-1.029361999999999985e-02,-1.291824000000000097e-02
8.414080000000000864e-04,-1.286701999999999985e-02,-1.808554000000000064e-02
8.414720000000000099e-04,-7.720219999999999860e-03,-1.033459999999999934e-02
8.415360000000000418e-04,-1.029361999999999985e-02,-1.291824000000000097e-02
8.416000000000000737e-04,-7.720219999999999860e-03,-1.291824000000000097e-02
8.416640000000001056e-04,-7.720219999999999860e-03,-2.066919999999999868e-02
8.417280000000000291e-04,-5.146819999999999867e-03,-1.291824000000000097e-02
8.417920000000000610e-04,-7.720219999999999860e-03,-1.550189999999999901e-02
8.418560000000000930e-04,-1.286701999999999985e-02,-1.808554000000000064e-02
8.419200000000000165e-04,-1.029361999999999985e-02,-1.550189999999999901e-02
8.419840000000000484e-04,-1.544043999999999972e-02,-1.291824000000000097e-02
8.420480000000000803e-04,-1.801383999999999971e-02,-1.291824000000000097e-02
8.421120000000000038e-04,-2.058719999999999994e-02,-1.550189999999999901e-02
8.421760000000000357e-04,-1.801383999999999971e-02,-1.033459999999999934e-02
8.422400000000000676e-04,-1.286701999999999985e-02,-1.033459999999999934e-02
8.423040000000000995e-04,-1.544043999999999972e-02,-1.808554000000000064e-02
8.423680000000000230e-04,-1.801383999999999971e-02,-5.167299999999999671e-03
8.424320000000000549e-04,-7.720219999999999860e-03,-2.325279999999999708e-02
8.424960000000000868e-04,-5.146819999999999867e-03,-1.808554000000000064e-02
8.425600000000000103e-04,-1.544043999999999972e-02,-1.550189999999999901e-02
8.426240000000000422e-04,-1.544043999999999972e-02,-1.550189999999999901e-02
8.426880000000000741e-04,-1.029361999999999985e-02,-1.550189999999999901e-02
8.427520000000001061e-04,-1.544043999999999972e-02,-1.550189999999999901e-02
8.428160000000000296e-04,-1.286701999999999985e-02,-1.550189999999999901e-02
8.428800000000000615e-04,-2.058719999999999994e-02,-2.325279999999999708e-02
8.429440000000000934e-04,-1.801383999999999971e-02,-1.808554000000000064e-02
8.430080000000000169e-04,-2.058719999999999994e-02,-1.033459999999999934e-02
8.430720000000000488e-04,-1.544043999999999972e-02,-1.808554000000000064e-02
8.431360000000000807e-04,-7.720219999999999860e-03,-1.808554000000000064e-02
8.432000000000000042e-04,-1.544043999999999972e-02,-1.550189999999999901e-02
8.432640000000000361e-04,-7.720219999999999860e-03,-2.066919999999999868e-02
8.433280000000000680e-04,-1.029361999999999985e-02,-1.808554000000000064e-02
8.433920000000000999e-04,-1.286701999999999985e-02,-1.550189999999999901e-02
8.434560000000000234e-04,-7.720219999999999860e-03,-1.808554000000000064e-02
8.435200000000000553e-04,-7.720219999999999860e-03,-1.033459999999999934e-02
8.435840000000000873e-04,-1.029361999999999985e-02,-2.066919999999999868e-02
8.436480000000000107e-04,-5.146819999999999867e-03,-1.291824000000000097e-02
8.437120000000000427e-04,-1.801383999999999971e-02,-1.808554000000000064e-02
8.437760000000000746e-04,-1.544043999999999972e-02,-1.291824000000000097e-02
8.438400000000001065e-04,-1.286701999999999985e-02,-2.325279999999999708e-02
8.439040000000000300e-04,-1.286701999999999985e-02,-1.808554000000000064e-02
8.439680000000000619e-04,-1.286701999999999985e-02,-2.066919999999999868e-02
8.440320000000000938e-04,-1.286701999999999985e-02,-1.550189999999999901e-02
8.440960000000000173e-04,-1.544043999999999972e-02,-1.808554000000000064e-02
8.441600000000000492e-04,-1.029361999999999985e-02,-1.550189999999999901e-02
8.442240000000000811e-04,-1.286701999999999985e-02,-1.291824000000000097e-02
8.442880000000000046e-04,-7.720219999999999860e-03,-1.550189999999999901e-02
8.443520000000000365e-04,-5.146819999999999867e-03,-1.033459999999999934e-02
8.444160000000000684e-04,-1.544043999999999972e-02,-2.066919999999999868e-02
8.444800000000001004e-04,-1.544043999999999972e-02,-2.066919999999999868e-02
8.445440000000000239e-04,-5.146819999999999867e-03,-1.808554000000000064e-02
8.446080000000000558e-04,-5.146819999999999867e-03,-1.291824000000000097e-02
8.446720000000000877e-04,-1.286701999999999985e-02,-1.291824000000000097e-02
8.447360000000000112e-04,-1.544043999999999972e-02,-2.325279999999999708e-02
8.448000000000000431e-04,-1.544043999999999972e-02,-2.066919999999999868e-02
8.448640000000000750e-04,-1.544043999999999972e-02,-1.550189999999999901e-02
8.449279999999999985e-04,-1.286701999999999985e-02,-2.325279999999999708e-02
8.449920000000000304e-04,-1.286701999999999985e-02,-1.550189999999999901e-02
8.450560000000000623e-04,-1.029361999999999985e-02,-1.808554000000000064e-02
8.451200000000000942e-04,-1.286701999999999985e-02,-1.550189999999999901e-02
8.451840000000000177e-04,-1.286701999999999985e-02,-1.033459999999999934e-02
8.452480000000000496e-04,-1.544043999999999972e-02,-1.550189999999999901e-02
8.453120000000000816e-04,-1.286701999999999985e-02,-1.550189999999999901e-02
8.453760000000000050e-04,-1.286701999999999985e-02,-1.808554000000000064e-02
8.454400000000000370e-04,-1.029361999999999985e-02,-2.583639999999999895e-02
8.455040000000000689e-04,-7.720219999999999860e-03,-1.033459999999999934e-02
8.455680000000001008e-04,-1.286701999999999985e-02,-1.291824000000000097e-02
8.456320000000000243e-04,-1.801383999999999971e-02,-1.291824000000000097e-02
8.456960000000000562e-04,-1.029361999999999985e-02,-7.750940000000000434e-03
8.457600000000000881e-04,-1.544043999999999972e-02,-2.066919999999999868e-02
8.458240000000000116e-04,-7.720219999999999860e-03,-1.808554000000000064e-02
8.458880000000000435e-04,-2.058719999999999994e-02,-2.066919999999999868e-02
8.459520000000000754e-04,-1.286701999999999985e-02,-1.550189999999999901e-02
8.460159999999999989e-04,-5.146819999999999867e-03,-1.550189999999999901e-02
8.460800000000000308e-04,-1.286701999999999985e-02,-1.808554000000000064e-02
8.461440000000000627e-04,-1.286701999999999985e-02,-1.291824000000000097e-02
8.462080000000000947e-04,-1.544043999999999972e-02,-1.291824000000000097e-02
8.462720000000000182e-04,-1.029361999999999985e-02,-2.066919999999999868e-02
8.463360000000000501e-04,-1.544043999999999972e-02,-1.550189999999999901e-02
8.464000000000000820e-04,-1.029361999999999985e-02,-2.325279999999999708e-02
8.464640000000000055e-04,-1.286701999999999985e-02,-1.550189999999999901e-02
8.465280000000000374e-04,-1.029361999999999985e-02,-1.033459999999999934e-02
8.465920000000000693e-04,-5.146819999999999867e-03,-2.066919999999999868e-02
8.466560000000001012e-04,-1.544043999999999972e-02,-1.808554000000000064e-02
8.467200000000000247e-04,-2.058719999999999994e-02,-1.808554000000000064e-02
8.467840000000000566e-04,-1.801383999999999971e-02,-1.291824000000000097e-02
8.468480000000000885e-04,-1.286701999999999985e-02,-1.291824000000000097e-02
8.469120000000000120e-04,-1.801383999999999971e-02,-1.808554000000000064e-02
8.469760000000000439e-04,-1.286701999999999985e-02,-1.033459999999999934e-02
8.470400000000000758e-04,-1.544043999999999972e-02,-1.550189999999999901e-02
8.471039999999999993e-04,-1.801383999999999971e-02,-1.033459999999999934e-02
8.471680000000000313e-04,-7.720219999999999860e-03,-2.066919999999999868e-02
8.472320000000000632e-04,-2.058719999999999994e-02,-1.808554000000000064e-02
8.472960000000000951e-04,-2.058719999999999994e-02,-1.550189999999999901e-02
8.473600000000000186e-04,-1.801383999999999971e-02,-1.550189999999999901e-02
8.474240000000000505e-04,-1.029361999999999985e-02,-1.550189999999999901e-02
8.474880000000000824e-04,-2.058719999999999994e-02,-1.033459999999999934e-02
8.475520000000000059e-04,-1.286701999999999985e-02,-1.550189999999999901e-02
8.476160000000000378e-04,-1.286701999999999985e-02,-2.583639999999999895e-02
8.476800000000000697e-04,-1.286701999999999985e-02,-2.066919999999999868e-02
8.477440000000001016e-04,-1.286701999999999985e-02,-1.808554000000000064e-02
8.478080000000000251e-04,-1.029361999999999985e-02,-1.808554000000000064e-02
8.478720000000000570e-04,-1.286701999999999985e-02,-1.550189999999999901e-02
8.479360000000000890e-04,-1.801383999999999971e-02,-1.291824000000000097e-02
8.480000000000000124e-04,-2.316059999999999994e-02,-1.808554000000000064e-02
8.480640000000000444e-04,-7.720219999999999860e-03,-1.550189999999999901e-02
8.481280000000000763e-04,-1.801383999999999971e-02,-1.808554000000000064e-02
8.481919999999999998e-04,-1.286701999999999985e-02,-2.325279999999999708e-02
8.482560000000000317e-04,-1.029361999999999985e-02,-2.066919999999999868e-02
8.483200000000000636e-04,-7.720219999999999860e-03,-1.808554000000000064e-02
8.483840000000000955e-04,-1.029361999999999985e-02,-1.550189999999999901e-02
8.484480000000000190e-04,-1.286701999999999985e-02,-1.808554000000000064e-02
8.485120000000000509e-04,-1.544043999999999972e-02,-1.291824000000000097e-02
8.485760000000000828e-04,-1.544043999999999972e-02,-1.550189999999999901e-02
8.486400000000000063e-04,-1.544043999999999972e-02,-1.808554000000000064e-02
8.487040000000000382e-04,-1.544043999999999972e-02,-1.808554000000000064e-02
8.487680000000000701e-04,-2.058719999999999994e-02,-1.550189999999999901e-02
8.488320000000001021e-04,-1.286701999999999985e-02,-1.550189999999999901e-02
8.488960000000000256e-04,-1.544043999999999972e-02,-1.291824000000000097e-02
8.489600000000000575e-04,-1.286701999999999985e-02,-7.750940000000000434e-03
8.490240000000000894e-04,-1.801383999999999971e-02,-1.550189999999999901e-02
8.490880000000000129e-04,-1.029361999999999985e-02,-1.808554000000000064e-02
8.491520000000000448e-04,-1.544043999999999972e-02,-1.291824000000000097e-02
8.492160000000000767e-04,-1.286701999999999985e-02,-1.033459999999999934e-02
8.492800000000000002e-04,-1.286701999999999985e-02,-1.808554000000000064e-02
8.493440000000000321e-04,-1.286701999999999985e-02,-1.550189999999999901e-02
8.494080000000000640e-04,-1.029361999999999985e-02,-1.550189999999999901e-02
8.494720000000000959e-04,-1.286701999999999985e-02,-2.066919999999999868e-02
8.495360000000000194e-04,-1.029361999999999985e-02,-1.033459999999999934e-02
8.496000000000000513e-04,-1.801383999999999971e-02,-1.550189999999999901e-02
8.496640000000000833e-04,-1.544043999999999972e-02,-1.550189999999999901e-02
8.497280000000000067e-04,-7.720219999999999860e-03,-1.550189999999999901e-02
8.497920000000000387e-04,-1.286701999999999985e-02,-2.066919999999999868e-02
8.498560000000000706e-04,-1.029361999999999985e-02,-1.291824000000000097e-02
8.499200000000001025e-04,-7.720219999999999860e-03,-1.291824000000000097e-02
8.499840000000000260e-04,-1.029361999999999985e-02,-1.550189999999999901e-02
8.500480000000000579e-04,-7.720219999999999860e-03,-1.808554000000000064e-02
8.501120000000000898e-04,-1.029361999999999985e-02,-2.066919999999999868e-02
8.501760000000000133e-04,-1.029361999999999985e-02,-1.808554000000000064e-02
8.502400000000000452e-04,-1.286701999999999985e-02,-1.291824000000000097e-02
8.503040000000000771e-04,-1.544043999999999972e-02,-1.291824000000000097e-02
8.503680000000000006e-04,-1.544043999999999972e-02,-1.291824000000000097e-02
8.504320000000000325e-04,-7.720219999999999860e-03,-1.033459999999999934e-02
8.504960000000000644e-04,-1.544043999999999972e-02,-1.550189999999999901e-02
8.505600000000000964e-04,-1.286701999999999985e-02,-1.291824000000000097e-02
8.506240000000000199e-04,-7.720219999999999860e-03,-1.550189999999999901e-02
8.506880000000000518e-04,-1.544043999999999972e-02,-1.291824000000000097e-02
8.507520000000000837e-04,-1.544043999999999972e-02,-1.033459999999999934e-02
8.508160000000000072e-04,-5.146819999999999867e-03,-1.033459999999999934e-02
8.508800000000000391e-04,-1.286701999999999985e-02,-1.291824000000000097e-02
8.509440000000000710e-04,-5.146819999999999867e-03,-2.066919999999999868e-02
8.510080000000001029e-04,-1.029361999999999985e-02,-1.550189999999999901e-02
8.510720000000000264e-04,-1.029361999999999985e-02,-5.167299999999999671e-03
8.511360000000000583e-04,-1.286701999999999985e-02,-1.550189999999999901e-02
8.512000000000000902e-04,-2.058719999999999994e-02,2.583640000000000329e-03
8.512640000000000137e-04,-1.029361999999999985e-02,-1.291824000000000097e-02
8.513280000000000456e-04,-1.029361999999999985e-02,-1.033459999999999934e-02
8.513920000000000776e-04,-1.544043999999999972e-02,-5.167299999999999671e-03
8.514560000000000010e-04,-7.720219999999999860e-03,-1.550189999999999901e-02
8.515200000000000330e-04,-5.146819999999999867e-03,-7.750940000000000434e-03
8.515840000000000649e-04,-1.029361999999999985e-02,-5.167299999999999671e-03
8.516480000000000968e-04,-1.029361999999999985e-02,-5.167299999999999671e-03
8.517120000000000203e-04,-1.286701999999999985e-02,-1.033459999999999934e-02
8.517760000000000522e-04,-1.286701999999999985e-02,-1.033459999999999934e-02
8.518400000000000841e-04,-1.029361999999999985e-02,-1.550189999999999901e-02
8.519040000000000076e-04,-1.286701999999999985e-02,-1.033459999999999934e-02
8.519680000000000395e-04,-1.286701999999999985e-02,-1.033459999999999934e-02
8.520320000000000714e-04,-1.029361999999999985e-02,-1.033459999999999934e-02
8.520960000000001033e-04,-7.720219999999999860e-03,-1.033459999999999934e-02
8.521600000000000268e-04,-7.720219999999999860e-03,-2.583640000000000329e-03
8.522240000000000587e-04,-1.544043999999999972e-02,-7.750940000000000434e-03
8.522880000000000907e-04,-1.029361999999999985e-02,-1.291824000000000097e-02
8.523520000000000141e-04,-1.544043999999999972e-02,-1.033459999999999934e-02
8.524160000000000461e-04,-1.029361999999999985e-02,-1.291824000000000097e-02
8.524800000000000780e-04,-1.544043999999999972e-02,-1.033459999999999934e-02
8.525440000000000015e-04,-1.286701999999999985e-02,-1.033459999999999934e-02
8.526080000000000334e-04,-5.146819999999999867e-03,-2.583640000000000329e-03
8.526720000000000653e-04,-1.029361999999999985e-02,-1.291824000000000097e-02
8.527360000000000972e-04,-7.720219999999999860e-03,-1.033459999999999934e-02
8.528000000000000207e-04,-7.720219999999999860e-03,-2.066919999999999868e-02
8.528640000000000526e-04,-1.029361999999999985e-02,-1.033459999999999934e-02
8.529280000000000845e-04,-1.544043999999999972e-02,-1.291824000000000097e-02
8.529920000000000080e-04,-2.573399999999999993e-03,-5.167299999999999671e-03
8.530560000000000399e-04,-1.286701999999999985e-02,-1.291824000000000097e-02
8.531200000000000718e-04,-5.146819999999999867e-03,-1.808554000000000064e-02
8.531840000000001038e-04,-7.720219999999999860e-03,-7.750940000000000434e-03
8.532480000000000273e-04,-1.029361999999999985e-02,-1.550189999999999901e-02
8.533120000000000592e-04,-5.146819999999999867e-03,-1.033459999999999934e-02
8.533760000000000911e-04,-7.720219999999999860e-03,-5.167299999999999671e-03
8.534400000000000146e-04,-5.146819999999999867e-03,-1.550189999999999901e-02
8.535040000000000465e-04,-7.720219999999999860e-03,-1.033459999999999934e-02
8.535680000000000784e-04,-1.029361999999999985e-02,-7.750940000000000434e-03
8.536320000000000019e-04,-7.720219999999999860e-03,-2.325279999999999708e-02
8.536960000000000338e-04,-1.286701999999999985e-02,-1.291824000000000097e-02
8.537600000000000657e-04,-5.146819999999999867e-03,-1.550189999999999901e-02
8.538240000000000976e-04,-5.146819999999999867e-03,-5.167299999999999671e-03
8.538880000000000211e-04,-1.286701999999999985e-02,-1.291824000000000097e-02
8.539520000000000530e-04,-5.146819999999999867e-03,-7.750940000000000434e-03
8.540160000000000850e-04,-2.573399999999999993e-03,-1.033459999999999934e-02
8.540800000000000084e-04,-5.146819999999999867e-03,-1.808554000000000064e-02
8.541440000000000404e-04,-7.720219999999999860e-03,-1.550189999999999901e-02
8.542080000000000723e-04,-1.286701999999999985e-02,-1.291824000000000097e-02
8.542720000000001042e-04,-5.146819999999999867e-03,-1.033459999999999934e-02
8.543360000000000277e-04,-1.029361999999999985e-02,-7.750940000000000434e-03
8.544000000000000596e-04,-1.029361999999999985e-02,-1.033459999999999934e-02
8.544640000000000915e-04,-1.029361999999999985e-02,-1.033459999999999934e-02
8.545280000000000150e-04,-1.544043999999999972e-02,-1.291824000000000097e-02
8.545920000000000469e-04,-1.286701999999999985e-02,-5.167299999999999671e-03
8.546560000000000788e-04,-1.029361999999999985e-02,-1.808554000000000064e-02
8.547200000000000023e-04,-1.029361999999999985e-02,-1.550189999999999901e-02
8.547840000000000342e-04,-2.573399999999999993e-03,-1.550189999999999901e-02
8.548480000000000661e-04,-1.286701999999999985e-02,-1.550189999999999901e-02
8.549120000000000981e-04,-1.029361999999999985e-02,-7.750940000000000434e-03
8.549760000000000216e-04,-7.720219999999999860e-03,-1.291824000000000097e-02
8.550400000000000535e-04,-1.286701999999999985e-02,-1.291824000000000097e-02
8.551040000000000854e-04,-7.720219999999999860e-03,-1.291824000000000097e-02
8.551680000000000089e-04,-1.544043999999999972e-02,-1.291824000000000097e-02
8.552320000000000408e-04,-1.029361999999999985e-02,-7.750940000000000434e-03
8.552960000000000727e-04,-2.058719999999999994e-02,-1.033459999999999934e-02
8.553600000000001046e-04,-1.801383999999999971e-02,-7.750940000000000434e-03
8.554240000000000281e-04,-1.544043999999999972e-02,-7.750940000000000434e-03
8.554880000000000600e-04,-1.286701999999999985e-02,-1.033459999999999934e-02
8.555520000000000919e-04,-2.058719999999999994e-02,-1.033459999999999934e-02
8.556160000000000154e-04,-7.720219999999999860e-03,-1.291824000000000097e-02
8.556800000000000473e-04,-1.544043999999999972e-02,-1.033459999999999934e-02
8.557440000000000793e-04,-1.286701999999999985e-02,-2.583640000000000329e-03
8.558080000000000027e-04,-1.029361999999999985e-02,-7.750940000000000434e-03
8.558720000000000347e-04,-1.029361999999999985e-02,-1.291824000000000097e-02
8.559360000000000666e-04,-1.286701999999999985e-02,-1.033459999999999934e-02
8.560000000000000985e-04,-1.801383999999999971e-02,-1.291824000000000097e-02
8.560640000000000220e-04,-1.286701999999999985e-02,-7.750940000000000434e-03
8.561280000000000539e-04,-1.544043999999999972e-02,-1.291824000000000097e-02
8.561920000000000858e-04,-1.544043999999999972e-02,-1.550189999999999901e-02
8.562560000000000093e-04,-1.801383999999999971e-02,-1.808554000000000064e-02
8.563200000000000412e-04,-7.720219999999999860e-03,-1.291824000000000097e-02
8.563840000000000731e-04,-2.058719999999999994e-02,-1.550189999999999901e-02
8.564480000000001050e-04,-2.058719999999999994e-02,-1.291824000000000097e-02
8.565120000000000285e-04,-1.801383999999999971e-02,-1.550189999999999901e-02
8.565760000000000604e-04,-1.544043999999999972e-02,-1.033459999999999934e-02
8.566400000000000924e-04,-1.286701999999999985e-02,-2.066919999999999868e-02
8.567040000000000158e-04,-1.544043999999999972e-02,-1.291824000000000097e-02
8.567680000000000478e-04,-2.058719999999999994e-02,-7.750940000000000434e-03
8.568320000000000797e-04,-1.544043999999999972e-02,-7.750940000000000434e-03
8.568960000000000032e-04,-7.720219999999999860e-03,-2.325279999999999708e-02
8.569600000000000351e-04,-1.544043999999999972e-02,-1.291824000000000097e-02
8.570240000000000670e-04,-1.286701999999999985e-02,-1.033459999999999934e-02
8.570880000000000989e-04,-1.029361999999999985e-02,-1.291824000000000097e-02
8.571520000000000224e-04,-1.544043999999999972e-02,-1.291824000000000097e-02
8.572160000000000543e-04,-1.286701999999999985e-02,-1.033459999999999934e-02
8.572800000000000862e-04,-1.801383999999999971e-02,-7.750940000000000434e-03
8.573440000000000097e-04,-1.286701999999999985e-02,-1.033459999999999934e-02
8.574080000000000416e-04,-1.544043999999999972e-02,-1.033459999999999934e-02
8.574720000000000735e-04,-1.029361999999999985e-02,-1.033459999999999934e-02
8.575360000000001055e-04,-2.058719999999999994e-02,-1.291824000000000097e-02
8.576000000000000290e-04,-1.286701999999999985e-02,-2.066919999999999868e-02
8.576640000000000609e-04,-1.029361999999999985e-02,-1.291824000000000097e-02
8.577280000000000928e-04,-2.058719999999999994e-02,-2.325279999999999708e-02
8.577920000000000163e-04,-1.544043999999999972e-02,-1.550189999999999901e-02
8.578560000000000482e-04,-7.720219999999999860e-03,-1.033459999999999934e-02
8.579200000000000801e-04,-1.029361999999999985e-02,-1.291824000000000097e-02
8.579840000000000036e-04,-7.720219999999999860e-03,-1.033459999999999934e-02
8.580480000000000355e-04,-2.573399999999999993e-03,-1.550189999999999901e-02
8.581120000000000674e-04,-1.801383999999999971e-02,-1.808554000000000064e-02
8.581760000000000993e-04,-2.058719999999999994e-02,-1.033459999999999934e-02
8.582400000000000228e-04,-1.029361999999999985e-02,-1.808554000000000064e-02
8.583040000000000547e-04,-7.720219999999999860e-03,-1.550189999999999901e-02
8.583680000000000867e-04,-1.801383999999999971e-02,-1.291824000000000097e-02
8.584320000000000101e-04,-1.286701999999999985e-02,-1.291824000000000097e-02
8.584960000000000421e-04,-1.029361999999999985e-02,-1.808554000000000064e-02
8.585600000000000740e-04,-1.801383999999999971e-02,-1.291824000000000097e-02
8.586240000000001059e-04,-1.544043999999999972e-02,-1.291824000000000097e-02
8.586880000000000294e-04,-5.146819999999999867e-03,-1.291824000000000097e-02
8.587520000000000613e-04,-1.544043999999999972e-02,-2.066919999999999868e-02
8.588160000000000932e-04,-1.544043999999999972e-02,-2.325279999999999708e-02
8.588800000000000167e-04,-1.029361999999999985e-02,-1.808554000000000064e-02
8.589440000000000486e-04,-7.720219999999999860e-03,-1.291824000000000097e-02
8.590080000000000805e-04,-1.286701999999999985e-02,-1.291824000000000097e-02
8.590720000000000040e-04,-1.544043999999999972e-02,-1.808554000000000064e-02
8.591360000000000359e-04,-1.801383999999999971e-02,-2.583640000000000329e-03
8.592000000000000678e-04,-2.058719999999999994e-02,-1.550189999999999901e-02
8.592640000000000998e-04,-7.720219999999999860e-03,-1.808554000000000064e-02
8.593280000000000233e-04,-1.029361999999999985e-02,-7.750940000000000434e-03
8.593920000000000552e-04,-1.801383999999999971e-02,-1.291824000000000097e-02
8.594560000000000871e-04,-1.286701999999999985e-02,-1.291824000000000097e-02
8.595200000000000106e-04,-7.720219999999999860e-03,-1.291824000000000097e-02
8.595840000000000425e-04,-1.286701999999999985e-02,-1.550189999999999901e-02
8.596480000000000744e-04,-7.720219999999999860e-03,-1.550189999999999901e-02
8.597120000000001063e-04,-7.720219999999999860e-03,-1.550189999999999901e-02
8.597760000000000298e-04,-1.029361999999999985e-02,-1.291824000000000097e-02
8.598400000000000617e-04,-1.286701999999999985e-02,-1.808554000000000064e-02
8.599040000000000936e-04,-1.029361999999999985e-02,-1.291824000000000097e-02
8.599680000000000171e-04,-1.286701999999999985e-02,-1.033459999999999934e-02
8.600320000000000490e-04,-1.544043999999999972e-02,-7.750940000000000434e-03
8.600960000000000810e-04,-1.801383999999999971e-02,-5.167299999999999671e-03
8.601600000000000044e-04,-2.058719999999999994e-02,-1.291824000000000097e-02
8.602240000000000364e-04,-1.801383999999999971e-02,-1.033459999999999934e-02
8.602880000000000683e-04,-1.286701999999999985e-02,-1.808554000000000064e-02
8.603520000000001002e-04,-1.801383999999999971e-02,-1.550189999999999901e-02
8.604160000000000237e-04,-2.058719999999999994e-02,-1.291824000000000097e-02
8.604800000000000556e-04,-1.029361999999999985e-02,-1.033459999999999934e-02
8.605440000000000875e-04,-2.058719999999999994e-02,-1.550189999999999901e-02
8.606080000000000110e-04,-2.058719999999999994e-02,-1.550189999999999901e-02
8.606720000000000429e-04,-2.316059999999999994e-02,-1.033459999999999934e-02
8.607360000000000748e-04,-2.316059999999999994e-02,-1.550189999999999901e-02
8.608000000000001067e-04,-1.286701999999999985e-02,-1.033459999999999934e-02
8.608640000000000302e-04,-1.029361999999999985e-02,-1.808554000000000064e-02
8.609280000000000621e-04,-2.058719999999999994e-02,-1.291824000000000097e-02
8.609920000000000941e-04,-1.801383999999999971e-02,-1.808554000000000064e-02
8.610560000000000175e-04,-2.058719999999999994e-02,-1.808554000000000064e-02
8.611200000000000495e-04,-1.286701999999999985e-02,-1.291824000000000097e-02
8.611840000000000814e-04,-1.029361999999999985e-02,-5.167299999999999671e-03
8.612480000000000049e-04,-1.801383999999999971e-02,-1.291824000000000097e-02
8.613120000000000368e-04,-2.316059999999999994e-02,-1.033459999999999934e-02
8.613760000000000687e-04,-2.058719999999999994e-02,-1.291824000000000097e-02
8.614400000000001006e-04,-1.544043999999999972e-02,-1.291824000000000097e-02
8.615040000000000241e-04,-2.058719999999999994e-02,-1.291824000000000097e-02
8.615680000000000560e-04,-1.544043999999999972e-02,-7.750940000000000434e-03
8.616320000000000879e-04,-1.544043999999999972e-02,-1.291824000000000097e-02
8.616960000000000114e-04,-2.058719999999999994e-02,-1.550189999999999901e-02
8.617600000000000433e-04,-2.058719999999999994e-02,-1.808554000000000064e-02
8.618240000000000752e-04,-1.544043999999999972e-02,-1.291824000000000097e-02
8.618880000000001072e-04,-2.058719999999999994e-02,-1.808554000000000064e-02
8.619520000000000307e-04,-1.801383999999999971e-02,-1.291824000000000097e-02
8.620160000000000626e-04,-2.058719999999999994e-02,-1.291824000000000097e-02
8.620800000000000945e-04,-1.544043999999999972e-02,-1.550189999999999901e-02
8.621440000000000180e-04,-1.029361999999999985e-02,-1.550189999999999901e-02
8.622080000000000499e-04,-1.029361999999999985e-02,-1.033459999999999934e-02
8.622720000000000818e-04,-1.286701999999999985e-02,-1.033459999999999934e-02
8.623360000000000053e-04,-1.029361999999999985e-02,-1.033459999999999934e-02
8.624000000000000372e-04,-1.286701999999999985e-02,-1.033459999999999934e-02
8.624640000000000691e-04,-1.029361999999999985e-02,-1.808554000000000064e-02
8.625280000000001010e-04,-1.029361999999999985e-02,-1.291824000000000097e-02
8.625920000000000245e-04,-7.720219999999999860e-03,-1.550189999999999901e-02
8.626560000000000564e-04,-1.286701999999999985e-02,-1.808554000000000064e-02
8.627200000000000884e-04,-1.286701999999999985e-02,-1.033459999999999934e-02
8.627840000000000118e-04,-1.544043999999999972e-02,-1.550189999999999901e-02
8.628480000000000438e-04,-1.286701999999999985e-02,-1.550189999999999901e-02
8.629120000000000757e-04,-1.029361999999999985e-02,-1.808554000000000064e-02
8.629760000000001076e-04,-1.801383999999999971e-02,-1.291824000000000097e-02
8.630400000000000311e-04,-1.286701999999999985e-02,-1.291824000000000097e-02
8.631040000000000630e-04,-1.544043999999999972e-02,-1.291824000000000097e-02
8.631680000000000949e-04,-1.801383999999999971e-02,-1.033459999999999934e-02
8.632320000000000184e-04,-2.058719999999999994e-02,-1.808554000000000064e-02
8.632960000000000503e-04,-1.029361999999999985e-02,-1.291824000000000097e-02
8.633600000000000822e-04,-1.029361999999999985e-02,-1.550189999999999901e-02
8.634240000000000057e-04,-1.801383999999999971e-02,-1.808554000000000064e-02
8.634880000000000376e-04,-1.544043999999999972e-02,-2.325279999999999708e-02
8.635520000000000695e-04,-1.286701999999999985e-02,-1.808554000000000064e-02
8.636160000000001015e-04,-1.801383999999999971e-02,-1.550189999999999901e-02
8.636800000000000250e-04,-2.058719999999999994e-02,-1.808554000000000064e-02
8.637440000000000569e-04,-1.544043999999999972e-02,-1.808554000000000064e-02
8.638080000000000888e-04,-1.801383999999999971e-02,-7.750940000000000434e-03
8.638720000000000123e-04,-1.286701999999999985e-02,-1.291824000000000097e-02
8.639360000000000442e-04,-1.801383999999999971e-02,-7.750940000000000434e-03
8.640000000000000761e-04,-2.573399999999999993e-02,-1.291824000000000097e-02
8.640640000000001080e-04,-1.544043999999999972e-02,-1.550189999999999901e-02
8.641280000000000315e-04,-1.801383999999999971e-02,-2.842019999999999963e-02
8.641920000000000634e-04,-1.801383999999999971e-02,-1.550189999999999901e-02
8.642560000000000953e-04,-1.801383999999999971e-02,-2.325279999999999708e-02
8.643200000000000188e-04,-1.544043999999999972e-02,-1.550189999999999901e-02
8.643840000000000507e-04,-1.286701999999999985e-02,-1.291824000000000097e-02
8.644480000000000827e-04,-1.029361999999999985e-02,-1.808554000000000064e-02
8.645120000000000061e-04,-1.286701999999999985e-02,-1.808554000000000064e-02
8.645760000000000381e-04,-5.146819999999999867e-03,-1.033459999999999934e-02
8.646400000000000700e-04,-1.544043999999999972e-02,-1.550189999999999901e-02
8.647040000000001019e-04,-1.286701999999999985e-02,-7.750940000000000434e-03
8.647680000000000254e-04,-1.544043999999999972e-02,-1.550189999999999901e-02
8.648320000000000573e-04,-1.801383999999999971e-02,-1.550189999999999901e-02
8.648960000000000892e-04,-1.801383999999999971e-02,-1.550189999999999901e-02
8.649600000000000127e-04,-1.029361999999999985e-02,-2.583640000000000329e-03
8.650240000000000446e-04,-7.720219999999999860e-03,-1.808554000000000064e-02
8.650880000000000765e-04,-1.286701999999999985e-02,-2.066919999999999868e-02
8.651520000000000000e-04,-1.801383999999999971e-02,-1.808554000000000064e-02
8.652160000000000319e-04,-1.029361999999999985e-02,-1.550189999999999901e-02
8.652800000000000638e-04,-1.286701999999999985e-02,-1.808554000000000064e-02
8.653440000000000958e-04,-1.286701999999999985e-02,-1.550189999999999901e-02
8.654080000000000193e-04,-1.286701999999999985e-02,-1.550189999999999901e-02
8.654720000000000512e-04,-2.058719999999999994e-02,-7.750940000000000434e-03
8.655360000000000831e-04,-2.316059999999999994e-02,-1.808554000000000064e-02
8.656000000000000066e-04,-2.058719999999999994e-02,-7.750940000000000434e-03
8.656640000000000385e-04,-2.316059999999999994e-02,-1.291824000000000097e-02
8.657280000000000704e-04,-2.316059999999999994e-02,-7.750940000000000434e-03
8.657920000000001023e-04,-1.544043999999999972e-02,-1.291824000000000097e-02
8.658560000000000258e-04,-1.544043999999999972e-02,-2.066919999999999868e-02
8.659200000000000577e-04,-1.544043999999999972e-02,-1.291824000000000097e-02
8.659840000000000896e-04,-1.286701999999999985e-02,-1.291824000000000097e-02
8.660480000000000131e-04,-2.058719999999999994e-02,-1.808554000000000064e-02
8.661120000000000450e-04,-1.544043999999999972e-02,-1.550189999999999901e-02
8.661760000000000769e-04,-1.286701999999999985e-02,-1.291824000000000097e-02
8.662400000000000004e-04,-1.544043999999999972e-02,-7.750940000000000434e-03
8.663040000000000324e-04,-1.286701999999999985e-02,-1.808554000000000064e-02
8.663680000000000643e-04,-1.286701999999999985e-02,-1.033459999999999934e-02
8.664320000000000962e-04,-1.029361999999999985e-02,-2.066919999999999868e-02
8.664960000000000197e-04,-1.286701999999999985e-02,-7.750940000000000434e-03
8.665600000000000516e-04,-1.029361999999999985e-02,-1.550189999999999901e-02
8.666240000000000835e-04,-1.544043999999999972e-02,-2.066919999999999868e-02
8.666880000000000070e-04,-1.544043999999999972e-02,-1.550189999999999901e-02
8.667520000000000389e-04,-1.286701999999999985e-02,-1.291824000000000097e-02
8.668160000000000708e-04,-1.286701999999999985e-02,-2.583640000000000329e-03
8.668800000000001027e-04,-1.286701999999999985e-02,-1.033459999999999934e-02
8.669440000000000262e-04,-1.286701999999999985e-02,-1.550189999999999901e-02
8.670080000000000581e-04,-1.029361999999999985e-02,-1.291824000000000097e-02
8.670720000000000901e-04,-1.544043999999999972e-02,-1.808554000000000064e-02
8.671360000000000135e-04,-1.286701999999999985e-02,-1.550189999999999901e-02
8.672000000000000455e-04,-1.286701999999999985e-02,-1.808554000000000064e-02
8.672640000000000774e-04,-1.286701999999999985e-02,-1.033459999999999934e-02
8.673280000000000009e-04,-1.801383999999999971e-02,-1.291824000000000097e-02
8.673920000000000328e-04,-1.544043999999999972e-02,-1.291824000000000097e-02
8.674560000000000647e-04,-2.058719999999999994e-02,-1.033459999999999934e-02
8.675200000000000966e-04,-1.029361999999999985e-02,-7.750940000000000434e-03
8.675840000000000201e-04,-1.286701999999999985e-02,-1.033459999999999934e-02
8.676480000000000520e-04,-1.544043999999999972e-02,-2.066919999999999868e-02
8.677120000000000839e-04,-1.029361999999999985e-02,-1.808554000000000064e-02
8.677760000000000074e-04,-1.029361999999999985e-02,-1.033459999999999934e-02
8.678400000000000393e-04,-1.286701999999999985e-02,-7.750940000000000434e-03
8.679040000000000712e-04,-1.029361999999999985e-02,-1.291824000000000097e-02
8.679680000000001032e-04,-1.544043999999999972e-02,-1.033459999999999934e-02
8.680320000000000267e-04,-7.720219999999999860e-03,-1.033459999999999934e-02
8.680960000000000586e-04,-1.286701999999999985e-02,-1.291824000000000097e-02
8.681600000000000905e-04,-1.544043999999999972e-02,-7.750940000000000434e-03
8.682240000000000140e-04,-1.286701999999999985e-02,-1.033459999999999934e-02
8.682880000000000459e-04,-1.029361999999999985e-02,-7.750940000000000434e-03
8.683520000000000778e-04,-1.544043999999999972e-02,-1.291824000000000097e-02
8.684160000000000013e-04,-1.286701999999999985e-02,-1.291824000000000097e-02
8.684800000000000332e-04,-1.544043999999999972e-02,-1.808554000000000064e-02
8.685440000000000651e-04,-1.544043999999999972e-02,-7.750940000000000434e-03
8.686080000000000970e-04,0.000000000000000000e+00,-1.808554000000000064e-02
8.686720000000000205e-04,-7.720219999999999860e-03,-1.550189999999999901e-02
8.687360000000000524e-04,-1.029361999999999985e-02,-1.291824000000000097e-02
8.688000000000000844e-04,-1.544043999999999972e-02,-1.291824000000000097e-02
8.688640000000000078e-04,-7.720219999999999860e-03,-1.808554000000000064e-02
8.689280000000000398e-04,-2.573399999999999993e-03,-1.550189999999999901e-02
8.689920000000000717e-04,-5.146819999999999867e-03,-1.291824000000000097e-02
8.690560000000001036e-04,-1.029361999999999985e-02,-7.750940000000000434e-03
8.691200000000000271e-04,-1.029361999999999985e-02,-1.033459999999999934e-02
8.691840000000000590e-04,-7.720219999999999860e-03,-1.291824000000000097e-02
8.692480000000000909e-04,-1.029361999999999985e-02,-7.750940000000000434e-03
8.693120000000000144e-04,-1.029361999999999985e-02,-1.550189999999999901e-02
8.693760000000000463e-04,-1.029361999999999985e-02,-1.808554000000000064e-02
8.694400000000000782e-04,-1.286701999999999985e-02,-1.550189999999999901e-02
8.695040000000000017e-04,-2.573399999999999993e-03,-1.808554000000000064e-02
8.695680000000000336e-04,-7.720219999999999860e-03,-5.167299999999999671e-03
8.696320000000000655e-04,-7.720219999999999860e-03,-1.291824000000000097e-02
8.696960000000000975e-04,-1.286701999999999985e-02,-1.808554000000000064e-02
8.697600000000000210e-04,-5.146819999999999867e-03,-1.033459999999999934e-02
8.698240000000000529e-04,-1.029361999999999985e-02,0.000000000000000000e+00
8.698880000000000848e-04,-1.029361999999999985e-02,-7.750940000000000434e-03
8.699520000000000083e-04,-5.146819999999999867e-03,-2.066919999999999868e-02
8.700160000000000402e-04,-5.146819999999999867e-03,-1.033459999999999934e-02
8.700800000000000721e-04,-1.286701999999999985e-02,-1.033459999999999934e-02
8.701440000000001040e-04,-7.720219999999999860e-03,-7.750940000000000434e-03
8.702080000000000275e-04,-1.544043999999999972e-02,-1.291824000000000097e-02
8.702720000000000594e-04,-1.029361999999999985e-02,-1.550189999999999901e-02
8.703360000000000913e-04,-7.720219999999999860e-03,-7.750940000000000434e-03
8.704000000000000148e-04,-5.146819999999999867e-03,-2.066919999999999868e-02
8.704640000000000467e-04,-5.146819999999999867e-03,-7.750940000000000434e-03
8.705280000000000786e-04,-7.720219999999999860e-03,-1.291824000000000097e-02
8.705920000000000021e-04,-2.573399999999999993e-03,2.583640000000000329e-03
8.706560000000000341e-04,-1.029361999999999985e-02,-1.033459999999999934e-02
8.707200000000000660e-04,-5.146819999999999867e-03,-1.291824000000000097e-02
8.707840000000000979e-04,-1.029361999999999985e-02,-7.750940000000000434e-03
8.708480000000000214e-04,-5.146819999999999867e-03,-1.033459999999999934e-02
8.709120000000000533e-04,-5.146819999999999867e-03,-7.750940000000000434e-03
8.709760000000000852e-04,-5.146819999999999867e-03,-1.033459999999999934e-02
8.710400000000000087e-04,-7.720219999999999860e-03,-7.750940000000000434e-03
8.711040000000000406e-04,-2.573399999999999993e-03,-1.033459999999999934e-02
8.711680000000000725e-04,-7.720219999999999860e-03,-1.550189999999999901e-02
8.712320000000001044e-04,-1.029361999999999985e-02,-1.291824000000000097e-02
8.712960000000000279e-04,-1.029361999999999985e-02,-1.291824000000000097e-02
8.713600000000000598e-04,-5.146819999999999867e-03,-5.167299999999999671e-03
8.714240000000000918e-04,-5.146819999999999867e-03,-1.033459999999999934e-02
8.714880000000000152e-04,-1.286701999999999985e-02,-1.291824000000000097e-02
8.715520000000000472e-04,-7.720219999999999860e-03,-5.167299999999999671e-03
8.716160000000000791e-04,-1.029361999999999985e-02,-1.033459999999999934e-02
8.716800000000000026e-04,-5.146819999999999867e-03,-1.550189999999999901e-02
8.717440000000000345e-04,-5.146819999999999867e-03,-1.291824000000000097e-02
8.718080000000000664e-04,-5.146819999999999867e-03,-1.550189999999999901e-02
8.718720000000000983e-04,-7.720219999999999860e-03,-1.550189999999999901e-02
8.719360000000000218e-04,-1.544043999999999972e-02,-5.167299999999999671e-03
8.720000000000000537e-04,-1.544043999999999972e-02,-1.033459999999999934e-02
8.720640000000000856e-04,-1.544043999999999972e-02,-1.033459999999999934e-02
8.721280000000000091e-04,-1.286701999999999985e-02,-1.033459999999999934e-02
8.721920000000000410e-04,-2.573399999999999993e-03,-5.167299999999999671e-03
8.722560000000000729e-04,-2.573399999999999993e-03,-7.750940000000000434e-03
8.723200000000001049e-04,-1.029361999999999985e-02,-1.550189999999999901e-02
8.723840000000000284e-04,-2.316059999999999994e-02,-1.033459999999999934e-02
8.724480000000000603e-04,-1.801383999999999971e-02,-1.291824000000000097e-02
8.725120000000000922e-04,-1.544043999999999972e-02,-1.033459999999999934e-02
8.725760000000000157e-04,-1.029361999999999985e-02,-1.033459999999999934e-02
8.726400000000000476e-04,-1.801383999999999971e-02,-1.033459999999999934e-02
8.727040000000000795e-04,-1.544043999999999972e-02,-1.033459999999999934e-02
8.727680000000000030e-04,-1.029361999999999985e-02,-1.291824000000000097e-02
8.728320000000000349e-04,-1.544043999999999972e-02,-1.550189999999999901e-02
8.728960000000000668e-04,-2.058719999999999994e-02,-7.750940000000000434e-03
8.729600000000000987e-04,-2.573399999999999993e-03,-7.750940000000000434e-03
8.730240000000000222e-04,-1.286701999999999985e-02,-1.033459999999999934e-02
8.730880000000000541e-04,-1.286701999999999985e-02,-1.550189999999999901e-02
8.731520000000000861e-04,-2.573399999999999993e-02,-1.291824000000000097e-02
8.732160000000000095e-04,-1.544043999999999972e-02,-7.750940000000000434e-03
8.732800000000000415e-04,-7.720219999999999860e-03,-7.750940000000000434e-03
8.733440000000000734e-04,-7.720219999999999860e-03,-1.550189999999999901e-02
8.734080000000001053e-04,-1.029361999999999985e-02,-1.033459999999999934e-02
8.734720000000000288e-04,-1.286701999999999985e-02,-1.291824000000000097e-02
8.735360000000000607e-04,-1.286701999999999985e-02,-1.808554000000000064e-02
8.736000000000000926e-04,-1.029361999999999985e-02,-1.291824000000000097e-02
8.736640000000000161e-04,-1.029361999999999985e-02,-1.033459999999999934e-02
8.737280000000000480e-04,-1.286701999999999985e-02,-1.550189999999999901e-02
8.737920000000000799e-04,-1.286701999999999985e-02,-1.291824000000000097e-02
8.738560000000000034e-04,-1.544043999999999972e-02,-1.550189999999999901e-02
8.739200000000000353e-04,-1.801383999999999971e-02,-1.550189999999999901e-02
8.739840000000000672e-04,-1.801383999999999971e-02,-1.808554000000000064e-02
8.740480000000000992e-04,-1.286701999999999985e-02,-1.291824000000000097e-02
8.741120000000000227e-04,-1.801383999999999971e-02,-1.550189999999999901e-02
8.741760000000000546e-04,-1.029361999999999985e-02,-2.066919999999999868e-02
8.742400000000000865e-04,-7.720219999999999860e-03,-1.808554000000000064e-02
8.743040000000000100e-04,-1.544043999999999972e-02,-1.808554000000000064e-02
8.743680000000000419e-04,-1.544043999999999972e-02,-2.066919999999999868e-02
8.744320000000000738e-04,-1.286701999999999985e-02,-1.808554000000000064e-02
8.744960000000001057e-04,-7.720219999999999860e-03,-1.033459999999999934e-02
8.745600000000000292e-04,-1.801383999999999971e-02,-1.550189999999999901e-02
8.746240000000000611e-04,-1.801383999999999971e-02,-1.550189999999999901e-02
8.746880000000000930e-04,-1.029361999999999985e-02,-1.033459999999999934e-02
8.747520000000000165e-04,-7.720219999999999860e-03,-1.550189999999999901e-02
8.748160000000000484e-04,-2.058719999999999994e-02,-1.291824000000000097e-02
8.748800000000000803e-04,-1.286701999999999985e-02,-1.033459999999999934e-02
8.749440000000000038e-04,-7.720219999999999860e-03,-1.291824000000000097e-02
8.750080000000000358e-04,-7.720219999999999860e-03,-2.325279999999999708e-02
8.750720000000000677e-04,-7.720219999999999860e-03,-2.066919999999999868e-02
8.751360000000000996e-04,-1.029361999999999985e-02,-1.808554000000000064e-02
8.752000000000000231e-04,-7.720219999999999860e-03,-1.291824000000000097e-02
8.752640000000000550e-04,-1.544043999999999972e-02,-1.808554000000000064e-02
8.753280000000000869e-04,-1.544043999999999972e-02,-1.550189999999999901e-02
8.753920000000000104e-04,-1.286701999999999985e-02,-2.066919999999999868e-02
8.754560000000000423e-04,-1.286701999999999985e-02,-1.808554000000000064e-02
8.755200000000000742e-04,-5.146819999999999867e-03,-1.291824000000000097e-02
8.755840000000001061e-04,-1.286701999999999985e-02,-1.808554000000000064e-02
8.756480000000000296e-04,-1.029361999999999985e-02,-2.066919999999999868e-02
8.757120000000000615e-04,-1.286701999999999985e-02,-1.550189999999999901e-02
8.757760000000000935e-04,-1.801383999999999971e-02,-2.325279999999999708e-02
8.758400000000000169e-04,-7.720219999999999860e-03,-2.583639999999999895e-02
8.759040000000000489e-04,-1.286701999999999985e-02,-1.033459999999999934e-02
8.759680000000000808e-04,-1.286701999999999985e-02,-1.550189999999999901e-02
8.760320000000000043e-04,-1.801383999999999971e-02,-1.550189999999999901e-02
8.760960000000000362e-04,-1.544043999999999972e-02,-1.033459999999999934e-02
8.761600000000000681e-04,-7.720219999999999860e-03,-1.033459999999999934e-02
8.762240000000001000e-04,-1.544043999999999972e-02,-1.808554000000000064e-02
8.762880000000000235e-04,-1.286701999999999985e-02,-1.033459999999999934e-02
8.763520000000000554e-04,-2.058719999999999994e-02,-1.550189999999999901e-02
8.764160000000000873e-04,-1.286701999999999985e-02,-1.291824000000000097e-02
8.764800000000000108e-04,-1.029361999999999985e-02,-1.550189999999999901e-02
8.765440000000000427e-04,-1.029361999999999985e-02,-1.808554000000000064e-02
8.766080000000000746e-04,-1.286701999999999985e-02,-7.750940000000000434e-03
8.766720000000001066e-04,-1.544043999999999972e-02,-1.550189999999999901e-02
8.767360000000000301e-04,-1.029361999999999985e-02,-1.550189999999999901e-02
8.768000000000000620e-04,-1.544043999999999972e-02,-1.808554000000000064e-02
8.768640000000000939e-04,-7.720219999999999860e-03,-1.550189999999999901e-02
8.769280000000000174e-04,-5.146819999999999867e-03,-1.291824000000000097e-02
8.769920000000000493e-04,-1.286701999999999985e-02,-1.291824000000000097e-02
8.770560000000000812e-04,-7.720219999999999860e-03,-2.066919999999999868e-02
8.771200000000000047e-04,-7.720219999999999860e-03,-1.808554000000000064e-02
8.771840000000000366e-04,-1.286701999999999985e-02,-1.550189999999999901e-02
8.772480000000000685e-04,-2.573399999999999993e-03,-2.066919999999999868e-02
8.773120000000001004e-04,-7.720219999999999860e-03,-2.066919999999999868e-02
8.773760000000000239e-04,-7.720219999999999860e-03,-2.066919999999999868e-02
8.774400000000000558e-04,-1.029361999999999985e-02,-1.291824000000000097e-02
8.775040000000000878e-04,-7.720219999999999860e-03,-7.750940000000000434e-03
8.775680000000000112e-04,-1.544043999999999972e-02,-1.808554000000000064e-02
8.776320000000000432e-04,-1.801383999999999971e-02,-1.550189999999999901e-02
8.776960000000000751e-04,-7.720219999999999860e-03,-1.291824000000000097e-02
8.777600000000001070e-04,-1.801383999999999971e-02,-1.550189999999999901e-02
8.778240000000000305e-04,-1.801383999999999971e-02,-1.033459999999999934e-02
8.778880000000000624e-04,-1.544043999999999972e-02,-1.033459999999999934e-02
8.779520000000000943e-04,-2.058719999999999994e-02,-1.033459999999999934e-02
8.780160000000000178e-04,-1.544043999999999972e-02,-1.550189999999999901e-02
8.780800000000000497e-04,-2.316059999999999994e-02,-1.291824000000000097e-02
8.781440000000000816e-04,-1.029361999999999985e-02,-1.550189999999999901e-02
8.782080000000000051e-04,-1.801383999999999971e-02,-1.808554000000000064e-02
8.782720000000000370e-04,-1.801383999999999971e-02,-1.808554000000000064e-02
8.783360000000000689e-04,-1.029361999999999985e-02,-1.033459999999999934e-02
8.784000000000001009e-04,-1.801383999999999971e-02,-2.066919999999999868e-02
8.784640000000000244e-04,-1.286701999999999985e-02,-1.808554000000000064e-02
8.785280000000000563e-04,-7.720219999999999860e-03,-1.550189999999999901e-02
8.785920000000000882e-04,-1.544043999999999972e-02,-2.066919999999999868e-02
8.786560000000000117e-04,-1.544043999999999972e-02,-1.550189999999999901e-02
8.787200000000000436e-04,-1.029361999999999985e-02,-7.750940000000000434e-03
8.787840000000000755e-04,-1.286701999999999985e-02,-1.033459999999999934e-02
8.788480000000001074e-04,-1.801383999999999971e-02,-1.808554000000000064e-02
8.789120000000000309e-04,-2.316059999999999994e-02,-1.291824000000000097e-02
8.789760000000000628e-04,-1.286701999999999985e-02,-1.808554000000000064e-02
8.790400000000000947e-04,-1.286701999999999985e-02,-1.291824000000000097e-02
8.791040000000000182e-04,-1.286701999999999985e-02,-1.033459999999999934e-02
8.791680000000000501e-04,-1.544043999999999972e-02,-1.808554000000000064e-02
8.792320000000000821e-04,-1.544043999999999972e-02,-1.550189999999999901e-02
8.792960000000000055e-04,-1.801383999999999971e-02,-1.808554000000000064e-02
8.793600000000000375e-04,-1.544043999999999972e-02,-1.033459999999999934e-02
8.794240000000000694e-04,-1.801383999999999971e-02,-1.033459999999999934e-02
8.794880000000001013e-04,-1.286701999999999985e-02,-1.550189999999999901e-02
8.795520000000000248e-04,-1.029361999999999985e-02,-1.291824000000000097e-02
8.796160000000000567e-04,-1.286701999999999985e-02,-1.808554000000000064e-02
8.796800000000000886e-04,-1.286701999999999985e-02,-1.550189999999999901e-02
8.797440000000000121e-04,-1.286701999999999985e-02,-1.550189999999999901e-02
8.798080000000000440e-04,-1.544043999999999972e-02,-7.750940000000000434e-03
8.798720000000000759e-04,-1.544043999999999972e-02,-1.550189999999999901e-02
8.799360000000001078e-04,-1.029361999999999985e-02,-1.291824000000000097e-02
8.800000000000000313e-04,-1.801383999999999971e-02,-1.550189999999999901e-02
8.800640000000000632e-04,-1.544043999999999972e-02,-1.291824000000000097e-02
8.801280000000000952e-04,-1.029361999999999985e-02,-1.033459999999999934e-02
8.801920000000000186e-04,-1.029361999999999985e-02,-1.033459999999999934e-02
8.802560000000000506e-04,-7.720219999999999860e-03,-1.291824000000000097e-02
8.803200000000000825e-04,-1.801383999999999971e-02,-7.750940000000000434e-03
8.803840000000000060e-04,-7.720219999999999860e-03,-1.808554000000000064e-02
8.804480000000000379e-04,-7.720219999999999860e-03,-1.291824000000000097e-02
8.805120000000000698e-04,-1.801383999999999971e-02,-1.033459999999999934e-02
8.805760000000001017e-04,-2.058719999999999994e-02,-1.291824000000000097e-02
8.806400000000000252e-04,-2.058719999999999994e-02,-1.033459999999999934e-02
8.807040000000000571e-04,-1.029361999999999985e-02,-1.291824000000000097e-02
8.807680000000000890e-04,-1.029361999999999985e-02,-1.033459999999999934e-02
8.808320000000000125e-04,-5.146819999999999867e-03,-7.750940000000000434e-03
8.808960000000000444e-04,-1.029361999999999985e-02,-1.550189999999999901e-02
8.809600000000000763e-04,-1.286701999999999985e-02,-7.750940000000000434e-03
8.810240000000001083e-04,-1.286701999999999985e-02,-1.550189999999999901e-02
8.810880000000000318e-04,-7.720219999999999860e-03,-1.550189999999999901e-02
8.811520000000000637e-04,-1.801383999999999971e-02,-5.167299999999999671e-03
8.812160000000000956e-04,-1.544043999999999972e-02,-1.291824000000000097e-02
8.812800000000000191e-04,-1.801383999999999971e-02,-1.808554000000000064e-02
8.813440000000000510e-04,-7.720219999999999860e-03,-1.550189999999999901e-02
8.814080000000000829e-04,-7.720219999999999860e-03,-1.033459999999999934e-02
8.814720000000000064e-04,-1.029361999999999985e-02,-7.750940000000000434e-03
8.815360000000000383e-04,-1.801383999999999971e-02,-2.583640000000000329e-03
8.816000000000000702e-04,-1.544043999999999972e-02,-1.291824000000000097e-02
8.816640000000001021e-04,-1.544043999999999972e-02,-1.291824000000000097e-02
8.817280000000000256e-04,-2.058719999999999994e-02,-2.066919999999999868e-02
8.817920000000000575e-04,-7.720219999999999860e-03,0.000000000000000000e+00
8.818560000000000895e-04,-1.544043999999999972e-02,-7.750940000000000434e-03
8.819200000000000129e-04,-5.146819999999999867e-03,-2.066919999999999868e-02
8.819840000000000449e-04,-1.286701999999999985e-02,-1.550189999999999901e-02
8.820480000000000768e-04,-1.029361999999999985e-02,-5.167299999999999671e-03
8.821120000000001087e-04,-1.029361999999999985e-02,-1.291824000000000097e-02
8.821760000000000322e-04,-1.286701999999999985e-02,-7.750940000000000434e-03
8.822400000000000641e-04,-1.286701999999999985e-02,-7.750940000000000434e-03
8.823040000000000960e-04,-1.029361999999999985e-02,-1.291824000000000097e-02
8.823680000000000195e-04,-1.029361999999999985e-02,-5.167299999999999671e-03
8.824320000000000514e-04,-7.720219999999999860e-03,-7.750940000000000434e-03
8.824960000000000833e-04,-1.029361999999999985e-02,-1.550189999999999901e-02
8.825600000000000068e-04,-7.720219999999999860e-03,-1.033459999999999934e-02
8.826240000000000387e-04,-1.286701999999999985e-02,-1.291824000000000097e-02
8.826880000000000706e-04,-1.029361999999999985e-02,-1.033459999999999934e-02
8.827520000000001026e-04,-7.720219999999999860e-03,-5.167299999999999671e-03
8.828160000000000261e-04,-1.286701999999999985e-02,-1.033459999999999934e-02
8.828800000000000580e-04,-7.720219999999999860e-03,-7.750940000000000434e-03
8.829440000000000899e-04,-1.286701999999999985e-02,-1.550189999999999901e-02
8.830080000000000134e-04,-1.286701999999999985e-02,-1.033459999999999934e-02
8.830720000000000453e-04,-1.029361999999999985e-02,0.000000000000000000e+00
8.831360000000000772e-04,-1.029361999999999985e-02,-7.750940000000000434e-03
8.832000000000001091e-04,-7.720219999999999860e-03,-1.291824000000000097e-02
8.832640000000000326e-04,-1.029361999999999985e-02,-1.550189999999999901e-02
8.833280000000000645e-04,0.000000000000000000e+00,-1.291824000000000097e-02
8.833920000000000964e-04,-1.029361999999999985e-02,-5.167299999999999671e-03
8.834560000000000199e-04,-5.146819999999999867e-03,-1.550189999999999901e-02
8.835200000000000518e-04,-1.029361999999999985e-02,-7.750940000000000434e-03
8.835840000000000838e-04,-1.286701999999999985e-02,-5.167299999999999671e-03
8.836480000000000072e-04,-1.029361999999999985e-02,-1.033459999999999934e-02
8.837120000000000392e-04,-1.029361999999999985e-02,-5.167299999999999671e-03
8.837760000000000711e-04,-5.146819999999999867e-03,-2.583640000000000329e-03
8.838400000000001030e-04,-2.573399999999999993e-03,-1.550189999999999901e-02
8.839040000000000265e-04,-1.544043999999999972e-02,-5.167299999999999671e-03
8.839680000000000584e-04,-5.146819999999999867e-03,-1.291824000000000097e-02
8.840320000000000903e-04,-5.146819999999999867e-03,-1.550189999999999901e-02
8.840960000000000138e-04,-7.720219999999999860e-03,-1.033459999999999934e-02
8.841600000000000457e-04,-2.573399999999999993e-03,-1.033459999999999934e-02
8.842240000000000776e-04,-2.573399999999999993e-03,-7.750940000000000434e-03
8.842880000000000011e-04,-1.029361999999999985e-02,-7.750940000000000434e-03
8.843520000000000330e-04,-1.286701999999999985e-02,-1.033459999999999934e-02
8.844160000000000649e-04,-1.029361999999999985e-02,-7.750940000000000434e-03
8.844800000000000969e-04,-1.286701999999999985e-02,-7.750940000000000434e-03
8.845440000000000203e-04,-1.029361999999999985e-02,-1.033459999999999934e-02
8.846080000000000523e-04,-1.286701999999999985e-02,-1.033459999999999934e-02
8.846720000000000842e-04,-1.286701999999999985e-02,-1.033459999999999934e-02
8.847360000000000077e-04,-1.029361999999999985e-02,-7.750940000000000434e-03
8.848000000000000396e-04,-7.720219999999999860e-03,-7.750940000000000434e-03
8.848640000000000715e-04,-5.146819999999999867e-03,-1.033459999999999934e-02
8.849280000000001034e-04,-1.286701999999999985e-02,-1.291824000000000097e-02
8.849920000000000269e-04,-1.544043999999999972e-02,-7.750940000000000434e-03
8.850560000000000588e-04,-1.286701999999999985e-02,-1.550189999999999901e-02
8.851200000000000907e-04,-7.720219999999999860e-03,-5.167299999999999671e-03
8.851840000000000142e-04,-2.573399999999999993e-03,-1.033459999999999934e-02
8.852480000000000461e-04,-1.801383999999999971e-02,-5.167299999999999671e-03
8.853120000000000780e-04,-1.029361999999999985e-02,-1.033459999999999934e-02
8.853760000000000015e-04,-2.573399999999999993e-03,-1.550189999999999901e-02
8.854400000000000335e-04,-2.573399999999999993e-03,-1.291824000000000097e-02
8.855040000000000654e-04,-2.573399999999999993e-03,-1.291824000000000097e-02
8.855680000000000973e-04,-2.573399999999999993e-03,-1.808554000000000064e-02
8.856320000000000208e-04,-7.720219999999999860e-03,-1.550189999999999901e-02
8.856960000000000527e-04,-2.573399999999999993e-03,-2.583640000000000329e-03
8.857600000000000846e-04,-5.146819999999999867e-03,-7.750940000000000434e-03
8.858240000000000081e-04,-1.029361999999999985e-02,-1.291824000000000097e-02
8.858880000000000400e-04,-1.029361999999999985e-02,-1.550189999999999901e-02
8.859520000000000719e-04,-1.286701999999999985e-02,-5.167299999999999671e-03
8.860160000000001038e-04,-1.029361999999999985e-02,-7.750940000000000434e-03
8.860800000000000273e-04,-1.286701999999999985e-02,-5.167299999999999671e-03
8.861440000000000592e-04,-2.573399999999999993e-03,-7.750940000000000434e-03
8.862080000000000912e-04,-1.544043999999999972e-02,-7.750940000000000434e-03
8.862720000000000146e-04,-1.544043999999999972e-02,-5.167299999999999671e-03
8.863360000000000466e-04,-7.720219999999999860e-03,-1.291824000000000097e-02
8.864000000000000785e-04,-5.146819999999999867e-03,-1.033459999999999934e-02
8.864640000000000020e-04,-5.146819999999999867e-03,-7.750940000000000434e-03
8.865280000000000339e-04,-1.286701999999999985e-02,-7.750940000000000434e-03
8.865920000000000658e-04,-1.801383999999999971e-02,-7.750940000000000434e-03
8.866560000000000977e-04,-1.544043999999999972e-02,-1.550189999999999901e-02
8.867200000000000212e-04,-1.029361999999999985e-02,-1.550189999999999901e-02
8.867840000000000531e-04,-1.286701999999999985e-02,-1.033459999999999934e-02
8.868480000000000850e-04,-1.286701999999999985e-02,-1.550189999999999901e-02
8.869120000000000085e-04,-1.286701999999999985e-02,-1.291824000000000097e-02
8.869760000000000404e-04,-1.801383999999999971e-02,-1.550189999999999901e-02
8.870400000000000723e-04,-1.801383999999999971e-02,-1.550189999999999901e-02
8.871040000000001043e-04,-1.286701999999999985e-02,-1.550189999999999901e-02
8.871680000000000278e-04,-1.544043999999999972e-02,-1.550189999999999901e-02
8.872320000000000597e-04,-2.573399999999999993e-03,-1.033459999999999934e-02
8.872960000000000916e-04,-1.544043999999999972e-02,-1.291824000000000097e-02
8.873600000000000151e-04,-1.286701999999999985e-02,-1.808554000000000064e-02
8.874240000000000470e-04,-1.544043999999999972e-02,-7.750940000000000434e-03
8.874880000000000789e-04,-1.029361999999999985e-02,-7.750940000000000434e-03
8.875520000000000024e-04,-1.544043999999999972e-02,-5.167299999999999671e-03
8.876160000000000343e-04,-7.720219999999999860e-03,-7.750940000000000434e-03
8.876800000000000662e-04,-7.720219999999999860e-03,-1.550189999999999901e-02
8.877440000000000981e-04,-7.720219999999999860e-03,-1.550189999999999901e-02
8.878080000000000216e-04,-2.058719999999999994e-02,-1.033459999999999934e-02
8.878720000000000535e-04,-1.286701999999999985e-02,-1.291824000000000097e-02
8.879360000000000855e-04,-1.801383999999999971e-02,-1.550189999999999901e-02
8.880000000000000089e-04,-1.544043999999999972e-02,-1.291824000000000097e-02
8.880640000000000409e-04,-7.720219999999999860e-03,-1.291824000000000097e-02
8.881280000000000728e-04,-1.544043999999999972e-02,-1.291824000000000097e-02
8.881920000000001047e-04,-1.544043999999999972e-02,-1.550189999999999901e-02
8.882560000000000282e-04,-1.029361999999999985e-02,-1.291824000000000097e-02
8.883200000000000601e-04,-1.029361999999999985e-02,-5.167299999999999671e-03
8.883840000000000920e-04,-1.029361999999999985e-02,-2.066919999999999868e-02
8.884480000000000155e-04,-1.544043999999999972e-02,-1.291824000000000097e-02
8.885120000000000474e-04,-1.029361999999999985e-02,-1.291824000000000097e-02
8.885760000000000793e-04,-1.286701999999999985e-02,-1.033459999999999934e-02
8.886400000000000028e-04,-1.544043999999999972e-02,-1.291824000000000097e-02
8.887040000000000347e-04,-1.029361999999999985e-02,-1.550189999999999901e-02
8.887680000000000666e-04,-1.029361999999999985e-02,-1.033459999999999934e-02
8.888320000000000986e-04,-5.146819999999999867e-03,-1.291824000000000097e-02
8.888960000000000220e-04,-5.146819999999999867e-03,-1.033459999999999934e-02
8.889600000000000540e-04,-2.058719999999999994e-02,-1.033459999999999934e-02
8.890240000000000859e-04,-1.544043999999999972e-02,-1.808554000000000064e-02
8.890880000000000094e-04,-1.544043999999999972e-02,-1.033459999999999934e-02
8.891520000000000413e-04,-2.058719999999999994e-02,-1.808554000000000064e-02
8.892160000000000732e-04,-1.286701999999999985e-02,-1.550189999999999901e-02
8.892800000000001051e-04,-7.720219999999999860e-03,-1.033459999999999934e-02
8.893440000000000286e-04,-1.544043999999999972e-02,-1.550189999999999901e-02
8.894080000000000605e-04,-7.720219999999999860e-03,-1.550189999999999901e-02
8.894720000000000924e-04,-5.146819999999999867e-03,-1.033459999999999934e-02
8.895360000000000159e-04,-5.146819999999999867e-03,-1.808554000000000064e-02
8.896000000000000478e-04,-1.801383999999999971e-02,-1.291824000000000097e-02
8.896640000000000797e-04,-1.544043999999999972e-02,-1.550189999999999901e-02
8.897280000000000032e-04,-1.286701999999999985e-02,-1.808554000000000064e-02
8.897920000000000352e-04,-5.146819999999999867e-03,-1.550189999999999901e-02
8.898560000000000671e-04,-2.573399999999999993e-03,-1.033459999999999934e-02
8.899200000000000990e-04,-1.286701999999999985e-02,-1.550189999999999901e-02
8.899840000000000225e-04,-1.029361999999999985e-02,-1.033459999999999934e-02
8.900480000000000544e-04,-1.029361999999999985e-02,-1.033459999999999934e-02
8.901120000000000863e-04,-2.058719999999999994e-02,-1.550189999999999901e-02
8.901760000000000098e-04,-1.544043999999999972e-02,-2.066919999999999868e-02
8.902400000000000417e-04,-1.029361999999999985e-02,-1.291824000000000097e-02
8.903040000000000736e-04,-1.029361999999999985e-02,-1.291824000000000097e-02
8.903680000000001055e-04,-1.544043999999999972e-02,-1.291824000000000097e-02
8.904320000000000290e-04,-1.029361999999999985e-02,-1.033459999999999934e-02
8.904960000000000609e-04,-1.029361999999999985e-02,-7.750940000000000434e-03
8.905600000000000929e-04,-7.720219999999999860e-03,-1.291824000000000097e-02
8.906240000000000163e-04,-1.029361999999999985e-02,-1.033459999999999934e-02
8.906880000000000483e-04,-7.720219999999999860e-03,-1.808554000000000064e-02
8.907520000000000802e-04,-1.286701999999999985e-02,-1.550189999999999901e-02
8.908160000000000037e-04,-1.544043999999999972e-02,-2.066919999999999868e-02
8.908800000000000356e-04,-1.544043999999999972e-02,-1.808554000000000064e-02
8.909440000000000675e-04,-1.286701999999999985e-02,-1.291824000000000097e-02
8.910080000000000994e-04,-1.029361999999999985e-02,-1.550189999999999901e-02
8.910720000000000229e-04,-5.146819999999999867e-03,-2.066919999999999868e-02
8.911360000000000548e-04,-1.286701999999999985e-02,-1.808554000000000064e-02
8.912000000000000867e-04,-7.720219999999999860e-03,-1.033459999999999934e-02
8.912640000000000102e-04,-1.029361999999999985e-02,-1.550189999999999901e-02
8.913280000000000421e-04,-1.544043999999999972e-02,-1.808554000000000064e-02
8.913920000000000740e-04,-1.286701999999999985e-02,-1.550189999999999901e-02
8.914560000000001060e-04,-1.029361999999999985e-02,-1.291824000000000097e-02
8.915200000000000295e-04,-1.801383999999999971e-02,-1.550189999999999901e-02
8.915840000000000614e-04,-1.544043999999999972e-02,-1.550189999999999901e-02
8.916480000000000933e-04,-1.029361999999999985e-02,-1.550189999999999901e-02
8.917120000000000168e-04,-1.801383999999999971e-02,-2.066919999999999868e-02
8.917760000000000487e-04,-1.029361999999999985e-02,-1.550189999999999901e-02
8.918400000000000806e-04,-1.544043999999999972e-02,-2.325279999999999708e-02
8.919040000000000041e-04,-1.286701999999999985e-02,-1.291824000000000097e-02
8.919680000000000360e-04,-7.720219999999999860e-03,-2.066919999999999868e-02
8.920320000000000679e-04,-1.029361999999999985e-02,-2.066919999999999868e-02
8.920960000000000998e-04,-2.058719999999999994e-02,-1.808554000000000064e-02
8.921600000000000233e-04,-1.029361999999999985e-02,-2.066919999999999868e-02
8.922240000000000552e-04,-1.801383999999999971e-02,-1.550189999999999901e-02
8.922880000000000872e-04,-2.058719999999999994e-02,-1.291824000000000097e-02
8.923520000000000106e-04,-7.720219999999999860e-03,-1.808554000000000064e-02
8.924160000000000426e-04,-1.544043999999999972e-02,-1.550189999999999901e-02
8.924800000000000745e-04,-5.146819999999999867e-03,-1.033459999999999934e-02
8.925440000000001064e-04,-7.720219999999999860e-03,-1.808554000000000064e-02
8.926080000000000299e-04,-1.286701999999999985e-02,-1.291824000000000097e-02
8.926720000000000618e-04,-1.544043999999999972e-02,-1.808554000000000064e-02
8.927360000000000937e-04,-1.801383999999999971e-02,-1.291824000000000097e-02
8.928000000000000172e-04,-1.544043999999999972e-02,-1.033459999999999934e-02
8.928640000000000491e-04,-1.801383999999999971e-02,-1.808554000000000064e-02
8.929280000000000810e-04,-1.801383999999999971e-02,-1.550189999999999901e-02
8.929920000000000045e-04,-1.286701999999999985e-02,-1.291824000000000097e-02
8.930560000000000364e-04,-5.146819999999999867e-03,-2.066919999999999868e-02
8.931200000000000683e-04,-1.029361999999999985e-02,-1.808554000000000064e-02
8.931840000000001003e-04,-7.720219999999999860e-03,-1.550189999999999901e-02
8.932480000000000238e-04,-1.801383999999999971e-02,-1.808554000000000064e-02
8.933120000000000557e-04,-1.029361999999999985e-02,-1.550189999999999901e-02
8.933760000000000876e-04,-1.544043999999999972e-02,-1.808554000000000064e-02
8.934400000000000111e-04,-1.286701999999999985e-02,-1.550189999999999901e-02
8.935040000000000430e-04,-1.029361999999999985e-02,-1.291824000000000097e-02
8.935680000000000749e-04,-1.801383999999999971e-02,-1.550189999999999901e-02
8.936320000000001068e-04,-1.801383999999999971e-02,-1.808554000000000064e-02
8.936960000000000303e-04,-7.720219999999999860e-03,-1.550189999999999901e-02
8.937600000000000622e-04,-7.720219999999999860e-03,-1.291824000000000097e-02
8.938240000000000941e-04,-1.029361999999999985e-02,-1.550189999999999901e-02
8.938880000000000176e-04,-1.801383999999999971e-02,-1.550189999999999901e-02
8.939520000000000495e-04,-2.058719999999999994e-02,-1.291824000000000097e-02
8.940160000000000814e-04,-1.029361999999999985e-02,-7.750940000000000434e-03
8.940800000000000049e-04,-1.029361999999999985e-02,-1.808554000000000064e-02
8.941440000000000369e-04,-1.801383999999999971e-02,-2.066919999999999868e-02
8.942080000000000688e-04,-1.029361999999999985e-02,-1.550189999999999901e-02
8.942720000000001007e-04,-1.286701999999999985e-02,-1.291824000000000097e-02
8.943360000000000242e-04,-1.544043999999999972e-02,-1.808554000000000064e-02
8.944000000000000561e-04,-1.544043999999999972e-02,-1.033459999999999934e-02
8.944640000000000880e-04,-1.801383999999999971e-02,-1.550189999999999901e-02
8.945280000000000115e-04,-1.029361999999999985e-02,-7.750940000000000434e-03
8.945920000000000434e-04,-7.720219999999999860e-03,-1.808554000000000064e-02
8.946560000000000753e-04,-1.029361999999999985e-02,-1.291824000000000097e-02
8.947200000000001072e-04,-5.146819999999999867e-03,-1.808554000000000064e-02
8.947840000000000307e-04,-1.544043999999999972e-02,-1.808554000000000064e-02
8.948480000000000626e-04,-1.029361999999999985e-02,-2.066919999999999868e-02
8.949120000000000946e-04,-7.720219999999999860e-03,-1.550189999999999901e-02
8.949760000000000180e-04,-5.146819999999999867e-03,-1.033459999999999934e-02
8.950400000000000500e-04,-7.720219999999999860e-03,-2.066919999999999868e-02
8.951040000000000819e-04,-5.146819999999999867e-03,-1.291824000000000097e-02
8.951680000000000054e-04,-1.286701999999999985e-02,-2.325279999999999708e-02
8.952320000000000373e-04,-5.146819999999999867e-03,-1.550189999999999901e-02
8.952960000000000692e-04,-1.029361999999999985e-02,-1.808554000000000064e-02
8.953600000000001011e-04,-2.573399999999999993e-03,-1.808554000000000064e-02
8.954240000000000246e-04,-7.720219999999999860e-03,-1.550189999999999901e-02
8.954880000000000565e-04,-1.029361999999999985e-02,-1.808554000000000064e-02
8.955520000000000884e-04,-5.146819999999999867e-03,-7.750940000000000434e-03
8.956160000000000119e-04,-7.720219999999999860e-03,-2.325279999999999708e-02
8.956800000000000438e-04,-1.029361999999999985e-02,-1.808554000000000064e-02
8.957440000000000757e-04,-5.146819999999999867e-03,-1.550189999999999901e-02
8.958080000000001077e-04,-1.029361999999999985e-02,-7.750940000000000434e-03
8.958720000000000312e-04,-7.720219999999999860e-03,-1.808554000000000064e-02
8.959360000000000631e-04,-1.286701999999999985e-02,-1.808554000000000064e-02
8.960000000000000950e-04,-2.058719999999999994e-02,-1.033459999999999934e-02
8.960640000000000185e-04,-7.720219999999999860e-03,-1.550189999999999901e-02
8.961280000000000504e-04,-7.720219999999999860e-03,-2.325279999999999708e-02
8.961920000000000823e-04,-7.720219999999999860e-03,-1.291824000000000097e-02
8.962560000000000058e-04,-5.146819999999999867e-03,-2.066919999999999868e-02
8.963200000000000377e-04,-2.573399999999999993e-03,-1.808554000000000064e-02
8.963840000000000696e-04,-5.146819999999999867e-03,-1.550189999999999901e-02
8.964480000000001015e-04,-7.720219999999999860e-03,-1.291824000000000097e-02
8.965120000000000250e-04,-1.286701999999999985e-02,-1.291824000000000097e-02
8.965760000000000569e-04,-1.286701999999999985e-02,-2.066919999999999868e-02
8.966400000000000889e-04,-1.029361999999999985e-02,-7.750940000000000434e-03
8.967040000000000123e-04,-5.146819999999999867e-03,-1.033459999999999934e-02
8.967680000000000443e-04,-7.720219999999999860e-03,-2.325279999999999708e-02
8.968320000000000762e-04,-1.029361999999999985e-02,-1.808554000000000064e-02
8.968960000000001081e-04,-1.286701999999999985e-02,-1.291824000000000097e-02
8.969600000000000316e-04,-1.286701999999999985e-02,-1.808554000000000064e-02
8.970240000000000635e-04,-1.029361999999999985e-02,-1.291824000000000097e-02
8.970880000000000954e-04,-7.720219999999999860e-03,-1.550189999999999901e-02
8.971520000000000189e-04,0.000000000000000000e+00,-1.808554000000000064e-02
8.972160000000000508e-04,-1.286701999999999985e-02,-1.550189999999999901e-02
8.972800000000000827e-04,-5.146819999999999867e-03,-2.583640000000000329e-03
8.973440000000000062e-04,-1.029361999999999985e-02,-1.808554000000000064e-02
8.974080000000000381e-04,-1.029361999999999985e-02,-1.550189999999999901e-02
8.974720000000000700e-04,-1.029361999999999985e-02,-1.291824000000000097e-02
8.975360000000001020e-04,-7.720219999999999860e-03,-1.291824000000000097e-02
8.976000000000000255e-04,-1.029361999999999985e-02,-1.291824000000000097e-02
8.976640000000000574e-04,-1.801383999999999971e-02,-1.550189999999999901e-02
8.977280000000000893e-04,-1.286701999999999985e-02,-1.033459999999999934e-02
8.977920000000000128e-04,-7.720219999999999860e-03,-1.808554000000000064e-02
8.978560000000000447e-04,-5.146819999999999867e-03,-1.550189999999999901e-02
8.979200000000000766e-04,-1.029361999999999985e-02,-1.808554000000000064e-02
8.979840000000001085e-04,-1.029361999999999985e-02,-1.291824000000000097e-02
8.980480000000000320e-04,-5.146819999999999867e-03,-2.066919999999999868e-02
8.981120000000000639e-04,-5.146819999999999867e-03,-2.066919999999999868e-02
8.981760000000000958e-04,-1.029361999999999985e-02,-1.291824000000000097e-02
8.982400000000000193e-04,-1.286701999999999985e-02,-1.550189999999999901e-02
8.983040000000000512e-04,-7.720219999999999860e-03,-1.808554000000000064e-02
8.983680000000000831e-04,-2.573399999999999993e-03,-1.291824000000000097e-02
8.984320000000000066e-04,-1.029361999999999985e-02,-1.291824000000000097e-02
8.984960000000000386e-04,-5.146819999999999867e-03,-2.066919999999999868e-02
8.985600000000000705e-04,-1.286701999999999985e-02,-1.808554000000000064e-02
8.986240000000001024e-04,-5.146819999999999867e-03,-2.066919999999999868e-02
8.986880000000000259e-04,-1.029361999999999985e-02,-1.808554000000000064e-02
8.987520000000000578e-04,-5.146819999999999867e-03,-1.808554000000000064e-02
8.988160000000000897e-04,-1.286701999999999985e-02,-1.808554000000000064e-02
8.988800000000000132e-04,-1.029361999999999985e-02,-1.550189999999999901e-02
8.989440000000000451e-04,-7.720219999999999860e-03,-1.291824000000000097e-02
8.990080000000000770e-04,-1.286701999999999985e-02,-1.550189999999999901e-02
8.990720000000001089e-04,-5.146819999999999867e-03,-1.291824000000000097e-02
8.991360000000000324e-04,-2.573399999999999993e-03,-2.066919999999999868e-02
8.992000000000000643e-04,-1.029361999999999985e-02,-1.550189999999999901e-02
8.992640000000000963e-04,-1.286701999999999985e-02,-1.808554000000000064e-02
8.993280000000000197e-04,-1.029361999999999985e-02,-1.291824000000000097e-02
8.993920000000000517e-04,-5.146819999999999867e-03,-1.808554000000000064e-02
8.994560000000000836e-04,-2.573399999999999993e-03,-1.808554000000000064e-02
8.995200000000000071e-04,2.573399999999999993e-03,-2.066919999999999868e-02
8.995840000000000390e-04,2.573399999999999993e-03,-1.550189999999999901e-02
8.996480000000000709e-04,-2.573399999999999993e-03,-1.291824000000000097e-02
8.997120000000001028e-04,-5.146819999999999867e-03,-1.033459999999999934e-02
8.997760000000000263e-04,-5.146819999999999867e-03,-1.291824000000000097e-02
8.998400000000000582e-04,-5.146819999999999867e-03,-1.808554000000000064e-02
8.999040000000000901e-04,-5.146819999999999867e-03,-1.291824000000000097e-02
8.999680000000000136e-04,-5.146819999999999867e-03,-1.808554000000000064e-02
9.000320000000000455e-04,-7.720219999999999860e-03,-1.550189999999999901e-02
9.000960000000000774e-04,-7.720219999999999860e-03,-1.291824000000000097e-02
9.001600000000001094e-04,-7.720219999999999860e-03,-2.066919999999999868e-02
9.002240000000000329e-04,-7.720219999999999860e-03,-1.550189999999999901e-02
9.002880000000000648e-04,0.000000000000000000e+00,-2.066919999999999868e-02
9.003520000000000967e-04,-2.573399999999999993e-03,-1.033459999999999934e-02
9.004160000000000202e-04,-5.146819999999999867e-03,-1.808554000000000064e-02
9.004800000000000521e-04,-1.286701999999999985e-02,-1.291824000000000097e-02
9.005440000000000840e-04,0.000000000000000000e+00,-1.033459999999999934e-02
9.006080000000000075e-04,-1.029361999999999985e-02,-1.550189999999999901e-02
9.006720000000000394e-04,-2.573399999999999993e-03,-1.291824000000000097e-02
9.007360000000000713e-04,-7.720219999999999860e-03,-1.033459999999999934e-02
9.008000000000001032e-04,-5.146819999999999867e-03,-1.033459999999999934e-02
9.008640000000000267e-04,-1.544043999999999972e-02,-1.550189999999999901e-02
9.009280000000000586e-04,-7.720219999999999860e-03,-7.750940000000000434e-03
9.009920000000000906e-04,0.000000000000000000e+00,-1.033459999999999934e-02
9.010560000000000140e-04,-7.720219999999999860e-03,-1.291824000000000097e-02
9.011200000000000460e-04,-1.286701999999999985e-02,-1.291824000000000097e-02
9.011840000000000779e-04,-1.544043999999999972e-02,-1.550189999999999901e-02
9.012480000000001098e-04,-1.029361999999999985e-02,-1.291824000000000097e-02
9.013120000000000333e-04,-1.286701999999999985e-02,-1.550189999999999901e-02
9.013760000000000652e-04,-1.801383999999999971e-02,-1.808554000000000064e-02
9.014400000000000971e-04,-1.286701999999999985e-02,-1.033459999999999934e-02
9.015040000000000206e-04,-1.029361999999999985e-02,-1.033459999999999934e-02
9.015680000000000525e-04,2.573399999999999993e-03,-1.033459999999999934e-02
9.016320000000000844e-04,0.000000000000000000e+00,-1.033459999999999934e-02
9.016960000000000079e-04,-1.029361999999999985e-02,-1.033459999999999934e-02
9.017600000000000398e-04,-1.801383999999999971e-02,-1.291824000000000097e-02
9.018240000000000717e-04,-7.720219999999999860e-03,-1.291824000000000097e-02
9.018880000000001037e-04,-7.720219999999999860e-03,-1.033459999999999934e-02
9.019520000000000272e-04,-1.029361999999999985e-02,-5.167299999999999671e-03
9.020160000000000591e-04,-1.029361999999999985e-02,-1.033459999999999934e-02
9.020800000000000910e-04,-5.146819999999999867e-03,-1.550189999999999901e-02
9.021440000000000145e-04,-1.544043999999999972e-02,-1.291824000000000097e-02
9.022080000000000464e-04,-1.286701999999999985e-02,-1.033459999999999934e-02
9.022720000000000783e-04,-5.146819999999999867e-03,-1.033459999999999934e-02
9.023360000000001102e-04,-5.146819999999999867e-03,-1.291824000000000097e-02
9.024000000000000337e-04,-5.146819999999999867e-03,-1.808554000000000064e-02
9.024640000000000656e-04,-5.146819999999999867e-03,-1.033459999999999934e-02
9.025280000000000975e-04,-7.720219999999999860e-03,-1.291824000000000097e-02
9.025920000000000210e-04,-1.286701999999999985e-02,-1.033459999999999934e-02
9.026560000000000529e-04,-1.544043999999999972e-02,-1.033459999999999934e-02
9.027200000000000848e-04,-7.720219999999999860e-03,-1.033459999999999934e-02
9.027840000000000083e-04,-1.286701999999999985e-02,-1.550189999999999901e-02
9.028480000000000403e-04,-1.286701999999999985e-02,-1.808554000000000064e-02
9.029120000000000722e-04,-1.029361999999999985e-02,-1.033459999999999934e-02
9.029760000000001041e-04,-1.286701999999999985e-02,-7.750940000000000434e-03
9.030400000000000276e-04,-1.544043999999999972e-02,-1.550189999999999901e-02
9.031040000000000595e-04,-1.286701999999999985e-02,-1.550189999999999901e-02
9.031680000000000914e-04,-1.801383999999999971e-02,-7.750940000000000434e-03
9.032320000000000149e-04,-1.029361999999999985e-02,-1.291824000000000097e-02
9.032960000000000468e-04,-1.286701999999999985e-02,-1.291824000000000097e-02
9.033600000000000787e-04,-1.286701999999999985e-02,-1.033459999999999934e-02
9.034240000000000022e-04,-1.286701999999999985e-02,-1.291824000000000097e-02
9.034880000000000341e-04,-1.286701999999999985e-02,-1.033459999999999934e-02
9.035520000000000660e-04,-1.286701999999999985e-02,-1.550189999999999901e-02
9.036160000000000980e-04,-1.544043999999999972e-02,-1.808554000000000064e-02
9.036800000000000214e-04,-1.544043999999999972e-02,-7.750940000000000434e-03
9.037440000000000534e-04,-7.720219999999999860e-03,-1.291824000000000097e-02
9.038080000000000853e-04,-7.720219999999999860e-03,-1.033459999999999934e-02
9.038720000000000088e-04,-7.720219999999999860e-03,-7.750940000000000434e-03
9.039360000000000407e-04,-1.286701999999999985e-02,-1.291824000000000097e-02
9.040000000000000726e-04,-1.801383999999999971e-02,-1.550189999999999901e-02
9.040640000000001045e-04,-7.720219999999999860e-03,-1.291824000000000097e-02
9.041280000000000280e-04,-7.720219999999999860e-03,-1.291824000000000097e-02
9.041920000000000599e-04,-1.286701999999999985e-02,-7.750940000000000434e-03
9.042560000000000918e-04,-7.720219999999999860e-03,-7.750940000000000434e-03
9.043200000000000153e-04,-5.146819999999999867e-03,-1.033459999999999934e-02
9.043840000000000472e-04,-1.544043999999999972e-02,-5.167299999999999671e-03
9.044480000000000791e-04,-1.286701999999999985e-02,-1.808554000000000064e-02
9.045120000000000026e-04,-7.720219999999999860e-03,-1.291824000000000097e-02
9.045760000000000346e-04,-1.029361999999999985e-02,-1.291824000000000097e-02
9.046400000000000665e-04,-2.573399999999999993e-03,-1.291824000000000097e-02
9.047040000000000984e-04,-1.029361999999999985e-02,-1.291824000000000097e-02
9.047680000000000219e-04,-1.286701999999999985e-02,-1.291824000000000097e-02
9.048320000000000538e-04,-1.029361999999999985e-02,-5.167299999999999671e-03
9.048960000000000857e-04,-1.544043999999999972e-02,-5.167299999999999671e-03
9.049600000000000092e-04,-5.146819999999999867e-03,-5.167299999999999671e-03
9.050240000000000411e-04,-1.286701999999999985e-02,-1.550189999999999901e-02
9.050880000000000730e-04,-1.801383999999999971e-02,-1.550189999999999901e-02
9.051520000000001049e-04,-1.286701999999999985e-02,-1.033459999999999934e-02
9.052160000000000284e-04,-1.544043999999999972e-02,-1.291824000000000097e-02
9.052800000000000603e-04,-1.544043999999999972e-02,-1.033459999999999934e-02
9.053440000000000923e-04,-1.801383999999999971e-02,-7.750940000000000434e-03
9.054080000000000157e-04,-2.058719999999999994e-02,-7.750940000000000434e-03
9.054720000000000477e-04,-1.544043999999999972e-02,-7.750940000000000434e-03
9.055360000000000796e-04,-1.801383999999999971e-02,-7.750940000000000434e-03
9.056000000000000031e-04,-1.544043999999999972e-02,-1.033459999999999934e-02
9.056640000000000350e-04,-5.146819999999999867e-03,-2.583640000000000329e-03
9.057280000000000669e-04,-1.286701999999999985e-02,-1.550189999999999901e-02
9.057920000000000988e-04,-1.544043999999999972e-02,-7.750940000000000434e-03
9.058560000000000223e-04,-1.801383999999999971e-02,-2.583640000000000329e-03
9.059200000000000542e-04,-1.801383999999999971e-02,-1.033459999999999934e-02
9.059840000000000861e-04,-1.801383999999999971e-02,-7.750940000000000434e-03
9.060480000000000096e-04,-1.801383999999999971e-02,-5.167299999999999671e-03
9.061120000000000415e-04,-2.058719999999999994e-02,-1.291824000000000097e-02
9.061760000000000734e-04,-7.720219999999999860e-03,-1.033459999999999934e-02
9.062400000000001054e-04,-1.801383999999999971e-02,-1.291824000000000097e-02
9.063040000000000289e-04,-2.316059999999999994e-02,-1.550189999999999901e-02
9.063680000000000608e-04,-2.058719999999999994e-02,-7.750940000000000434e-03
9.064320000000000927e-04,-2.316059999999999994e-02,-7.750940000000000434e-03
9.064960000000000162e-04,-2.316059999999999994e-02,-1.033459999999999934e-02
9.065600000000000481e-04,-1.544043999999999972e-02,-1.033459999999999934e-02
9.066240000000000800e-04,-1.286701999999999985e-02,-1.291824000000000097e-02
9.066880000000000035e-04,-1.801383999999999971e-02,-7.750940000000000434e-03
9.067520000000000354e-04,-1.286701999999999985e-02,-1.808554000000000064e-02
9.068160000000000673e-04,-1.544043999999999972e-02,-1.291824000000000097e-02
9.068800000000000992e-04,-2.573399999999999993e-02,-1.291824000000000097e-02
9.069440000000000227e-04,-1.544043999999999972e-02,-1.550189999999999901e-02
9.070080000000000546e-04,-1.801383999999999971e-02,-2.066919999999999868e-02
9.070720000000000866e-04,-2.316059999999999994e-02,-1.033459999999999934e-02
9.071360000000000100e-04,-1.801383999999999971e-02,-1.033459999999999934e-02
9.072000000000000420e-04,-7.720219999999999860e-03,-1.033459999999999934e-02
9.072640000000000739e-04,-1.029361999999999985e-02,-1.291824000000000097e-02
9.073280000000001058e-04,-1.544043999999999972e-02,-1.033459999999999934e-02
9.073920000000000293e-04,-1.286701999999999985e-02,-1.033459999999999934e-02
9.074560000000000612e-04,-1.286701999999999985e-02,-1.291824000000000097e-02
9.075200000000000931e-04,-1.801383999999999971e-02,-5.167299999999999671e-03
9.075840000000000166e-04,-2.058719999999999994e-02,-1.550189999999999901e-02
9.076480000000000485e-04,-2.058719999999999994e-02,-1.550189999999999901e-02
9.077120000000000804e-04,-1.801383999999999971e-02,-1.291824000000000097e-02
9.077760000000000039e-04,-1.544043999999999972e-02,-1.808554000000000064e-02
9.078400000000000358e-04,-1.286701999999999985e-02,-1.808554000000000064e-02
9.079040000000000677e-04,-1.029361999999999985e-02,-1.291824000000000097e-02
9.079680000000000997e-04,-1.286701999999999985e-02,-1.550189999999999901e-02
9.080320000000000231e-04,-2.058719999999999994e-02,-1.808554000000000064e-02
9.080960000000000551e-04,-1.544043999999999972e-02,-1.550189999999999901e-02
9.081600000000000870e-04,-2.058719999999999994e-02,-1.291824000000000097e-02
9.082240000000000105e-04,-1.544043999999999972e-02,-1.033459999999999934e-02
9.082880000000000424e-04,-1.544043999999999972e-02,-1.808554000000000064e-02
9.083520000000000743e-04,-1.801383999999999971e-02,-2.325279999999999708e-02
9.084160000000001062e-04,-2.058719999999999994e-02,-1.550189999999999901e-02
9.084800000000000297e-04,-1.286701999999999985e-02,-1.291824000000000097e-02
9.085440000000000616e-04,-1.801383999999999971e-02,-2.066919999999999868e-02
9.086080000000000935e-04,-1.544043999999999972e-02,-1.808554000000000064e-02
9.086720000000000170e-04,-1.544043999999999972e-02,-7.750940000000000434e-03
9.087360000000000489e-04,-1.286701999999999985e-02,-1.550189999999999901e-02
9.088000000000000808e-04,-1.544043999999999972e-02,-1.808554000000000064e-02
9.088640000000000043e-04,-1.544043999999999972e-02,-1.808554000000000064e-02
9.089280000000000363e-04,-1.544043999999999972e-02,-1.033459999999999934e-02
9.089920000000000682e-04,-2.058719999999999994e-02,-1.291824000000000097e-02
9.090560000000001001e-04,-1.029361999999999985e-02,-7.750940000000000434e-03
9.091200000000000236e-04,-7.720219999999999860e-03,-7.750940000000000434e-03
9.091840000000000555e-04,-1.286701999999999985e-02,-1.550189999999999901e-02
9.092480000000000874e-04,-7.720219999999999860e-03,-1.033459999999999934e-02
9.093120000000000109e-04,-2.058719999999999994e-02,-1.550189999999999901e-02
9.093760000000000428e-04,-1.029361999999999985e-02,-1.550189999999999901e-02
9.094400000000000747e-04,-2.058719999999999994e-02,-1.033459999999999934e-02
9.095040000000001066e-04,-2.058719999999999994e-02,-1.033459999999999934e-02
9.095680000000000301e-04,-2.058719999999999994e-02,-1.291824000000000097e-02
9.096320000000000620e-04,-1.029361999999999985e-02,-1.550189999999999901e-02
9.096960000000000940e-04,-7.720219999999999860e-03,-2.325279999999999708e-02
9.097600000000000174e-04,-1.286701999999999985e-02,-1.808554000000000064e-02
9.098240000000000494e-04,-1.286701999999999985e-02,-1.291824000000000097e-02
9.098880000000000813e-04,-1.801383999999999971e-02,-1.550189999999999901e-02
9.099520000000000048e-04,-1.286701999999999985e-02,-1.291824000000000097e-02
9.100160000000000367e-04,-1.286701999999999985e-02,-1.550189999999999901e-02
9.100800000000000686e-04,-1.801383999999999971e-02,-1.808554000000000064e-02
9.101440000000001005e-04,-1.544043999999999972e-02,-2.066919999999999868e-02
9.102080000000000240e-04,-2.058719999999999994e-02,-1.291824000000000097e-02
9.102720000000000559e-04,-1.801383999999999971e-02,-1.550189999999999901e-02
9.103360000000000878e-04,-1.544043999999999972e-02,-1.291824000000000097e-02
9.104000000000000113e-04,-2.058719999999999994e-02,-1.550189999999999901e-02
9.104640000000000432e-04,-1.544043999999999972e-02,-1.291824000000000097e-02
9.105280000000000751e-04,-1.801383999999999971e-02,-1.550189999999999901e-02
9.105920000000001071e-04,-2.830739999999999992e-02,-1.033459999999999934e-02
9.106560000000000306e-04,-1.544043999999999972e-02,-1.808554000000000064e-02
9.107200000000000625e-04,-1.544043999999999972e-02,-1.291824000000000097e-02
9.107840000000000944e-04,-1.544043999999999972e-02,-7.750940000000000434e-03
9.108480000000000179e-04,-1.801383999999999971e-02,-7.750940000000000434e-03
9.109120000000000498e-04,-1.544043999999999972e-02,-1.033459999999999934e-02
9.109760000000000817e-04,-1.286701999999999985e-02,-1.550189999999999901e-02
9.110400000000000052e-04,-1.544043999999999972e-02,-1.550189999999999901e-02
9.111040000000000371e-04,-1.286701999999999985e-02,-1.550189999999999901e-02
9.111680000000000690e-04,-1.544043999999999972e-02,-1.550189999999999901e-02
9.112320000000001009e-04,-1.286701999999999985e-02,-1.291824000000000097e-02
9.112960000000000244e-04,-1.029361999999999985e-02,-1.550189999999999901e-02
9.113600000000000563e-04,-1.544043999999999972e-02,-1.550189999999999901e-02
9.114240000000000883e-04,-1.286701999999999985e-02,-7.750940000000000434e-03
9.114880000000000117e-04,-1.029361999999999985e-02,-1.291824000000000097e-02
9.115520000000000437e-04,-1.286701999999999985e-02,-7.750940000000000434e-03
9.116160000000000756e-04,-1.544043999999999972e-02,-1.291824000000000097e-02
9.116800000000001075e-04,-1.029361999999999985e-02,-2.066919999999999868e-02
9.117440000000000310e-04,-1.286701999999999985e-02,-1.550189999999999901e-02
9.118080000000000629e-04,-1.544043999999999972e-02,-1.033459999999999934e-02
9.118720000000000948e-04,-1.544043999999999972e-02,-1.033459999999999934e-02
9.119360000000000183e-04,-7.720219999999999860e-03,-1.291824000000000097e-02
9.120000000000000502e-04,-1.286701999999999985e-02,-1.550189999999999901e-02
9.120640000000000821e-04,-1.286701999999999985e-02,-2.325279999999999708e-02
9.121280000000000056e-04,-1.801383999999999971e-02,-1.550189999999999901e-02
9.121920000000000375e-04,-1.286701999999999985e-02,-1.291824000000000097e-02
9.122560000000000694e-04,-7.720219999999999860e-03,-1.808554000000000064e-02
9.123200000000001014e-04,-7.720219999999999860e-03,-1.291824000000000097e-02
9.123840000000000248e-04,-1.286701999999999985e-02,-2.066919999999999868e-02
9.124480000000000568e-04,-7.720219999999999860e-03,-1.808554000000000064e-02
9.125120000000000887e-04,-1.286701999999999985e-02,-1.033459999999999934e-02
9.125760000000000122e-04,-1.286701999999999985e-02,-1.291824000000000097e-02
9.126400000000000441e-04,-1.801383999999999971e-02,-2.066919999999999868e-02
9.127040000000000760e-04,-1.029361999999999985e-02,-1.033459999999999934e-02
9.127680000000001079e-04,-1.801383999999999971e-02,-1.550189999999999901e-02
9.128320000000000314e-04,-1.801383999999999971e-02,-1.291824000000000097e-02
9.128960000000000633e-04,-2.058719999999999994e-02,-1.291824000000000097e-02
9.129600000000000952e-04,-1.029361999999999985e-02,-1.291824000000000097e-02
9.130240000000000187e-04,-1.286701999999999985e-02,-1.550189999999999901e-02
9.130880000000000506e-04,-1.286701999999999985e-02,-1.550189999999999901e-02
9.131520000000000825e-04,-1.029361999999999985e-02,-1.291824000000000097e-02
9.132160000000000060e-04,-7.720219999999999860e-03,-1.808554000000000064e-02
9.132800000000000380e-04,-1.286701999999999985e-02,-1.291824000000000097e-02
9.133440000000000699e-04,-2.573399999999999993e-03,-1.291824000000000097e-02
9.134080000000001018e-04,-7.720219999999999860e-03,-1.033459999999999934e-02
9.134720000000000253e-04,-7.720219999999999860e-03,-1.550189999999999901e-02
9.135360000000000572e-04,-1.286701999999999985e-02,-1.808554000000000064e-02
9.136000000000000891e-04,-1.286701999999999985e-02,-2.842019999999999963e-02
9.136640000000000126e-04,-1.029361999999999985e-02,-1.808554000000000064e-02
9.137280000000000445e-04,-7.720219999999999860e-03,-1.808554000000000064e-02
9.137920000000000764e-04,-7.720219999999999860e-03,-1.291824000000000097e-02
9.138560000000001083e-04,-2.573399999999999993e-03,-1.808554000000000064e-02
9.139200000000000318e-04,-1.029361999999999985e-02,-2.325279999999999708e-02
9.139840000000000637e-04,-5.146819999999999867e-03,-1.808554000000000064e-02
9.140480000000000957e-04,-1.286701999999999985e-02,-2.842019999999999963e-02
9.141120000000000191e-04,-1.801383999999999971e-02,-1.033459999999999934e-02
9.141760000000000511e-04,-1.286701999999999985e-02,-1.033459999999999934e-02
9.142400000000000830e-04,-1.029361999999999985e-02,-1.033459999999999934e-02
9.143040000000000065e-04,-7.720219999999999860e-03,-1.550189999999999901e-02
9.143680000000000384e-04,-1.029361999999999985e-02,-1.808554000000000064e-02
9.144320000000000703e-04,-1.544043999999999972e-02,-1.550189999999999901e-02
9.144960000000001022e-04,-2.573399999999999993e-03,-2.583639999999999895e-02
9.145600000000000257e-04,-7.720219999999999860e-03,-1.550189999999999901e-02
9.146240000000000576e-04,-1.029361999999999985e-02,-1.033459999999999934e-02
9.146880000000000895e-04,-7.720219999999999860e-03,-2.583639999999999895e-02
9.147520000000000130e-04,-1.029361999999999985e-02,-1.291824000000000097e-02
9.148160000000000449e-04,-1.544043999999999972e-02,-1.291824000000000097e-02
9.148800000000000768e-04,-1.544043999999999972e-02,-1.808554000000000064e-02
9.149440000000001088e-04,-1.029361999999999985e-02,-1.550189999999999901e-02
9.150080000000000323e-04,-1.286701999999999985e-02,-1.291824000000000097e-02
9.150720000000000642e-04,-1.286701999999999985e-02,-2.066919999999999868e-02
9.151360000000000961e-04,-1.544043999999999972e-02,-1.808554000000000064e-02
9.152000000000000196e-04,-7.720219999999999860e-03,-2.325279999999999708e-02
9.152640000000000515e-04,-1.029361999999999985e-02,-1.550189999999999901e-02
9.153280000000000834e-04,-1.029361999999999985e-02,-2.066919999999999868e-02
9.153920000000000069e-04,-1.286701999999999985e-02,-1.291824000000000097e-02
9.154560000000000388e-04,-1.029361999999999985e-02,-1.550189999999999901e-02
9.155200000000000707e-04,-1.286701999999999985e-02,-1.808554000000000064e-02
9.155840000000001026e-04,-1.801383999999999971e-02,-1.033459999999999934e-02
9.156480000000000261e-04,-1.286701999999999985e-02,-1.550189999999999901e-02
9.157120000000000580e-04,-1.029361999999999985e-02,-1.808554000000000064e-02
9.157760000000000900e-04,-5.146819999999999867e-03,-1.808554000000000064e-02
9.158400000000000134e-04,-1.286701999999999985e-02,-2.066919999999999868e-02
9.159040000000000454e-04,-1.286701999999999985e-02,-1.033459999999999934e-02
9.159680000000000773e-04,0.000000000000000000e+00,-2.325279999999999708e-02
9.160320000000001092e-04,-1.029361999999999985e-02,-1.550189999999999901e-02
9.160960000000000327e-04,-1.286701999999999985e-02,-2.325279999999999708e-02
9.161600000000000646e-04,-1.286701999999999985e-02,-1.808554000000000064e-02
9.162240000000000965e-04,-1.286701999999999985e-02,-1.550189999999999901e-02
9.162880000000000200e-04,-2.058719999999999994e-02,-2.066919999999999868e-02
9.163520000000000519e-04,-1.544043999999999972e-02,-7.750940000000000434e-03
9.164160000000000838e-04,-1.801383999999999971e-02,-1.033459999999999934e-02
9.164800000000000073e-04,-1.286701999999999985e-02,-1.808554000000000064e-02
9.165440000000000392e-04,-1.286701999999999985e-02,-1.550189999999999901e-02
9.166080000000000711e-04,-1.029361999999999985e-02,-2.325279999999999708e-02
9.166720000000001031e-04,-1.544043999999999972e-02,-1.033459999999999934e-02
9.167360000000000265e-04,-7.720219999999999860e-03,-1.291824000000000097e-02
9.168000000000000585e-04,-1.029361999999999985e-02,-1.808554000000000064e-02
9.168640000000000904e-04,-1.286701999999999985e-02,-1.550189999999999901e-02
9.169280000000000139e-04,-1.544043999999999972e-02,-1.808554000000000064e-02
9.169920000000000458e-04,-1.029361999999999985e-02,-1.550189999999999901e-02
9.170560000000000777e-04,-1.029361999999999985e-02,-5.167299999999999671e-03
9.171200000000001096e-04,-2.058719999999999994e-02,-1.550189999999999901e-02
9.171840000000000331e-04,-1.544043999999999972e-02,-1.550189999999999901e-02
9.172480000000000650e-04,-1.544043999999999972e-02,-1.550189999999999901e-02
9.173120000000000969e-04,-1.801383999999999971e-02,-2.066919999999999868e-02
9.173760000000000204e-04,-2.058719999999999994e-02,-1.550189999999999901e-02
9.174400000000000523e-04,-2.573399999999999993e-02,-1.033459999999999934e-02
9.175040000000000842e-04,-1.544043999999999972e-02,-1.808554000000000064e-02
9.175680000000000077e-04,-1.286701999999999985e-02,-1.033459999999999934e-02
9.176320000000000397e-04,-1.286701999999999985e-02,-1.808554000000000064e-02
9.176960000000000716e-04,-1.286701999999999985e-02,-1.550189999999999901e-02
9.177600000000001035e-04,-1.544043999999999972e-02,-2.066919999999999868e-02
9.178240000000000270e-04,-1.544043999999999972e-02,-1.550189999999999901e-02
9.178880000000000589e-04,-1.544043999999999972e-02,-1.291824000000000097e-02
9.179520000000000908e-04,-1.286701999999999985e-02,-2.066919999999999868e-02
9.180160000000000143e-04,-2.058719999999999994e-02,-1.550189999999999901e-02
9.180800000000000462e-04,-7.720219999999999860e-03,-1.033459999999999934e-02
9.181440000000000781e-04,-1.801383999999999971e-02,-2.066919999999999868e-02
9.182080000000001100e-04,-7.720219999999999860e-03,-1.291824000000000097e-02
9.182720000000000335e-04,-2.058719999999999994e-02,-1.291824000000000097e-02
9.183360000000000654e-04,-1.286701999999999985e-02,-2.066919999999999868e-02
9.184000000000000974e-04,-1.029361999999999985e-02,-1.033459999999999934e-02
9.184640000000000208e-04,-2.316059999999999994e-02,-1.550189999999999901e-02
9.185280000000000528e-04,-1.029361999999999985e-02,-2.066919999999999868e-02
9.185920000000000847e-04,-1.029361999999999985e-02,-1.291824000000000097e-02
9.186560000000000082e-04,-1.544043999999999972e-02,-1.550189999999999901e-02
9.187200000000000401e-04,-1.544043999999999972e-02,-1.033459999999999934e-02
9.187840000000000720e-04,-1.029361999999999985e-02,-7.750940000000000434e-03
9.188480000000001039e-04,-1.286701999999999985e-02,-1.550189999999999901e-02
9.189120000000000274e-04,-2.058719999999999994e-02,-1.550189999999999901e-02
9.189760000000000593e-04,-1.286701999999999985e-02,-1.291824000000000097e-02
9.190400000000000912e-04,-1.801383999999999971e-02,-1.291824000000000097e-02
9.191040000000000147e-04,-1.544043999999999972e-02,-1.550189999999999901e-02
9.191680000000000466e-04,-1.544043999999999972e-02,-1.550189999999999901e-02
9.192320000000000785e-04,-1.544043999999999972e-02,-1.808554000000000064e-02
9.192960000000001105e-04,-1.029361999999999985e-02,-1.033459999999999934e-02
9.193600000000000340e-04,-1.029361999999999985e-02,-1.808554000000000064e-02
9.194240000000000659e-04,-1.801383999999999971e-02,-1.808554000000000064e-02
9.194880000000000978e-04,-2.316059999999999994e-02,-1.550189999999999901e-02
9.195520000000000213e-04,-1.029361999999999985e-02,-1.033459999999999934e-02
9.196160000000000532e-04,-1.801383999999999971e-02,-1.550189999999999901e-02
9.196800000000000851e-04,-7.720219999999999860e-03,-1.291824000000000097e-02
9.197440000000000086e-04,-1.286701999999999985e-02,-1.033459999999999934e-02
9.198080000000000405e-04,-1.029361999999999985e-02,-1.808554000000000064e-02
9.198720000000000724e-04,-1.029361999999999985e-02,-2.066919999999999868e-02
9.199360000000001043e-04,-5.146819999999999867e-03,-1.808554000000000064e-02
9.200000000000000278e-04,-1.544043999999999972e-02,-2.066919999999999868e-02
9.200640000000000597e-04,-1.286701999999999985e-02,-1.808554000000000064e-02
9.201280000000000917e-04,-1.286701999999999985e-02,-1.550189999999999901e-02
9.201920000000000151e-04,-1.544043999999999972e-02,-1.808554000000000064e-02
9.202560000000000471e-04,-1.801383999999999971e-02,-1.291824000000000097e-02
9.203200000000000790e-04,-1.286701999999999985e-02,-1.291824000000000097e-02
9.203840000000001109e-04,-2.058719999999999994e-02,-1.291824000000000097e-02
9.204480000000000344e-04,-1.029361999999999985e-02,-1.291824000000000097e-02
9.205120000000000663e-04,-1.029361999999999985e-02,-7.750940000000000434e-03
9.205760000000000982e-04,-1.801383999999999971e-02,-7.750940000000000434e-03
9.206400000000000217e-04,-7.720219999999999860e-03,-1.033459999999999934e-02
9.207040000000000536e-04,-1.286701999999999985e-02,-1.550189999999999901e-02
9.207680000000000855e-04,-1.286701999999999985e-02,-2.066919999999999868e-02
9.208320000000000090e-04,-1.544043999999999972e-02,-1.550189999999999901e-02
9.208960000000000409e-04,-7.720219999999999860e-03,-1.550189999999999901e-02
9.209600000000000728e-04,-1.544043999999999972e-02,-1.291824000000000097e-02
9.210240000000001048e-04,-1.029361999999999985e-02,-1.808554000000000064e-02
9.210880000000000283e-04,-1.801383999999999971e-02,-1.550189999999999901e-02
9.211520000000000602e-04,-7.720219999999999860e-03,-1.550189999999999901e-02
9.212160000000000921e-04,-1.286701999999999985e-02,-7.750940000000000434e-03
9.212800000000000156e-04,-1.544043999999999972e-02,-1.033459999999999934e-02
9.213440000000000475e-04,-1.286701999999999985e-02,-1.808554000000000064e-02
9.214080000000000794e-04,-1.286701999999999985e-02,-1.550189999999999901e-02
9.214720000000001113e-04,-1.544043999999999972e-02,-1.550189999999999901e-02
9.215360000000000348e-04,-2.058719999999999994e-02,-1.808554000000000064e-02
9.216000000000000667e-04,-1.801383999999999971e-02,-1.550189999999999901e-02
9.216640000000000986e-04,-7.720219999999999860e-03,-1.291824000000000097e-02
9.217280000000000221e-04,-1.544043999999999972e-02,-1.291824000000000097e-02
9.217920000000000540e-04,-1.544043999999999972e-02,-1.033459999999999934e-02
9.218560000000000859e-04,-1.286701999999999985e-02,-7.750940000000000434e-03
9.219200000000000094e-04,-1.029361999999999985e-02,-2.325279999999999708e-02
9.219840000000000414e-04,-1.286701999999999985e-02,-1.291824000000000097e-02
9.220480000000000733e-04,-1.029361999999999985e-02,-1.291824000000000097e-02
9.221120000000001052e-04,-2.058719999999999994e-02,-1.291824000000000097e-02
9.221760000000000287e-04,-1.544043999999999972e-02,-1.550189999999999901e-02
9.222400000000000606e-04,-1.544043999999999972e-02,-5.167299999999999671e-03
9.223040000000000925e-04,-1.286701999999999985e-02,-1.033459999999999934e-02
9.223680000000000160e-04,-1.286701999999999985e-02,-1.550189999999999901e-02
9.224320000000000479e-04,-2.058719999999999994e-02,-7.750940000000000434e-03
9.224960000000000798e-04,-1.544043999999999972e-02,-1.033459999999999934e-02
9.225600000000000033e-04,-1.029361999999999985e-02,-1.291824000000000097e-02
9.226240000000000352e-04,-1.801383999999999971e-02,-1.291824000000000097e-02
9.226880000000000671e-04,-2.058719999999999994e-02,-1.033459999999999934e-02
9.227520000000000991e-04,-1.029361999999999985e-02,-1.033459999999999934e-02
9.228160000000000225e-04,-1.286701999999999985e-02,-1.291824000000000097e-02
9.228800000000000545e-04,-1.286701999999999985e-02,-5.167299999999999671e-03
9.229440000000000864e-04,-1.544043999999999972e-02,-7.750940000000000434e-03
9.230080000000000099e-04,-1.544043999999999972e-02,-1.291824000000000097e-02
9.230720000000000418e-04,-1.286701999999999985e-02,-1.033459999999999934e-02
9.231360000000000737e-04,-1.029361999999999985e-02,-7.750940000000000434e-03
9.232000000000001056e-04,-1.544043999999999972e-02,-1.550189999999999901e-02
9.232640000000000291e-04,-1.801383999999999971e-02,-5.167299999999999671e-03
9.233280000000000610e-04,-2.316059999999999994e-02,-1.550189999999999901e-02
9.233920000000000929e-04,-1.544043999999999972e-02,-1.550189999999999901e-02
9.234560000000000164e-04,-2.058719999999999994e-02,-1.033459999999999934e-02
9.235200000000000483e-04,-1.801383999999999971e-02,-1.033459999999999934e-02
9.235840000000000802e-04,-1.801383999999999971e-02,-2.066919999999999868e-02
9.236480000000000037e-04,-1.029361999999999985e-02,-5.167299999999999671e-03
9.237120000000000357e-04,-2.058719999999999994e-02,-1.550189999999999901e-02
9.237760000000000676e-04,-1.801383999999999971e-02,-1.291824000000000097e-02
9.238400000000000995e-04,-1.544043999999999972e-02,-5.167299999999999671e-03
9.239040000000000230e-04,-2.316059999999999994e-02,-1.033459999999999934e-02
9.239680000000000549e-04,-2.058719999999999994e-02,-1.291824000000000097e-02
9.240320000000000868e-04,-1.286701999999999985e-02,-1.291824000000000097e-02
9.240960000000000103e-04,-1.801383999999999971e-02,-1.550189999999999901e-02
9.241600000000000422e-04,-1.544043999999999972e-02,-7.750940000000000434e-03
9.242240000000000741e-04,-1.801383999999999971e-02,-1.291824000000000097e-02
9.242880000000001060e-04,-1.544043999999999972e-02,5.167299999999999671e-03
9.243520000000000295e-04,-2.316059999999999994e-02,-7.750940000000000434e-03
9.244160000000000614e-04,-1.544043999999999972e-02,-1.291824000000000097e-02
9.244800000000000934e-04,-1.801383999999999971e-02,-7.750940000000000434e-03
9.245440000000000168e-04,-1.544043999999999972e-02,-1.550189999999999901e-02
9.246080000000000488e-04,-5.146819999999999867e-03,-5.167299999999999671e-03
9.246720000000000807e-04,-1.286701999999999985e-02,-1.291824000000000097e-02
9.247360000000000042e-04,-1.801383999999999971e-02,-7.750940000000000434e-03
9.248000000000000361e-04,-1.029361999999999985e-02,-5.167299999999999671e-03
9.248640000000000680e-04,-1.801383999999999971e-02,-5.167299999999999671e-03
9.249280000000000999e-04,-1.286701999999999985e-02,-1.033459999999999934e-02
9.249920000000000234e-04,-2.058719999999999994e-02,-7.750940000000000434e-03
9.250560000000000553e-04,-2.058719999999999994e-02,-1.033459999999999934e-02
9.251200000000000872e-04,-1.286701999999999985e-02,-1.550189999999999901e-02
9.251840000000000107e-04,-1.286701999999999985e-02,-1.291824000000000097e-02
9.252480000000000426e-04,-1.544043999999999972e-02,0.000000000000000000e+00
9.253120000000000745e-04,-1.544043999999999972e-02,-1.550189999999999901e-02
9.253760000000001065e-04,-1.544043999999999972e-02,-1.033459999999999934e-02
9.254400000000000300e-04,-1.544043999999999972e-02,-7.750940000000000434e-03
9.255040000000000619e-04,-1.286701999999999985e-02,-7.750940000000000434e-03
9.255680000000000938e-04,-1.286701999999999985e-02,-1.291824000000000097e-02
9.256320000000000173e-04,-1.801383999999999971e-02,-1.291824000000000097e-02
9.256960000000000492e-04,-1.286701999999999985e-02,-1.033459999999999934e-02
9.257600000000000811e-04,-1.544043999999999972e-02,-5.167299999999999671e-03
9.258240000000000046e-04,-2.058719999999999994e-02,-7.750940000000000434e-03
9.258880000000000365e-04,-1.029361999999999985e-02,-5.167299999999999671e-03
9.259520000000000684e-04,-1.286701999999999985e-02,0.000000000000000000e+00
9.260160000000001003e-04,-2.058719999999999994e-02,-1.033459999999999934e-02
9.260800000000000238e-04,-1.029361999999999985e-02,-7.750940000000000434e-03
9.261440000000000557e-04,-1.029361999999999985e-02,-1.033459999999999934e-02
9.262080000000000876e-04,-7.720219999999999860e-03,-1.291824000000000097e-02
9.262720000000000111e-04,-1.286701999999999985e-02,0.000000000000000000e+00
9.263360000000000431e-04,-7.720219999999999860e-03,-1.033459999999999934e-02
9.264000000000000750e-04,-1.286701999999999985e-02,-1.291824000000000097e-02
9.264640000000001069e-04,-7.720219999999999860e-03,-1.033459999999999934e-02
9.265280000000000304e-04,-1.801383999999999971e-02,-7.750940000000000434e-03
9.265920000000000623e-04,-1.029361999999999985e-02,-5.167299999999999671e-03
9.266560000000000942e-04,-1.286701999999999985e-02,-1.033459999999999934e-02
9.267200000000000177e-04,-1.286701999999999985e-02,-5.167299999999999671e-03
9.267840000000000496e-04,-1.029361999999999985e-02,-1.033459999999999934e-02
9.268480000000000815e-04,-1.029361999999999985e-02,-1.291824000000000097e-02
9.269120000000000050e-04,-2.573399999999999993e-03,-7.750940000000000434e-03
9.269760000000000369e-04,-7.720219999999999860e-03,-1.550189999999999901e-02
9.270400000000000688e-04,-7.720219999999999860e-03,-7.750940000000000434e-03
9.271040000000001008e-04,-1.544043999999999972e-02,-1.033459999999999934e-02
9.271680000000000242e-04,-1.029361999999999985e-02,-7.750940000000000434e-03
9.272320000000000562e-04,-1.029361999999999985e-02,-1.033459999999999934e-02
9.272960000000000881e-04,-1.801383999999999971e-02,-1.550189999999999901e-02
9.273600000000000116e-04,-5.146819999999999867e-03,-1.033459999999999934e-02
9.274240000000000435e-04,-7.720219999999999860e-03,-1.550189999999999901e-02
9.274880000000000754e-04,-1.029361999999999985e-02,-1.808554000000000064e-02
9.275520000000001073e-04,-1.286701999999999985e-02,-1.033459999999999934e-02
9.276160000000000308e-04,-1.286701999999999985e-02,-1.033459999999999934e-02
9.276800000000000627e-04,-2.058719999999999994e-02,-1.808554000000000064e-02
9.277440000000000946e-04,-5.146819999999999867e-03,-1.291824000000000097e-02
9.278080000000000181e-04,-1.029361999999999985e-02,-7.750940000000000434e-03
9.278720000000000500e-04,-1.286701999999999985e-02,-7.750940000000000434e-03
9.279360000000000819e-04,-5.146819999999999867e-03,-2.066919999999999868e-02
9.280000000000000054e-04,-1.286701999999999985e-02,-1.291824000000000097e-02
9.280640000000000374e-04,-1.544043999999999972e-02,-1.291824000000000097e-02
9.281280000000000693e-04,-1.029361999999999985e-02,-1.291824000000000097e-02
9.281920000000001012e-04,-7.720219999999999860e-03,-1.550189999999999901e-02
9.282560000000000247e-04,-5.146819999999999867e-03,-1.291824000000000097e-02
9.283200000000000566e-04,-1.029361999999999985e-02,-1.291824000000000097e-02
9.283840000000000885e-04,-7.720219999999999860e-03,-1.550189999999999901e-02
9.284480000000000120e-04,-5.146819999999999867e-03,-1.808554000000000064e-02
9.285120000000000439e-04,-1.286701999999999985e-02,-1.550189999999999901e-02
9.285760000000000758e-04,-7.720219999999999860e-03,-1.291824000000000097e-02
9.286400000000001077e-04,-1.801383999999999971e-02,-1.291824000000000097e-02
9.287040000000000312e-04,-5.146819999999999867e-03,-1.291824000000000097e-02
9.287680000000000631e-04,-1.286701999999999985e-02,-7.750940000000000434e-03
9.288320000000000951e-04,-7.720219999999999860e-03,-1.291824000000000097e-02
9.288960000000000185e-04,-1.029361999999999985e-02,-1.033459999999999934e-02
9.289600000000000505e-04,-7.720219999999999860e-03,-1.291824000000000097e-02
9.290240000000000824e-04,-1.286701999999999985e-02,-1.550189999999999901e-02
9.290880000000000059e-04,-5.146819999999999867e-03,-7.750940000000000434e-03
9.291520000000000378e-04,-1.801383999999999971e-02,-1.808554000000000064e-02
9.292160000000000697e-04,-7.720219999999999860e-03,-1.291824000000000097e-02
9.292800000000001016e-04,-7.720219999999999860e-03,-1.291824000000000097e-02
9.293440000000000251e-04,-5.146819999999999867e-03,-1.033459999999999934e-02
9.294080000000000570e-04,-1.286701999999999985e-02,-1.291824000000000097e-02
9.294720000000000889e-04,-5.146819999999999867e-03,-1.291824000000000097e-02
9.295360000000000124e-04,-1.029361999999999985e-02,-1.808554000000000064e-02
9.296000000000000443e-04,-2.573399999999999993e-03,-1.291824000000000097e-02
9.296640000000000762e-04,-7.720219999999999860e-03,-1.291824000000000097e-02
9.297280000000001082e-04,-5.146819999999999867e-03,-1.550189999999999901e-02
9.297920000000000317e-04,-2.316059999999999994e-02,-1.808554000000000064e-02
9.298560000000000636e-04,-1.029361999999999985e-02,-1.550189999999999901e-02
9.299200000000000955e-04,-7.720219999999999860e-03,-1.550189999999999901e-02
9.299840000000000190e-04,-1.544043999999999972e-02,-1.550189999999999901e-02
9.300480000000000509e-04,-7.720219999999999860e-03,-1.808554000000000064e-02
9.301120000000000828e-04,-1.286701999999999985e-02,-1.033459999999999934e-02
9.301760000000000063e-04,-5.146819999999999867e-03,-1.550189999999999901e-02
9.302400000000000382e-04,0.000000000000000000e+00,-1.808554000000000064e-02
9.303040000000000701e-04,-5.146819999999999867e-03,-1.291824000000000097e-02
9.303680000000001020e-04,-2.573399999999999993e-03,-1.808554000000000064e-02
9.304320000000000255e-04,-5.146819999999999867e-03,-1.550189999999999901e-02
9.304960000000000574e-04,-5.146819999999999867e-03,-2.066919999999999868e-02
9.305600000000000893e-04,-2.573399999999999993e-03,-1.033459999999999934e-02
9.306240000000000128e-04,-2.573399999999999993e-03,-2.066919999999999868e-02
9.306880000000000448e-04,-5.146819999999999867e-03,-1.808554000000000064e-02
9.307520000000000767e-04,-2.573399999999999993e-03,-1.291824000000000097e-02
9.308160000000001086e-04,-7.720219999999999860e-03,-1.291824000000000097e-02
9.308800000000000321e-04,0.000000000000000000e+00,-1.550189999999999901e-02
9.309440000000000640e-04,-2.573399999999999993e-03,-1.550189999999999901e-02
9.310080000000000959e-04,-1.029361999999999985e-02,-1.550189999999999901e-02
9.310720000000000194e-04,-7.720219999999999860e-03,-2.066919999999999868e-02
9.311360000000000513e-04,-5.146819999999999867e-03,-1.033459999999999934e-02
9.312000000000000832e-04,-1.029361999999999985e-02,-1.550189999999999901e-02
9.312640000000000067e-04,-7.720219999999999860e-03,-1.808554000000000064e-02
9.313280000000000386e-04,-7.720219999999999860e-03,-2.066919999999999868e-02
9.313920000000000705e-04,-1.286701999999999985e-02,-1.808554000000000064e-02
9.314560000000001025e-04,-1.286701999999999985e-02,-1.291824000000000097e-02
9.315200000000000259e-04,-1.544043999999999972e-02,-1.808554000000000064e-02
9.315840000000000579e-04,-1.544043999999999972e-02,-1.033459999999999934e-02
9.316480000000000898e-04,-5.146819999999999867e-03,-1.550189999999999901e-02
9.317120000000000133e-04,-2.573399999999999993e-03,-1.291824000000000097e-02
9.317760000000000452e-04,-2.573399999999999993e-03,-1.291824000000000097e-02
9.318400000000000771e-04,-5.146819999999999867e-03,-1.291824000000000097e-02
9.319040000000001090e-04,-1.286701999999999985e-02,-1.808554000000000064e-02
9.319680000000000325e-04,-5.146819999999999867e-03,-1.291824000000000097e-02
9.320320000000000644e-04,-5.146819999999999867e-03,-1.291824000000000097e-02
9.320960000000000963e-04,-1.029361999999999985e-02,-1.808554000000000064e-02
9.321600000000000198e-04,-1.029361999999999985e-02,-2.325279999999999708e-02
9.322240000000000517e-04,-1.029361999999999985e-02,-1.291824000000000097e-02
9.322880000000000836e-04,-5.146819999999999867e-03,-2.066919999999999868e-02
9.323520000000000071e-04,-1.029361999999999985e-02,-1.808554000000000064e-02
9.324160000000000391e-04,-7.720219999999999860e-03,-2.066919999999999868e-02
9.324800000000000710e-04,-7.720219999999999860e-03,-2.066919999999999868e-02
9.325440000000001029e-04,-1.029361999999999985e-02,-2.583639999999999895e-02
9.326080000000000264e-04,-1.029361999999999985e-02,-1.808554000000000064e-02
9.326720000000000583e-04,-1.286701999999999985e-02,-1.291824000000000097e-02
9.327360000000000902e-04,-1.029361999999999985e-02,-1.550189999999999901e-02
9.328000000000000137e-04,-1.801383999999999971e-02,-1.550189999999999901e-02
9.328640000000000456e-04,-5.146819999999999867e-03,-1.808554000000000064e-02
9.329280000000000775e-04,-5.146819999999999867e-03,-1.550189999999999901e-02
9.329920000000001094e-04,-2.573399999999999993e-03,-2.066919999999999868e-02
9.330560000000000329e-04,-1.029361999999999985e-02,-1.808554000000000064e-02
9.331200000000000648e-04,-7.720219999999999860e-03,-1.291824000000000097e-02
9.331840000000000968e-04,-2.573399999999999993e-03,-1.291824000000000097e-02
9.332480000000000202e-04,-1.029361999999999985e-02,-2.066919999999999868e-02
9.333120000000000522e-04,-7.720219999999999860e-03,-1.550189999999999901e-02
9.333760000000000841e-04,-5.146819999999999867e-03,-1.033459999999999934e-02
9.334400000000000076e-04,-1.286701999999999985e-02,-1.550189999999999901e-02
9.335040000000000395e-04,-1.029361999999999985e-02,-1.808554000000000064e-02
9.335680000000000714e-04,-7.720219999999999860e-03,-5.167299999999999671e-03
9.336320000000001033e-04,-1.029361999999999985e-02,-1.291824000000000097e-02
9.336960000000000268e-04,-1.544043999999999972e-02,-2.583639999999999895e-02
9.337600000000000587e-04,-1.544043999999999972e-02,-1.808554000000000064e-02
9.338240000000000906e-04,-1.544043999999999972e-02,-1.291824000000000097e-02
9.338880000000000141e-04,-1.544043999999999972e-02,-1.808554000000000064e-02
9.339520000000000460e-04,-1.544043999999999972e-02,-1.291824000000000097e-02
9.340160000000000779e-04,-1.286701999999999985e-02,-1.291824000000000097e-02
9.340800000000001099e-04,-7.720219999999999860e-03,-1.033459999999999934e-02
9.341440000000000334e-04,-1.286701999999999985e-02,-1.033459999999999934e-02
9.342080000000000653e-04,-1.286701999999999985e-02,-1.550189999999999901e-02
9.342720000000000972e-04,-1.801383999999999971e-02,-1.550189999999999901e-02
9.343360000000000207e-04,-1.029361999999999985e-02,-1.808554000000000064e-02
9.344000000000000526e-04,-7.720219999999999860e-03,-2.325279999999999708e-02
9.344640000000000845e-04,-2.573399999999999993e-02,-1.291824000000000097e-02
9.345280000000000080e-04,-1.286701999999999985e-02,-1.291824000000000097e-02
9.345920000000000399e-04,-2.316059999999999994e-02,-1.291824000000000097e-02
9.346560000000000718e-04,-1.544043999999999972e-02,-1.550189999999999901e-02
9.347200000000001037e-04,-7.720219999999999860e-03,-2.066919999999999868e-02
9.347840000000000272e-04,-1.286701999999999985e-02,-1.291824000000000097e-02
9.348480000000000591e-04,-1.286701999999999985e-02,-1.550189999999999901e-02
9.349120000000000911e-04,-1.544043999999999972e-02,-1.033459999999999934e-02
9.349760000000000145e-04,-1.544043999999999972e-02,-1.550189999999999901e-02
9.350400000000000465e-04,-1.286701999999999985e-02,-5.167299999999999671e-03
9.351040000000000784e-04,-1.029361999999999985e-02,-1.808554000000000064e-02
9.351680000000001103e-04,-1.029361999999999985e-02,-1.291824000000000097e-02
9.352320000000000338e-04,-1.286701999999999985e-02,-1.550189999999999901e-02
9.352960000000000657e-04,-5.146819999999999867e-03,-1.550189999999999901e-02
9.353600000000000976e-04,-1.286701999999999985e-02,-2.325279999999999708e-02
9.354240000000000211e-04,-1.029361999999999985e-02,-7.750940000000000434e-03
9.354880000000000530e-04,-1.286701999999999985e-02,-1.550189999999999901e-02
9.355520000000000849e-04,-1.029361999999999985e-02,-1.808554000000000064e-02
9.356160000000000084e-04,-1.801383999999999971e-02,-1.550189999999999901e-02
9.356800000000000403e-04,-7.720219999999999860e-03,-1.033459999999999934e-02
9.357440000000000722e-04,-2.316059999999999994e-02,-1.033459999999999934e-02
9.358080000000001042e-04,-2.058719999999999994e-02,-1.550189999999999901e-02
9.358720000000000276e-04,-1.286701999999999985e-02,-1.033459999999999934e-02
9.359360000000000596e-04,-1.286701999999999985e-02,-1.808554000000000064e-02
9.360000000000000915e-04,-5.146819999999999867e-03,-1.291824000000000097e-02
9.360640000000000150e-04,-1.286701999999999985e-02,-1.550189999999999901e-02
9.361280000000000469e-04,-1.286701999999999985e-02,-1.033459999999999934e-02
9.361920000000000788e-04,-1.029361999999999985e-02,-2.325279999999999708e-02
9.362560000000001107e-04,-1.286701999999999985e-02,-1.291824000000000097e-02
9.363200000000000342e-04,-1.286701999999999985e-02,-1.291824000000000097e-02
9.363840000000000661e-04,-7.720219999999999860e-03,-1.808554000000000064e-02
9.364480000000000980e-04,-1.029361999999999985e-02,-2.583640000000000329e-03
9.365120000000000215e-04,-1.544043999999999972e-02,-1.291824000000000097e-02
9.365760000000000534e-04,-1.029361999999999985e-02,-7.750940000000000434e-03
9.366400000000000853e-04,-2.058719999999999994e-02,-1.808554000000000064e-02
9.367040000000000088e-04,-1.286701999999999985e-02,-1.550189999999999901e-02
9.367680000000000408e-04,-2.058719999999999994e-02,-1.550189999999999901e-02
9.368320000000000727e-04,-2.058719999999999994e-02,-1.033459999999999934e-02
9.368960000000001046e-04,-2.316059999999999994e-02,-1.808554000000000064e-02
9.369600000000000281e-04,-1.029361999999999985e-02,-7.750940000000000434e-03
9.370240000000000600e-04,-7.720219999999999860e-03,-1.550189999999999901e-02
9.370880000000000919e-04,-1.029361999999999985e-02,-1.291824000000000097e-02
9.371520000000000154e-04,-1.286701999999999985e-02,-2.066919999999999868e-02
9.372160000000000473e-04,-2.058719999999999994e-02,-1.291824000000000097e-02
9.372800000000000792e-04,-1.544043999999999972e-02,-1.033459999999999934e-02
9.373440000000001111e-04,-1.801383999999999971e-02,-5.167299999999999671e-03
9.374080000000000346e-04,-1.286701999999999985e-02,-1.550189999999999901e-02
9.374720000000000665e-04,-1.801383999999999971e-02,-7.750940000000000434e-03
9.375360000000000985e-04,-1.029361999999999985e-02,-1.291824000000000097e-02
9.376000000000000219e-04,-1.801383999999999971e-02,-1.033459999999999934e-02
9.376640000000000539e-04,-1.544043999999999972e-02,-1.291824000000000097e-02
9.377280000000000858e-04,-2.316059999999999994e-02,-1.033459999999999934e-02
9.377920000000000093e-04,-1.286701999999999985e-02,-1.550189999999999901e-02
9.378560000000000412e-04,-1.801383999999999971e-02,-1.291824000000000097e-02
9.379200000000000731e-04,-1.286701999999999985e-02,-7.750940000000000434e-03
9.379840000000001050e-04,-1.029361999999999985e-02,-1.550189999999999901e-02
9.380480000000000285e-04,-1.544043999999999972e-02,-1.291824000000000097e-02
9.381120000000000604e-04,-1.029361999999999985e-02,-1.808554000000000064e-02
9.381760000000000923e-04,-1.801383999999999971e-02,-1.291824000000000097e-02
9.382400000000000158e-04,-2.058719999999999994e-02,-1.291824000000000097e-02
9.383040000000000477e-04,-1.801383999999999971e-02,-5.167299999999999671e-03
9.383680000000000796e-04,-1.544043999999999972e-02,-1.550189999999999901e-02
9.384320000000001116e-04,-1.029361999999999985e-02,-7.750940000000000434e-03
9.384960000000000351e-04,-1.544043999999999972e-02,-1.291824000000000097e-02
9.385600000000000670e-04,-7.720219999999999860e-03,-7.750940000000000434e-03
9.386240000000000989e-04,-1.801383999999999971e-02,-1.291824000000000097e-02
9.386880000000000224e-04,-2.058719999999999994e-02,-1.550189999999999901e-02
9.387520000000000543e-04,-1.801383999999999971e-02,-5.167299999999999671e-03
9.388160000000000862e-04,-1.544043999999999972e-02,-1.291824000000000097e-02
9.388800000000000097e-04,-1.544043999999999972e-02,-1.550189999999999901e-02
9.389440000000000416e-04,-1.801383999999999971e-02,-7.750940000000000434e-03
9.390080000000000735e-04,-2.316059999999999994e-02,-1.291824000000000097e-02
9.390720000000001054e-04,-1.801383999999999971e-02,-5.167299999999999671e-03
9.391360000000000289e-04,-1.544043999999999972e-02,-5.167299999999999671e-03
9.392000000000000608e-04,-1.544043999999999972e-02,-1.033459999999999934e-02
9.392640000000000928e-04,-1.286701999999999985e-02,-1.033459999999999934e-02
9.393280000000000162e-04,-1.029361999999999985e-02,-1.291824000000000097e-02
9.393920000000000482e-04,-1.544043999999999972e-02,-1.808554000000000064e-02
9.394560000000000801e-04,-1.029361999999999985e-02,-1.550189999999999901e-02
9.395200000000001120e-04,-1.544043999999999972e-02,-1.291824000000000097e-02
9.395840000000000355e-04,-1.286701999999999985e-02,-7.750940000000000434e-03
9.396480000000000674e-04,-1.029361999999999985e-02,-1.808554000000000064e-02
9.397120000000000993e-04,-1.029361999999999985e-02,-1.033459999999999934e-02
9.397760000000000228e-04,-2.058719999999999994e-02,-1.291824000000000097e-02
9.398400000000000547e-04,-1.801383999999999971e-02,-1.550189999999999901e-02
9.399040000000000866e-04,-1.544043999999999972e-02,-1.808554000000000064e-02
9.399680000000000101e-04,-2.058719999999999994e-02,-1.291824000000000097e-02
9.400320000000000420e-04,-1.544043999999999972e-02,-1.033459999999999934e-02
9.400960000000000739e-04,-1.286701999999999985e-02,-5.167299999999999671e-03
9.401600000000001059e-04,-1.544043999999999972e-02,-1.550189999999999901e-02
9.402240000000000293e-04,-1.801383999999999971e-02,-1.550189999999999901e-02
9.402880000000000613e-04,-7.720219999999999860e-03,-7.750940000000000434e-03
9.403520000000000932e-04,-7.720219999999999860e-03,-1.291824000000000097e-02
9.404160000000000167e-04,-1.801383999999999971e-02,-1.291824000000000097e-02
9.404800000000000486e-04,-1.286701999999999985e-02,-1.033459999999999934e-02
9.405440000000000805e-04,-1.286701999999999985e-02,-1.033459999999999934e-02
9.406080000000001124e-04,-1.286701999999999985e-02,-1.291824000000000097e-02
9.406720000000000359e-04,-1.029361999999999985e-02,-1.808554000000000064e-02
9.407360000000000678e-04,-1.286701999999999985e-02,-1.033459999999999934e-02
9.408000000000000997e-04,-2.058719999999999994e-02,-1.033459999999999934e-02
9.408640000000000232e-04,-1.544043999999999972e-02,-1.291824000000000097e-02
9.409280000000000551e-04,-5.146819999999999867e-03,-1.033459999999999934e-02
9.409920000000000870e-04,-1.029361999999999985e-02,-1.291824000000000097e-02
9.410560000000000105e-04,-1.029361999999999985e-02,-1.033459999999999934e-02
9.411200000000000425e-04,-1.029361999999999985e-02,-5.167299999999999671e-03
9.411840000000000744e-04,-1.544043999999999972e-02,-5.167299999999999671e-03
9.412480000000001063e-04,-1.544043999999999972e-02,-5.167299999999999671e-03
9.413120000000000298e-04,-1.801383999999999971e-02,-1.808554000000000064e-02
9.413760000000000617e-04,-1.029361999999999985e-02,-5.167299999999999671e-03
9.414400000000000936e-04,-1.544043999999999972e-02,-1.808554000000000064e-02
9.415040000000000171e-04,-1.801383999999999971e-02,-7.750940000000000434e-03
9.415680000000000490e-04,-1.801383999999999971e-02,-1.808554000000000064e-02
9.416320000000000809e-04,-1.286701999999999985e-02,-1.808554000000000064e-02
9.416960000000001128e-04,-1.286701999999999985e-02,-1.550189999999999901e-02
9.417600000000000363e-04,-1.029361999999999985e-02,-1.033459999999999934e-02
9.418240000000000682e-04,-1.801383999999999971e-02,-1.291824000000000097e-02
9.418880000000001002e-04,-1.286701999999999985e-02,-1.291824000000000097e-02
9.419520000000000236e-04,-7.720219999999999860e-03,-1.808554000000000064e-02
9.420160000000000556e-04,-1.029361999999999985e-02,-1.808554000000000064e-02
9.420800000000000875e-04,0.000000000000000000e+00,-1.033459999999999934e-02
9.421440000000000110e-04,-5.146819999999999867e-03,-1.550189999999999901e-02
9.422080000000000429e-04,-5.146819999999999867e-03,-1.291824000000000097e-02
9.422720000000000748e-04,-5.146819999999999867e-03,-7.750940000000000434e-03
9.423360000000001067e-04,-2.573399999999999993e-03,-1.550189999999999901e-02
9.424000000000000302e-04,-7.720219999999999860e-03,-1.550189999999999901e-02
9.424640000000000621e-04,-1.029361999999999985e-02,-1.808554000000000064e-02
9.425280000000000940e-04,-1.029361999999999985e-02,-1.550189999999999901e-02
9.425920000000000175e-04,-1.286701999999999985e-02,-1.291824000000000097e-02
9.426560000000000494e-04,-1.286701999999999985e-02,-1.550189999999999901e-02
9.427200000000000813e-04,-1.286701999999999985e-02,-1.550189999999999901e-02
9.427840000000000048e-04,-7.720219999999999860e-03,-1.550189999999999901e-02
9.428480000000000368e-04,-1.286701999999999985e-02,-1.550189999999999901e-02
9.429120000000000687e-04,-1.801383999999999971e-02,-1.550189999999999901e-02
9.429760000000001006e-04,-1.286701999999999985e-02,-1.550189999999999901e-02
9.430400000000000241e-04,-7.720219999999999860e-03,-1.550189999999999901e-02
9.431040000000000560e-04,-7.720219999999999860e-03,-1.291824000000000097e-02
9.431680000000000879e-04,-1.544043999999999972e-02,-1.808554000000000064e-02
9.432320000000000114e-04,-1.029361999999999985e-02,-1.550189999999999901e-02
9.432960000000000433e-04,-1.801383999999999971e-02,-2.066919999999999868e-02
9.433600000000000752e-04,-5.146819999999999867e-03,-1.291824000000000097e-02
9.434240000000001071e-04,-1.286701999999999985e-02,-1.033459999999999934e-02
9.434880000000000306e-04,-1.029361999999999985e-02,-1.808554000000000064e-02
9.435520000000000625e-04,-7.720219999999999860e-03,-1.291824000000000097e-02
9.436160000000000945e-04,-1.029361999999999985e-02,-1.291824000000000097e-02
9.436800000000000179e-04,-7.720219999999999860e-03,-1.033459999999999934e-02
9.437440000000000499e-04,-7.720219999999999860e-03,-1.291824000000000097e-02
9.438080000000000818e-04,-7.720219999999999860e-03,-2.325279999999999708e-02
9.438720000000000053e-04,-1.286701999999999985e-02,-7.750940000000000434e-03
9.439360000000000372e-04,-7.720219999999999860e-03,-1.033459999999999934e-02
9.440000000000000691e-04,-7.720219999999999860e-03,-1.808554000000000064e-02
9.440640000000001010e-04,-7.720219999999999860e-03,-5.167299999999999671e-03
9.441280000000000245e-04,-1.286701999999999985e-02,-1.291824000000000097e-02
9.441920000000000564e-04,-7.720219999999999860e-03,-1.033459999999999934e-02
9.442560000000000883e-04,-1.286701999999999985e-02,-1.550189999999999901e-02
9.443200000000000118e-04,-7.720219999999999860e-03,-1.033459999999999934e-02
9.443840000000000437e-04,-2.573399999999999993e-03,-1.808554000000000064e-02
9.444480000000000756e-04,-5.146819999999999867e-03,-2.066919999999999868e-02
9.445120000000001076e-04,-1.286701999999999985e-02,-1.550189999999999901e-02
9.445760000000000310e-04,-1.029361999999999985e-02,-1.033459999999999934e-02
9.446400000000000630e-04,-7.720219999999999860e-03,-1.808554000000000064e-02
9.447040000000000949e-04,-1.286701999999999985e-02,-1.291824000000000097e-02
9.447680000000000184e-04,-1.029361999999999985e-02,-1.808554000000000064e-02
9.448320000000000503e-04,-2.573399999999999993e-03,-1.550189999999999901e-02
9.448960000000000822e-04,-2.573399999999999993e-03,-1.291824000000000097e-02
9.449600000000000057e-04,-5.146819999999999867e-03,-1.033459999999999934e-02
9.450240000000000376e-04,-5.146819999999999867e-03,-1.033459999999999934e-02
9.450880000000000695e-04,-7.720219999999999860e-03,-7.750940000000000434e-03
9.451520000000001014e-04,-2.573399999999999993e-03,-1.291824000000000097e-02
9.452160000000000249e-04,-5.146819999999999867e-03,-1.291824000000000097e-02
9.452800000000000568e-04,-7.720219999999999860e-03,-1.291824000000000097e-02
9.453440000000000887e-04,-1.544043999999999972e-02,-1.550189999999999901e-02
9.454080000000000122e-04,-7.720219999999999860e-03,-1.808554000000000064e-02
9.454720000000000442e-04,-1.029361999999999985e-02,-1.808554000000000064e-02
9.455360000000000761e-04,-1.286701999999999985e-02,-1.808554000000000064e-02
9.456000000000001080e-04,-2.573399999999999993e-03,-2.066919999999999868e-02
9.456640000000000315e-04,0.000000000000000000e+00,-1.291824000000000097e-02
9.457280000000000634e-04,0.000000000000000000e+00,-1.291824000000000097e-02
9.457920000000000953e-04,0.000000000000000000e+00,-1.291824000000000097e-02
9.458560000000000188e-04,-7.720219999999999860e-03,-1.550189999999999901e-02
9.459200000000000507e-04,-5.146819999999999867e-03,-1.550189999999999901e-02
9.459840000000000826e-04,2.573399999999999993e-03,-7.750940000000000434e-03
9.460480000000000061e-04,-5.146819999999999867e-03,-1.550189999999999901e-02
9.461120000000000380e-04,-7.720219999999999860e-03,-1.291824000000000097e-02
9.461760000000000699e-04,0.000000000000000000e+00,-1.291824000000000097e-02
9.462400000000001019e-04,0.000000000000000000e+00,-1.291824000000000097e-02
9.463040000000000253e-04,-7.720219999999999860e-03,-1.291824000000000097e-02
9.463680000000000573e-04,-2.573399999999999993e-03,-1.033459999999999934e-02
9.464320000000000892e-04,0.000000000000000000e+00,-1.550189999999999901e-02
9.464960000000000127e-04,-5.146819999999999867e-03,-2.066919999999999868e-02
9.465600000000000446e-04,-5.146819999999999867e-03,-1.033459999999999934e-02
9.466240000000000765e-04,-7.720219999999999860e-03,-1.808554000000000064e-02
9.466880000000001084e-04,-2.573399999999999993e-03,-1.808554000000000064e-02
9.467520000000000319e-04,-5.146819999999999867e-03,-1.550189999999999901e-02
9.468160000000000638e-04,-2.573399999999999993e-03,-1.291824000000000097e-02
9.468800000000000957e-04,-7.720219999999999860e-03,-1.550189999999999901e-02
9.469440000000000192e-04,-2.573399999999999993e-03,-1.291824000000000097e-02
9.470080000000000511e-04,0.000000000000000000e+00,-1.033459999999999934e-02
9.470720000000000830e-04,0.000000000000000000e+00,-1.033459999999999934e-02
9.471360000000000065e-04,-2.573399999999999993e-03,-1.291824000000000097e-02
9.472000000000000385e-04,-7.720219999999999860e-03,-1.550189999999999901e-02
9.472640000000000704e-04,-2.573399999999999993e-03,-1.291824000000000097e-02
9.473280000000001023e-04,-7.720219999999999860e-03,-1.291824000000000097e-02
9.473920000000000258e-04,-2.573399999999999993e-03,-5.167299999999999671e-03
9.474560000000000577e-04,0.000000000000000000e+00,-1.291824000000000097e-02
9.475200000000000896e-04,-7.720219999999999860e-03,-1.550189999999999901e-02
9.475840000000000131e-04,-7.720219999999999860e-03,-1.033459999999999934e-02
9.476480000000000450e-04,-7.720219999999999860e-03,-2.066919999999999868e-02
9.477120000000000769e-04,-7.720219999999999860e-03,-1.033459999999999934e-02
9.477760000000001088e-04,-5.146819999999999867e-03,-1.550189999999999901e-02
9.478400000000000323e-04,-2.573399999999999993e-03,-1.033459999999999934e-02
9.479040000000000642e-04,-1.286701999999999985e-02,-1.550189999999999901e-02
9.479680000000000962e-04,-7.720219999999999860e-03,-1.291824000000000097e-02
9.480320000000000196e-04,-5.146819999999999867e-03,-1.808554000000000064e-02
9.480960000000000516e-04,-2.573399999999999993e-03,-1.033459999999999934e-02
9.481600000000000835e-04,-7.720219999999999860e-03,-1.033459999999999934e-02
9.482240000000000070e-04,-2.573399999999999993e-03,-1.550189999999999901e-02
9.482880000000000389e-04,-7.720219999999999860e-03,-1.808554000000000064e-02
9.483520000000000708e-04,-1.029361999999999985e-02,-1.291824000000000097e-02
9.484160000000001027e-04,-7.720219999999999860e-03,-1.808554000000000064e-02
9.484800000000000262e-04,-1.029361999999999985e-02,-1.808554000000000064e-02
9.485440000000000581e-04,-2.573399999999999993e-03,-1.291824000000000097e-02
9.486080000000000900e-04,-5.146819999999999867e-03,-1.291824000000000097e-02
9.486720000000000135e-04,-5.146819999999999867e-03,-1.808554000000000064e-02
9.487360000000000454e-04,-7.720219999999999860e-03,-1.550189999999999901e-02
9.488000000000000773e-04,-5.146819999999999867e-03,-1.291824000000000097e-02
9.488640000000001093e-04,-7.720219999999999860e-03,-7.750940000000000434e-03
9.489280000000000328e-04,-7.720219999999999860e-03,-1.291824000000000097e-02
9.489920000000000647e-04,0.000000000000000000e+00,-1.550189999999999901e-02
9.490560000000000966e-04,-5.146819999999999867e-03,-1.808554000000000064e-02
9.491200000000000201e-04,-1.544043999999999972e-02,-2.325279999999999708e-02
9.491840000000000520e-04,-7.720219999999999860e-03,-1.291824000000000097e-02
9.492480000000000839e-04,-1.029361999999999985e-02,-1.808554000000000064e-02
9.493120000000000074e-04,-7.720219999999999860e-03,-1.291824000000000097e-02
9.493760000000000393e-04,-5.146819999999999867e-03,-1.550189999999999901e-02
9.494400000000000712e-04,-2.573399999999999993e-03,-2.066919999999999868e-02
9.495040000000001031e-04,-7.720219999999999860e-03,-1.808554000000000064e-02
9.495680000000000266e-04,-7.720219999999999860e-03,-1.808554000000000064e-02
9.496320000000000585e-04,-1.029361999999999985e-02,-2.066919999999999868e-02
9.496960000000000904e-04,-5.146819999999999867e-03,-1.550189999999999901e-02
9.497600000000000139e-04,-1.029361999999999985e-02,-1.808554000000000064e-02
9.498240000000000459e-04,-7.720219999999999860e-03,-1.291824000000000097e-02
9.498880000000000778e-04,-1.029361999999999985e-02,-1.550189999999999901e-02
9.499520000000001097e-04,-1.029361999999999985e-02,-1.808554000000000064e-02
9.500160000000000332e-04,-7.720219999999999860e-03,-2.066919999999999868e-02
9.500800000000000651e-04,-2.573399999999999993e-03,-1.033459999999999934e-02
9.501440000000000970e-04,-7.720219999999999860e-03,-1.291824000000000097e-02
9.502080000000000205e-04,-1.029361999999999985e-02,-1.550189999999999901e-02
9.502720000000000524e-04,-1.029361999999999985e-02,-2.066919999999999868e-02
9.503360000000000843e-04,-2.573399999999999993e-03,-1.291824000000000097e-02
9.504000000000000078e-04,-5.146819999999999867e-03,-1.550189999999999901e-02
9.504640000000000397e-04,-7.720219999999999860e-03,-1.291824000000000097e-02
9.505280000000000716e-04,-2.573399999999999993e-03,-1.291824000000000097e-02
9.505920000000001036e-04,-5.146819999999999867e-03,-1.808554000000000064e-02
9.506560000000000270e-04,-1.029361999999999985e-02,-1.550189999999999901e-02
9.507200000000000590e-04,-1.544043999999999972e-02,-2.066919999999999868e-02
9.507840000000000909e-04,-1.029361999999999985e-02,-1.033459999999999934e-02
9.508480000000000144e-04,-1.286701999999999985e-02,-2.066919999999999868e-02
9.509120000000000463e-04,-1.286701999999999985e-02,-1.808554000000000064e-02
9.509760000000000782e-04,-5.146819999999999867e-03,-1.550189999999999901e-02
9.510400000000001101e-04,-1.029361999999999985e-02,-1.291824000000000097e-02
9.511040000000000336e-04,-2.573399999999999993e-03,-1.550189999999999901e-02
9.511680000000000655e-04,-1.286701999999999985e-02,-7.750940000000000434e-03
9.512320000000000974e-04,-1.286701999999999985e-02,-1.550189999999999901e-02
9.512960000000000209e-04,-1.544043999999999972e-02,-1.033459999999999934e-02
9.513600000000000528e-04,-1.029361999999999985e-02,-1.291824000000000097e-02
9.514240000000000847e-04,-5.146819999999999867e-03,-1.291824000000000097e-02
9.514880000000000082e-04,-1.544043999999999972e-02,-7.750940000000000434e-03
9.515520000000000402e-04,-1.029361999999999985e-02,-1.808554000000000064e-02
9.516160000000000721e-04,-5.146819999999999867e-03,-1.550189999999999901e-02
9.516800000000001040e-04,-1.286701999999999985e-02,-1.291824000000000097e-02
9.517440000000000275e-04,-7.720219999999999860e-03,-1.808554000000000064e-02
9.518080000000000594e-04,-1.544043999999999972e-02,-1.550189999999999901e-02
9.518720000000000913e-04,-1.029361999999999985e-02,-2.066919999999999868e-02
9.519360000000000148e-04,-1.286701999999999985e-02,-2.066919999999999868e-02
9.520000000000000467e-04,-7.720219999999999860e-03,-1.550189999999999901e-02
9.520640000000000786e-04,-5.146819999999999867e-03,-1.033459999999999934e-02
9.521280000000001105e-04,-1.029361999999999985e-02,-1.808554000000000064e-02
9.521920000000000340e-04,-1.286701999999999985e-02,-1.550189999999999901e-02
9.522560000000000659e-04,-1.029361999999999985e-02,-1.033459999999999934e-02
9.523200000000000979e-04,-5.146819999999999867e-03,-1.550189999999999901e-02
9.523840000000000213e-04,-1.544043999999999972e-02,-2.066919999999999868e-02
9.524480000000000533e-04,-7.720219999999999860e-03,-2.066919999999999868e-02
9.525120000000000852e-04,-5.146819999999999867e-03,-7.750940000000000434e-03
9.525760000000000087e-04,-1.544043999999999972e-02,-1.808554000000000064e-02
9.526400000000000406e-04,-1.286701999999999985e-02,-5.167299999999999671e-03
9.527040000000000725e-04,-7.720219999999999860e-03,-1.550189999999999901e-02
9.527680000000001044e-04,-1.801383999999999971e-02,-2.066919999999999868e-02
9.528320000000000279e-04,-1.801383999999999971e-02,-2.066919999999999868e-02
9.528960000000000598e-04,-1.029361999999999985e-02,-2.066919999999999868e-02
9.529600000000000917e-04,-1.544043999999999972e-02,-1.291824000000000097e-02
9.530240000000000152e-04,-1.029361999999999985e-02,-2.066919999999999868e-02
9.530880000000000471e-04,-1.029361999999999985e-02,-7.750940000000000434e-03
9.531520000000000790e-04,-1.801383999999999971e-02,-1.291824000000000097e-02
9.532160000000001110e-04,-1.286701999999999985e-02,-1.291824000000000097e-02
9.532800000000000345e-04,-2.058719999999999994e-02,-1.808554000000000064e-02
9.533440000000000664e-04,-1.029361999999999985e-02,-1.033459999999999934e-02
9.534080000000000983e-04,-1.029361999999999985e-02,-1.550189999999999901e-02
9.534720000000000218e-04,-1.544043999999999972e-02,-1.808554000000000064e-02
9.535360000000000537e-04,-5.146819999999999867e-03,-1.033459999999999934e-02
9.536000000000000856e-04,-1.544043999999999972e-02,-1.033459999999999934e-02
9.536640000000000091e-04,-1.029361999999999985e-02,-1.808554000000000064e-02
9.537280000000000410e-04,-1.801383999999999971e-02,-7.750940000000000434e-03
9.537920000000000729e-04,-1.544043999999999972e-02,-1.033459999999999934e-02
9.538560000000001048e-04,-7.720219999999999860e-03,-1.550189999999999901e-02
9.539200000000000283e-04,-1.544043999999999972e-02,-7.750940000000000434e-03
9.539840000000000602e-04,-2.058719999999999994e-02,-1.550189999999999901e-02
9.540480000000000921e-04,-1.544043999999999972e-02,-1.808554000000000064e-02
9.541120000000000156e-04,-1.801383999999999971e-02,-1.808554000000000064e-02
9.541760000000000476e-04,-1.286701999999999985e-02,-1.550189999999999901e-02
9.542400000000000795e-04,-1.801383999999999971e-02,-1.033459999999999934e-02
9.543040000000001114e-04,-1.544043999999999972e-02,-5.167299999999999671e-03
9.543680000000000349e-04,-1.544043999999999972e-02,-1.033459999999999934e-02
9.544320000000000668e-04,-1.801383999999999971e-02,-1.033459999999999934e-02
9.544960000000000987e-04,-1.286701999999999985e-02,-1.291824000000000097e-02
9.545600000000000222e-04,-1.801383999999999971e-02,-7.750940000000000434e-03
9.546240000000000541e-04,-1.286701999999999985e-02,-5.167299999999999671e-03
9.546880000000000860e-04,-1.544043999999999972e-02,-1.291824000000000097e-02
9.547520000000000095e-04,-1.801383999999999971e-02,-1.808554000000000064e-02
9.548160000000000414e-04,-1.544043999999999972e-02,-1.033459999999999934e-02
9.548800000000000733e-04,-2.316059999999999994e-02,-7.750940000000000434e-03
9.549440000000001053e-04,-1.286701999999999985e-02,-5.167299999999999671e-03
9.550080000000000287e-04,-1.544043999999999972e-02,-1.291824000000000097e-02
9.550720000000000607e-04,-1.544043999999999972e-02,-1.808554000000000064e-02
9.551360000000000926e-04,-2.058719999999999994e-02,-1.033459999999999934e-02
9.552000000000000161e-04,-1.544043999999999972e-02,-7.750940000000000434e-03
9.552640000000000480e-04,-7.720219999999999860e-03,-1.550189999999999901e-02
9.553280000000000799e-04,-1.544043999999999972e-02,-1.291824000000000097e-02
9.553920000000001118e-04,-1.544043999999999972e-02,-1.033459999999999934e-02
9.554560000000000353e-04,-1.544043999999999972e-02,-1.550189999999999901e-02
9.555200000000000672e-04,-1.801383999999999971e-02,-1.291824000000000097e-02
9.555840000000000991e-04,-2.058719999999999994e-02,-1.291824000000000097e-02
9.556480000000000226e-04,-1.801383999999999971e-02,-1.550189999999999901e-02
9.557120000000000545e-04,-1.801383999999999971e-02,-1.550189999999999901e-02
9.557760000000000864e-04,-1.286701999999999985e-02,-1.291824000000000097e-02
9.558400000000000099e-04,-1.029361999999999985e-02,-1.550189999999999901e-02
9.559040000000000419e-04,-1.029361999999999985e-02,-7.750940000000000434e-03
9.559680000000000738e-04,-1.286701999999999985e-02,-1.291824000000000097e-02
9.560320000000001057e-04,-2.316059999999999994e-02,-1.291824000000000097e-02
9.560960000000000292e-04,-2.573399999999999993e-02,-7.750940000000000434e-03
9.561600000000000611e-04,-1.544043999999999972e-02,-1.291824000000000097e-02
9.562240000000000930e-04,-2.058719999999999994e-02,-1.291824000000000097e-02
9.562880000000000165e-04,-1.029361999999999985e-02,-7.750940000000000434e-03
9.563520000000000484e-04,-1.801383999999999971e-02,-7.750940000000000434e-03
9.564160000000000803e-04,-1.801383999999999971e-02,-1.291824000000000097e-02
9.564800000000001122e-04,-2.058719999999999994e-02,-7.750940000000000434e-03
9.565440000000000357e-04,-1.286701999999999985e-02,-7.750940000000000434e-03
9.566080000000000676e-04,-1.544043999999999972e-02,-1.550189999999999901e-02
9.566720000000000996e-04,-1.544043999999999972e-02,-1.291824000000000097e-02
9.567360000000000230e-04,-1.544043999999999972e-02,-1.808554000000000064e-02
9.568000000000000550e-04,-1.544043999999999972e-02,-1.291824000000000097e-02
9.568640000000000869e-04,-1.029361999999999985e-02,-1.033459999999999934e-02
9.569280000000000104e-04,-2.058719999999999994e-02,-1.550189999999999901e-02
9.569920000000000423e-04,-1.544043999999999972e-02,-1.033459999999999934e-02
9.570560000000000742e-04,-1.801383999999999971e-02,-1.033459999999999934e-02
9.571200000000001061e-04,-1.801383999999999971e-02,-1.291824000000000097e-02
9.571840000000000296e-04,-2.058719999999999994e-02,-1.291824000000000097e-02
9.572480000000000615e-04,-1.544043999999999972e-02,-1.550189999999999901e-02
9.573120000000000934e-04,-1.286701999999999985e-02,-1.550189999999999901e-02
9.573760000000000169e-04,-1.801383999999999971e-02,-1.808554000000000064e-02
9.574400000000000488e-04,-1.029361999999999985e-02,-1.808554000000000064e-02
9.575040000000000807e-04,-1.286701999999999985e-02,-1.550189999999999901e-02
9.575680000000001127e-04,-1.544043999999999972e-02,-5.167299999999999671e-03
9.576320000000000362e-04,-1.544043999999999972e-02,-5.167299999999999671e-03
9.576960000000000681e-04,-1.286701999999999985e-02,-1.291824000000000097e-02
9.577600000000001000e-04,-2.058719999999999994e-02,-5.167299999999999671e-03
9.578240000000000235e-04,-1.286701999999999985e-02,-1.033459999999999934e-02
9.578880000000000554e-04,-2.058719999999999994e-02,-1.291824000000000097e-02
9.579520000000000873e-04,-1.286701999999999985e-02,-1.550189999999999901e-02
9.580160000000000108e-04,-1.029361999999999985e-02,-1.808554000000000064e-02
9.580800000000000427e-04,-1.801383999999999971e-02,-1.550189999999999901e-02
9.581440000000000746e-04,-2.058719999999999994e-02,-7.750940000000000434e-03
9.582080000000001065e-04,-2.316059999999999994e-02,-7.750940000000000434e-03
9.582720000000000300e-04,-1.286701999999999985e-02,-5.167299999999999671e-03
9.583360000000000619e-04,-1.544043999999999972e-02,-1.033459999999999934e-02
9.584000000000000938e-04,-2.573399999999999993e-02,-5.167299999999999671e-03
9.584640000000000173e-04,-1.801383999999999971e-02,-1.550189999999999901e-02
9.585280000000000493e-04,-2.058719999999999994e-02,-2.583640000000000329e-03
9.585920000000000812e-04,-1.544043999999999972e-02,-1.550189999999999901e-02
9.586560000000001131e-04,-2.058719999999999994e-02,-1.291824000000000097e-02
9.587200000000000366e-04,-1.801383999999999971e-02,-1.033459999999999934e-02
9.587840000000000685e-04,-2.316059999999999994e-02,-1.550189999999999901e-02
9.588480000000001004e-04,-1.544043999999999972e-02,-5.167299999999999671e-03
9.589120000000000239e-04,-1.286701999999999985e-02,-5.167299999999999671e-03
9.589760000000000558e-04,-2.316059999999999994e-02,-1.033459999999999934e-02
9.590400000000000877e-04,-2.058719999999999994e-02,-7.750940000000000434e-03
9.591040000000000112e-04,-1.029361999999999985e-02,-1.808554000000000064e-02
9.591680000000000431e-04,-1.801383999999999971e-02,-1.550189999999999901e-02
9.592320000000000750e-04,-1.286701999999999985e-02,-7.750940000000000434e-03
9.592960000000001070e-04,-2.316059999999999994e-02,-1.808554000000000064e-02
9.593600000000000304e-04,-1.801383999999999971e-02,-1.033459999999999934e-02
9.594240000000000624e-04,-2.316059999999999994e-02,-1.033459999999999934e-02
9.594880000000000943e-04,-2.830739999999999992e-02,-7.750940000000000434e-03
9.595520000000000178e-04,-1.801383999999999971e-02,-5.167299999999999671e-03
9.596160000000000497e-04,-1.029361999999999985e-02,-5.167299999999999671e-03
9.596800000000000816e-04,-2.058719999999999994e-02,-7.750940000000000434e-03
9.597440000000001135e-04,-1.544043999999999972e-02,-7.750940000000000434e-03
9.598080000000000370e-04,-2.058719999999999994e-02,-5.167299999999999671e-03
9.598720000000000689e-04,-2.316059999999999994e-02,-1.808554000000000064e-02
9.599360000000001008e-04,-1.801383999999999971e-02,-1.033459999999999934e-02
9.600000000000000243e-04,-2.058719999999999994e-02,-1.291824000000000097e-02
9.600640000000000562e-04,-1.544043999999999972e-02,-1.291824000000000097e-02
9.601280000000000881e-04,-2.316059999999999994e-02,-1.550189999999999901e-02
9.601920000000000116e-04,-1.801383999999999971e-02,2.583640000000000329e-03
9.602560000000000436e-04,-1.544043999999999972e-02,-1.033459999999999934e-02
9.603200000000000755e-04,-1.544043999999999972e-02,-7.750940000000000434e-03
9.603840000000001074e-04,-1.544043999999999972e-02,-1.291824000000000097e-02
9.604480000000000309e-04,-2.316059999999999994e-02,-1.808554000000000064e-02
9.605120000000000628e-04,-2.573399999999999993e-02,-2.066919999999999868e-02
9.605760000000000947e-04,-1.801383999999999971e-02,-1.808554000000000064e-02
9.606400000000000182e-04,-1.801383999999999971e-02,-1.550189999999999901e-02
9.607040000000000501e-04,-2.058719999999999994e-02,-7.750940000000000434e-03
9.607680000000000820e-04,-1.029361999999999985e-02,-1.291824000000000097e-02
9.608320000000001139e-04,-2.316059999999999994e-02,-5.167299999999999671e-03
9.608960000000000374e-04,-2.316059999999999994e-02,-7.750940000000000434e-03
9.609600000000000693e-04,-1.801383999999999971e-02,0.000000000000000000e+00
9.610240000000001013e-04,-2.316059999999999994e-02,-1.550189999999999901e-02
9.610880000000000247e-04,-2.573399999999999993e-02,-1.291824000000000097e-02
9.611520000000000567e-04,-1.801383999999999971e-02,-2.066919999999999868e-02
9.612160000000000886e-04,-1.801383999999999971e-02,-2.325279999999999708e-02
9.612800000000000121e-04,-1.544043999999999972e-02,-2.066919999999999868e-02
9.613440000000000440e-04,-1.029361999999999985e-02,-1.033459999999999934e-02
9.614080000000000759e-04,-1.544043999999999972e-02,-1.550189999999999901e-02
9.614720000000001078e-04,-2.058719999999999994e-02,0.000000000000000000e+00
9.615360000000000313e-04,-2.058719999999999994e-02,0.000000000000000000e+00
9.616000000000000632e-04,-1.544043999999999972e-02,-5.167299999999999671e-03
9.616640000000000951e-04,-1.544043999999999972e-02,-1.808554000000000064e-02
9.617280000000000186e-04,-1.544043999999999972e-02,-2.066919999999999868e-02
9.617920000000000505e-04,-5.146819999999999867e-03,-2.842019999999999963e-02
9.618560000000000824e-04,-1.544043999999999972e-02,-2.325279999999999708e-02
9.619200000000000059e-04,-1.286701999999999985e-02,-2.583639999999999895e-02
9.619840000000000379e-04,-2.058719999999999994e-02,-1.291824000000000097e-02
9.620480000000000698e-04,-1.286701999999999985e-02,-7.750940000000000434e-03
9.621120000000001017e-04,-1.544043999999999972e-02,-7.750940000000000434e-03
9.621760000000000252e-04,-2.058719999999999994e-02,-1.033459999999999934e-02
9.622400000000000571e-04,-1.286701999999999985e-02,-1.033459999999999934e-02
9.623040000000000890e-04,-2.058719999999999994e-02,-1.550189999999999901e-02
9.623680000000000125e-04,-2.316059999999999994e-02,-7.750940000000000434e-03
9.624320000000000444e-04,-1.029361999999999985e-02,-1.033459999999999934e-02
9.624960000000000763e-04,-1.801383999999999971e-02,-1.291824000000000097e-02
9.625600000000001082e-04,-2.058719999999999994e-02,-1.033459999999999934e-02
9.626240000000000317e-04,-1.801383999999999971e-02,-1.808554000000000064e-02
9.626880000000000636e-04,-1.286701999999999985e-02,-1.550189999999999901e-02
9.627520000000000956e-04,-1.544043999999999972e-02,-1.033459999999999934e-02
9.628160000000000190e-04,-1.544043999999999972e-02,-1.033459999999999934e-02
9.628800000000000510e-04,-1.286701999999999985e-02,-1.291824000000000097e-02
9.629440000000000829e-04,-1.801383999999999971e-02,-1.291824000000000097e-02
9.630080000000000064e-04,-1.544043999999999972e-02,-1.291824000000000097e-02
9.630720000000000383e-04,-1.544043999999999972e-02,-1.550189999999999901e-02
9.631360000000000702e-04,-1.286701999999999985e-02,-2.066919999999999868e-02
9.632000000000001021e-04,-7.720219999999999860e-03,-2.325279999999999708e-02
9.632640000000000256e-04,-2.058719999999999994e-02,-1.033459999999999934e-02
9.633280000000000575e-04,-1.544043999999999972e-02,-1.291824000000000097e-02
9.633920000000000894e-04,-1.544043999999999972e-02,-5.167299999999999671e-03
9.634560000000000129e-04,-1.544043999999999972e-02,-1.550189999999999901e-02
9.635200000000000448e-04,-2.058719999999999994e-02,-1.033459999999999934e-02
9.635840000000000767e-04,-1.286701999999999985e-02,-1.550189999999999901e-02
9.636480000000001087e-04,-1.801383999999999971e-02,-1.808554000000000064e-02
9.637120000000000321e-04,-1.544043999999999972e-02,-2.325279999999999708e-02
9.637760000000000641e-04,-1.029361999999999985e-02,-1.808554000000000064e-02
9.638400000000000960e-04,-2.316059999999999994e-02,-5.167299999999999671e-03
9.639040000000000195e-04,-1.801383999999999971e-02,-1.033459999999999934e-02
9.639680000000000514e-04,-1.029361999999999985e-02,-7.750940000000000434e-03
9.640320000000000833e-04,-2.058719999999999994e-02,-2.066919999999999868e-02
9.640960000000000068e-04,-2.316059999999999994e-02,-1.550189999999999901e-02
9.641600000000000387e-04,-1.544043999999999972e-02,-1.291824000000000097e-02
9.642240000000000706e-04,-1.286701999999999985e-02,-1.808554000000000064e-02
9.642880000000001025e-04,-2.316059999999999994e-02,-1.550189999999999901e-02
9.643520000000000260e-04,-1.544043999999999972e-02,-1.808554000000000064e-02
9.644160000000000579e-04,-1.286701999999999985e-02,-1.550189999999999901e-02
9.644800000000000898e-04,-1.801383999999999971e-02,-7.750940000000000434e-03
9.645440000000000133e-04,-1.029361999999999985e-02,-5.167299999999999671e-03
9.646080000000000453e-04,-1.544043999999999972e-02,-5.167299999999999671e-03
9.646720000000000772e-04,-1.544043999999999972e-02,-1.550189999999999901e-02
9.647360000000001091e-04,-1.544043999999999972e-02,-1.808554000000000064e-02
9.648000000000000326e-04,-1.286701999999999985e-02,-2.066919999999999868e-02
9.648640000000000645e-04,-1.544043999999999972e-02,-2.325279999999999708e-02
9.649280000000000964e-04,-1.544043999999999972e-02,-1.550189999999999901e-02
9.649920000000000199e-04,-1.544043999999999972e-02,-2.325279999999999708e-02
9.650560000000000518e-04,-1.801383999999999971e-02,-1.033459999999999934e-02
9.651200000000000837e-04,-1.286701999999999985e-02,-1.033459999999999934e-02
9.651840000000000072e-04,-7.720219999999999860e-03,-5.167299999999999671e-03
9.652480000000000391e-04,-1.544043999999999972e-02,-7.750940000000000434e-03
9.653120000000000710e-04,-1.029361999999999985e-02,-1.550189999999999901e-02
9.653760000000001030e-04,-1.286701999999999985e-02,-1.033459999999999934e-02
9.654400000000000264e-04,-2.316059999999999994e-02,-3.100379999999999803e-02
9.655040000000000584e-04,-7.720219999999999860e-03,-3.100379999999999803e-02
9.655680000000000903e-04,-1.286701999999999985e-02,-3.100379999999999803e-02
9.656320000000000138e-04,-1.029361999999999985e-02,-2.583639999999999895e-02
9.656960000000000457e-04,-1.029361999999999985e-02,-2.325279999999999708e-02
9.657600000000000776e-04,-7.720219999999999860e-03,-1.808554000000000064e-02
9.658240000000001095e-04,-7.720219999999999860e-03,-1.033459999999999934e-02
9.658880000000000330e-04,-1.029361999999999985e-02,-5.167299999999999671e-03
9.659520000000000649e-04,-1.286701999999999985e-02,-1.033459999999999934e-02
9.660160000000000968e-04,-7.720219999999999860e-03,-1.550189999999999901e-02
9.660800000000000203e-04,-7.720219999999999860e-03,-1.550189999999999901e-02
9.661440000000000522e-04,-1.286701999999999985e-02,-2.066919999999999868e-02
9.662080000000000841e-04,-1.286701999999999985e-02,-2.583639999999999895e-02
9.662720000000000076e-04,-7.720219999999999860e-03,-1.808554000000000064e-02
9.663360000000000396e-04,-1.029361999999999985e-02,-2.066919999999999868e-02
9.664000000000000715e-04,-1.029361999999999985e-02,-1.550189999999999901e-02
9.664640000000001034e-04,-1.029361999999999985e-02,-7.750940000000000434e-03
9.665280000000000269e-04,-1.029361999999999985e-02,-7.750940000000000434e-03
9.665920000000000588e-04,-1.544043999999999972e-02,-7.750940000000000434e-03
9.666560000000000907e-04,-1.029361999999999985e-02,-1.550189999999999901e-02
9.667200000000000142e-04,-5.146819999999999867e-03,-1.291824000000000097e-02
9.667840000000000461e-04,-7.720219999999999860e-03,-2.583639999999999895e-02
9.668480000000000780e-04,-1.286701999999999985e-02,-2.325279999999999708e-02
9.669120000000001099e-04,-5.146819999999999867e-03,-1.808554000000000064e-02
9.669760000000000334e-04,-7.720219999999999860e-03,-1.550189999999999901e-02
9.670400000000000653e-04,-1.286701999999999985e-02,-5.167299999999999671e-03
9.671040000000000973e-04,-5.146819999999999867e-03,-2.583640000000000329e-03
9.671680000000000207e-04,-5.146819999999999867e-03,-1.033459999999999934e-02
9.672320000000000527e-04,-1.029361999999999985e-02,-1.550189999999999901e-02
9.672960000000000846e-04,-1.544043999999999972e-02,-2.325279999999999708e-02
9.673600000000000081e-04,-1.544043999999999972e-02,-1.808554000000000064e-02
9.674240000000000400e-04,-5.146819999999999867e-03,-1.291824000000000097e-02
9.674880000000000719e-04,-1.029361999999999985e-02,-1.291824000000000097e-02
9.675520000000001038e-04,-7.720219999999999860e-03,-1.291824000000000097e-02
9.676160000000000273e-04,-7.720219999999999860e-03,-1.291824000000000097e-02
9.676800000000000592e-04,-1.029361999999999985e-02,-1.291824000000000097e-02
9.677440000000000911e-04,-7.720219999999999860e-03,-1.550189999999999901e-02
9.678080000000000146e-04,-7.720219999999999860e-03,-5.167299999999999671e-03
9.678720000000000465e-04,-5.146819999999999867e-03,-2.066919999999999868e-02
9.679360000000000784e-04,-5.146819999999999867e-03,-1.550189999999999901e-02
9.680000000000001104e-04,-1.286701999999999985e-02,-1.808554000000000064e-02
9.680640000000000338e-04,-1.286701999999999985e-02,-1.291824000000000097e-02
9.681280000000000658e-04,-1.029361999999999985e-02,-1.033459999999999934e-02
9.681920000000000977e-04,-2.058719999999999994e-02,-1.808554000000000064e-02
9.682560000000000212e-04,0.000000000000000000e+00,-7.750940000000000434e-03
9.683200000000000531e-04,-2.573399999999999993e-03,-1.033459999999999934e-02
9.683840000000000850e-04,-1.029361999999999985e-02,-2.325279999999999708e-02
9.684480000000000085e-04,-1.544043999999999972e-02,-1.291824000000000097e-02
9.685120000000000404e-04,-1.544043999999999972e-02,-1.808554000000000064e-02
9.685760000000000723e-04,-7.720219999999999860e-03,-2.066919999999999868e-02
9.686400000000001042e-04,-1.286701999999999985e-02,-1.033459999999999934e-02
9.687040000000000277e-04,-2.573399999999999993e-03,-1.033459999999999934e-02
9.687680000000000596e-04,-1.801383999999999971e-02,-1.550189999999999901e-02
9.688320000000000915e-04,-7.720219999999999860e-03,-1.033459999999999934e-02
9.688960000000000150e-04,-1.544043999999999972e-02,-1.291824000000000097e-02
9.689600000000000470e-04,-1.286701999999999985e-02,-1.033459999999999934e-02
9.690240000000000789e-04,-7.720219999999999860e-03,-1.808554000000000064e-02
9.690880000000001108e-04,-5.146819999999999867e-03,-2.066919999999999868e-02
9.691520000000000343e-04,-7.720219999999999860e-03,-1.808554000000000064e-02
9.692160000000000662e-04,-1.286701999999999985e-02,-2.066919999999999868e-02
9.692800000000000981e-04,-7.720219999999999860e-03,-2.066919999999999868e-02
9.693440000000000216e-04,-7.720219999999999860e-03,-1.808554000000000064e-02
9.694080000000000535e-04,-5.146819999999999867e-03,-1.550189999999999901e-02
9.694720000000000854e-04,-7.720219999999999860e-03,-1.291824000000000097e-02
9.695360000000000089e-04,-1.286701999999999985e-02,-1.550189999999999901e-02
9.696000000000000408e-04,-1.544043999999999972e-02,-1.550189999999999901e-02
9.696640000000000727e-04,-7.720219999999999860e-03,-1.808554000000000064e-02
9.697280000000001047e-04,-7.720219999999999860e-03,-2.066919999999999868e-02
9.697920000000000281e-04,-1.029361999999999985e-02,-2.066919999999999868e-02
9.698560000000000601e-04,-2.573399999999999993e-03,-2.325279999999999708e-02
9.699200000000000920e-04,-7.720219999999999860e-03,-2.325279999999999708e-02
9.699840000000000155e-04,-1.029361999999999985e-02,-1.550189999999999901e-02
9.700480000000000474e-04,-2.573399999999999993e-03,-1.808554000000000064e-02
9.701120000000000793e-04,-7.720219999999999860e-03,-2.066919999999999868e-02
9.701760000000001112e-04,-1.029361999999999985e-02,-1.550189999999999901e-02
9.702400000000000347e-04,0.000000000000000000e+00,-1.550189999999999901e-02
9.703040000000000666e-04,-5.146819999999999867e-03,-1.808554000000000064e-02
9.703680000000000985e-04,-1.029361999999999985e-02,-1.550189999999999901e-02
9.704320000000000220e-04,-5.146819999999999867e-03,-1.550189999999999901e-02
9.704960000000000539e-04,-1.286701999999999985e-02,-1.808554000000000064e-02
9.705600000000000858e-04,-1.286701999999999985e-02,-1.550189999999999901e-02
9.706240000000000093e-04,-7.720219999999999860e-03,-1.808554000000000064e-02
9.706880000000000413e-04,-5.146819999999999867e-03,-1.291824000000000097e-02
9.707520000000000732e-04,-5.146819999999999867e-03,-1.291824000000000097e-02
9.708160000000001051e-04,-7.720219999999999860e-03,-1.550189999999999901e-02
9.708800000000000286e-04,-5.146819999999999867e-03,-1.550189999999999901e-02
9.709440000000000605e-04,-2.573399999999999993e-03,-1.808554000000000064e-02
9.710080000000000924e-04,-5.146819999999999867e-03,-2.583639999999999895e-02
9.710720000000000159e-04,-5.146819999999999867e-03,-1.808554000000000064e-02
9.711360000000000478e-04,-1.544043999999999972e-02,-2.066919999999999868e-02
9.712000000000000797e-04,-2.573399999999999993e-03,-1.550189999999999901e-02
9.712640000000001116e-04,-2.573399999999999993e-03,-1.033459999999999934e-02
9.713280000000000351e-04,-5.146819999999999867e-03,-1.291824000000000097e-02
9.713920000000000670e-04,-2.573399999999999993e-03,-1.033459999999999934e-02
9.714560000000000990e-04,-1.029361999999999985e-02,-5.167299999999999671e-03
9.715200000000000224e-04,0.000000000000000000e+00,-1.808554000000000064e-02
9.715840000000000544e-04,-1.029361999999999985e-02,-1.033459999999999934e-02
9.716480000000000863e-04,-5.146819999999999867e-03,-1.550189999999999901e-02
9.717120000000000098e-04,-7.720219999999999860e-03,-2.325279999999999708e-02
9.717760000000000417e-04,-1.029361999999999985e-02,-1.291824000000000097e-02
9.718400000000000736e-04,-5.146819999999999867e-03,-1.550189999999999901e-02
9.719040000000001055e-04,-7.720219999999999860e-03,-1.808554000000000064e-02
9.719680000000000290e-04,2.573399999999999993e-03,-7.750940000000000434e-03
9.720320000000000609e-04,-2.573399999999999993e-03,-1.808554000000000064e-02
9.720960000000000928e-04,-7.720219999999999860e-03,-1.291824000000000097e-02
9.721600000000000163e-04,-2.573399999999999993e-03,-1.291824000000000097e-02
9.722240000000000482e-04,-7.720219999999999860e-03,-1.550189999999999901e-02
9.722880000000000801e-04,-1.029361999999999985e-02,-1.550189999999999901e-02
9.723520000000001121e-04,-5.146819999999999867e-03,-1.033459999999999934e-02
9.724160000000000355e-04,-2.573399999999999993e-03,-2.066919999999999868e-02
9.724800000000000675e-04,-7.720219999999999860e-03,-1.550189999999999901e-02
9.725440000000000994e-04,-2.573399999999999993e-03,-1.033459999999999934e-02
9.726080000000000229e-04,-5.146819999999999867e-03,-1.291824000000000097e-02
9.726720000000000548e-04,0.000000000000000000e+00,-1.550189999999999901e-02
9.727360000000000867e-04,-5.146819999999999867e-03,-1.033459999999999934e-02
9.728000000000000102e-04,-2.573399999999999993e-03,-2.066919999999999868e-02
9.728640000000000421e-04,-5.146819999999999867e-03,-7.750940000000000434e-03
9.729280000000000740e-04,0.000000000000000000e+00,-1.033459999999999934e-02
9.729920000000001059e-04,-1.029361999999999985e-02,-7.750940000000000434e-03
9.730560000000000294e-04,-5.146819999999999867e-03,-7.750940000000000434e-03
9.731200000000000613e-04,-2.573399999999999993e-03,-1.291824000000000097e-02
9.731840000000000932e-04,-1.286701999999999985e-02,-7.750940000000000434e-03
9.732480000000000167e-04,-7.720219999999999860e-03,-1.033459999999999934e-02
9.733120000000000487e-04,-7.720219999999999860e-03,-1.550189999999999901e-02
9.733760000000000806e-04,-1.286701999999999985e-02,-1.550189999999999901e-02
9.734400000000001125e-04,-7.720219999999999860e-03,-1.291824000000000097e-02
9.735040000000000360e-04,-2.573399999999999993e-03,-7.750940000000000434e-03
9.735680000000000679e-04,-1.029361999999999985e-02,-2.583640000000000329e-03
9.736320000000000998e-04,0.000000000000000000e+00,-1.033459999999999934e-02
9.736960000000000233e-04,-7.720219999999999860e-03,-7.750940000000000434e-03
9.737600000000000552e-04,-2.573399999999999993e-03,-7.750940000000000434e-03
9.738240000000000871e-04,-5.146819999999999867e-03,-1.291824000000000097e-02
9.738880000000000106e-04,-7.720219999999999860e-03,-1.550189999999999901e-02
9.739520000000000425e-04,-1.029361999999999985e-02,-5.167299999999999671e-03
9.740160000000000744e-04,-7.720219999999999860e-03,-1.808554000000000064e-02
9.740800000000001064e-04,-7.720219999999999860e-03,-2.583640000000000329e-03
9.741440000000000298e-04,-7.720219999999999860e-03,-1.808554000000000064e-02
9.742080000000000618e-04,-1.286701999999999985e-02,-1.033459999999999934e-02
9.742720000000000937e-04,-7.720219999999999860e-03,-7.750940000000000434e-03
9.743360000000000172e-04,-5.146819999999999867e-03,-7.750940000000000434e-03
9.744000000000000491e-04,-5.146819999999999867e-03,-1.291824000000000097e-02
9.744640000000000810e-04,-5.146819999999999867e-03,-1.550189999999999901e-02
9.745280000000001129e-04,-7.720219999999999860e-03,-1.808554000000000064e-02
9.745920000000000364e-04,-7.720219999999999860e-03,-1.033459999999999934e-02
9.746560000000000683e-04,-1.286701999999999985e-02,-1.550189999999999901e-02
9.747200000000001002e-04,-7.720219999999999860e-03,-7.750940000000000434e-03
9.747840000000000237e-04,-1.286701999999999985e-02,-7.750940000000000434e-03
9.748480000000000556e-04,-5.146819999999999867e-03,-1.033459999999999934e-02
9.749120000000000875e-04,0.000000000000000000e+00,-5.167299999999999671e-03
9.749760000000000110e-04,-1.029361999999999985e-02,-1.033459999999999934e-02
9.750400000000000430e-04,-5.146819999999999867e-03,-5.167299999999999671e-03
9.751040000000000749e-04,-7.720219999999999860e-03,-1.808554000000000064e-02
9.751680000000001068e-04,-1.544043999999999972e-02,-1.808554000000000064e-02
9.752320000000000303e-04,-1.801383999999999971e-02,-1.291824000000000097e-02
9.752960000000000622e-04,-5.146819999999999867e-03,-1.291824000000000097e-02
9.753600000000000941e-04,-1.029361999999999985e-02,-1.291824000000000097e-02
9.754240000000000176e-04,-7.720219999999999860e-03,-1.550189999999999901e-02
9.754880000000000495e-04,-5.146819999999999867e-03,-1.550189999999999901e-02
9.755520000000000814e-04,-7.720219999999999860e-03,-7.750940000000000434e-03
9.756160000000001133e-04,-2.573399999999999993e-03,-1.291824000000000097e-02
9.756800000000000368e-04,-1.286701999999999985e-02,-1.550189999999999901e-02
9.757440000000000687e-04,-1.029361999999999985e-02,-1.550189999999999901e-02
9.758080000000001007e-04,-7.720219999999999860e-03,-1.291824000000000097e-02
9.758720000000000241e-04,-1.544043999999999972e-02,-1.550189999999999901e-02
9.759360000000000561e-04,-7.720219999999999860e-03,-1.291824000000000097e-02
9.760000000000000880e-04,-1.029361999999999985e-02,-2.066919999999999868e-02
9.760640000000000115e-04,-1.544043999999999972e-02,-1.033459999999999934e-02
9.761280000000000434e-04,-1.544043999999999972e-02,-1.291824000000000097e-02
9.761920000000000753e-04,-1.286701999999999985e-02,-1.291824000000000097e-02
9.762560000000001072e-04,-2.058719999999999994e-02,-1.291824000000000097e-02
9.763200000000000307e-04,-1.544043999999999972e-02,-2.325279999999999708e-02
9.763840000000000626e-04,-7.720219999999999860e-03,-1.550189999999999901e-02
9.764480000000000945e-04,-1.544043999999999972e-02,-5.167299999999999671e-03
9.765120000000000180e-04,-1.029361999999999985e-02,-1.033459999999999934e-02
9.765760000000000499e-04,-1.029361999999999985e-02,-5.167299999999999671e-03
9.766399999999999734e-04,-1.801383999999999971e-02,-5.167299999999999671e-03
9.767040000000001138e-04,-1.029361999999999985e-02,-5.167299999999999671e-03
9.767680000000000373e-04,-1.286701999999999985e-02,-7.750940000000000434e-03
9.768319999999999607e-04,-1.029361999999999985e-02,-1.291824000000000097e-02
9.768960000000001011e-04,-5.146819999999999867e-03,-1.808554000000000064e-02
9.769600000000000246e-04,-2.058719999999999994e-02,-2.583640000000000329e-03
9.770240000000001649e-04,-1.544043999999999972e-02,-7.750940000000000434e-03
9.770880000000000884e-04,-7.720219999999999860e-03,-1.291824000000000097e-02
9.771520000000000119e-04,-1.801383999999999971e-02,-1.033459999999999934e-02
9.772160000000001522e-04,-7.720219999999999860e-03,-2.583640000000000329e-03
9.772800000000000757e-04,-1.801383999999999971e-02,-5.167299999999999671e-03
9.773439999999999992e-04,-7.720219999999999860e-03,-1.291824000000000097e-02
9.774080000000001395e-04,-1.801383999999999971e-02,-5.167299999999999671e-03
9.774720000000000630e-04,-1.286701999999999985e-02,-2.583640000000000329e-03
9.775359999999999865e-04,-1.544043999999999972e-02,-7.750940000000000434e-03
9.776000000000001269e-04,-7.720219999999999860e-03,-1.291824000000000097e-02
9.776640000000000504e-04,-1.029361999999999985e-02,0.000000000000000000e+00
9.777279999999999738e-04,-7.720219999999999860e-03,-1.550189999999999901e-02
9.777920000000001142e-04,-1.801383999999999971e-02,-2.583640000000000329e-03
9.778560000000000377e-04,-1.801383999999999971e-02,-5.167299999999999671e-03
9.779199999999999612e-04,-1.544043999999999972e-02,-1.291824000000000097e-02
9.779840000000001015e-04,-1.286701999999999985e-02,-1.550189999999999901e-02
9.780480000000000250e-04,-1.544043999999999972e-02,-5.167299999999999671e-03
9.781120000000001653e-04,-1.286701999999999985e-02,-7.750940000000000434e-03
9.781760000000000888e-04,-1.544043999999999972e-02,-1.291824000000000097e-02
9.782400000000000123e-04,-1.544043999999999972e-02,-1.033459999999999934e-02
9.783040000000001526e-04,-1.801383999999999971e-02,-1.033459999999999934e-02
9.783680000000000761e-04,-1.544043999999999972e-02,-1.033459999999999934e-02
9.784319999999999996e-04,-1.029361999999999985e-02,-1.808554000000000064e-02
9.784960000000001400e-04,-1.286701999999999985e-02,-1.033459999999999934e-02
9.785600000000000635e-04,-1.029361999999999985e-02,-1.291824000000000097e-02
9.786239999999999870e-04,-1.801383999999999971e-02,-1.550189999999999901e-02
9.786880000000001273e-04,-1.544043999999999972e-02,-5.167299999999999671e-03
9.787520000000000508e-04,-2.316059999999999994e-02,-7.750940000000000434e-03
9.788159999999999743e-04,-1.286701999999999985e-02,-1.033459999999999934e-02
9.788800000000001146e-04,-1.801383999999999971e-02,-7.750940000000000434e-03
9.789440000000000381e-04,-2.058719999999999994e-02,-1.291824000000000097e-02
9.790079999999999616e-04,-1.286701999999999985e-02,-1.291824000000000097e-02
9.790720000000001019e-04,-1.286701999999999985e-02,-1.291824000000000097e-02
9.791360000000000254e-04,-1.029361999999999985e-02,-7.750940000000000434e-03
9.792000000000001658e-04,-1.544043999999999972e-02,-7.750940000000000434e-03
9.792640000000000892e-04,-1.544043999999999972e-02,-1.033459999999999934e-02
9.793280000000000127e-04,-1.801383999999999971e-02,-1.033459999999999934e-02
9.793920000000001531e-04,-1.544043999999999972e-02,-1.033459999999999934e-02
9.794560000000000766e-04,-1.544043999999999972e-02,-2.583640000000000329e-03
9.795200000000000001e-04,-1.544043999999999972e-02,-1.291824000000000097e-02
9.795840000000001404e-04,-1.029361999999999985e-02,-1.291824000000000097e-02
9.796480000000000639e-04,-1.544043999999999972e-02,-1.033459999999999934e-02
9.797119999999999874e-04,-1.801383999999999971e-02,-5.167299999999999671e-03
9.797760000000001277e-04,-2.058719999999999994e-02,-7.750940000000000434e-03
9.798400000000000512e-04,-2.058719999999999994e-02,-2.066919999999999868e-02
9.799039999999999747e-04,-1.801383999999999971e-02,-1.291824000000000097e-02
9.799680000000001150e-04,-1.544043999999999972e-02,-5.167299999999999671e-03
9.800320000000000385e-04,-1.029361999999999985e-02,-1.550189999999999901e-02
9.800959999999999620e-04,-1.801383999999999971e-02,-1.291824000000000097e-02
9.801600000000001024e-04,-1.286701999999999985e-02,-1.033459999999999934e-02
9.802240000000000258e-04,-2.058719999999999994e-02,-7.750940000000000434e-03
9.802880000000001662e-04,-1.286701999999999985e-02,-2.583640000000000329e-03
9.803520000000000897e-04,-1.029361999999999985e-02,-5.167299999999999671e-03
9.804160000000000132e-04,-1.801383999999999971e-02,-1.291824000000000097e-02
9.804800000000001535e-04,-1.286701999999999985e-02,-2.583640000000000329e-03
9.805440000000000770e-04,-1.286701999999999985e-02,-1.291824000000000097e-02
9.806080000000000005e-04,-1.286701999999999985e-02,-1.808554000000000064e-02
9.806720000000001408e-04,-2.316059999999999994e-02,-1.550189999999999901e-02
9.807360000000000643e-04,-1.801383999999999971e-02,-1.291824000000000097e-02
9.807999999999999878e-04,-1.544043999999999972e-02,-1.550189999999999901e-02
9.808640000000001281e-04,-1.801383999999999971e-02,-1.033459999999999934e-02
9.809280000000000516e-04,-2.316059999999999994e-02,-2.066919999999999868e-02
9.809919999999999751e-04,-1.801383999999999971e-02,-1.550189999999999901e-02
9.810560000000001155e-04,-2.316059999999999994e-02,-1.550189999999999901e-02
9.811200000000000390e-04,-1.801383999999999971e-02,-1.291824000000000097e-02
9.811839999999999624e-04,-1.029361999999999985e-02,-7.750940000000000434e-03
9.812480000000001028e-04,-1.029361999999999985e-02,-2.583640000000000329e-03
9.813120000000000263e-04,-1.029361999999999985e-02,-1.291824000000000097e-02
9.813760000000001666e-04,-1.029361999999999985e-02,-1.291824000000000097e-02
9.814400000000000901e-04,-1.544043999999999972e-02,-7.750940000000000434e-03
9.815040000000000136e-04,-1.544043999999999972e-02,-2.583640000000000329e-03
9.815680000000001539e-04,-2.058719999999999994e-02,-1.550189999999999901e-02
9.816320000000000774e-04,-1.544043999999999972e-02,-7.750940000000000434e-03
9.816960000000000009e-04,-1.029361999999999985e-02,-1.550189999999999901e-02
9.817600000000001412e-04,-1.029361999999999985e-02,-1.550189999999999901e-02
9.818240000000000647e-04,-1.029361999999999985e-02,-1.033459999999999934e-02
9.818879999999999882e-04,-1.029361999999999985e-02,-1.291824000000000097e-02
9.819520000000001286e-04,-1.029361999999999985e-02,-1.550189999999999901e-02
9.820160000000000521e-04,-1.801383999999999971e-02,-1.033459999999999934e-02
9.820799999999999755e-04,-1.029361999999999985e-02,-1.550189999999999901e-02
9.821440000000001159e-04,-2.058719999999999994e-02,-1.033459999999999934e-02
9.822080000000000394e-04,-1.544043999999999972e-02,-1.550189999999999901e-02
9.822719999999999629e-04,-1.286701999999999985e-02,-2.066919999999999868e-02
9.823360000000001032e-04,-1.029361999999999985e-02,-2.325279999999999708e-02
9.824000000000000267e-04,-1.286701999999999985e-02,-1.033459999999999934e-02
9.824640000000001670e-04,-1.544043999999999972e-02,-1.291824000000000097e-02
9.825280000000000905e-04,-1.286701999999999985e-02,-1.033459999999999934e-02
9.825920000000000140e-04,-7.720219999999999860e-03,-1.808554000000000064e-02
9.826560000000001543e-04,-1.544043999999999972e-02,-7.750940000000000434e-03
9.827200000000000778e-04,-1.029361999999999985e-02,-1.291824000000000097e-02
9.827840000000000013e-04,-2.058719999999999994e-02,-1.550189999999999901e-02
9.828480000000001417e-04,-1.029361999999999985e-02,-1.033459999999999934e-02
9.829120000000000652e-04,-1.029361999999999985e-02,-1.550189999999999901e-02
9.829759999999999887e-04,-1.286701999999999985e-02,-1.550189999999999901e-02
9.830400000000001290e-04,-1.029361999999999985e-02,-1.291824000000000097e-02
9.831040000000000525e-04,-1.286701999999999985e-02,-1.808554000000000064e-02
9.831679999999999760e-04,-7.720219999999999860e-03,-1.291824000000000097e-02
9.832320000000001163e-04,-1.801383999999999971e-02,-1.033459999999999934e-02
9.832960000000000398e-04,-1.286701999999999985e-02,-1.291824000000000097e-02
9.833599999999999633e-04,-7.720219999999999860e-03,-2.066919999999999868e-02
9.834240000000001036e-04,-1.029361999999999985e-02,-1.033459999999999934e-02
9.834880000000000271e-04,-1.544043999999999972e-02,-1.808554000000000064e-02
9.835520000000001675e-04,-7.720219999999999860e-03,-1.033459999999999934e-02
9.836160000000000909e-04,-1.801383999999999971e-02,-1.291824000000000097e-02
9.836800000000000144e-04,-1.029361999999999985e-02,-7.750940000000000434e-03
9.837440000000001548e-04,-1.801383999999999971e-02,-7.750940000000000434e-03
9.838080000000000783e-04,-1.544043999999999972e-02,-1.550189999999999901e-02
9.838720000000000018e-04,-1.544043999999999972e-02,-5.167299999999999671e-03
9.839360000000001421e-04,-1.544043999999999972e-02,-1.033459999999999934e-02
9.840000000000000656e-04,-2.058719999999999994e-02,-1.291824000000000097e-02
9.840639999999999891e-04,-1.286701999999999985e-02,-1.033459999999999934e-02
9.841280000000001294e-04,-1.544043999999999972e-02,-1.033459999999999934e-02
9.841920000000000529e-04,-2.316059999999999994e-02,-1.033459999999999934e-02
9.842559999999999764e-04,-1.801383999999999971e-02,-7.750940000000000434e-03
9.843200000000001167e-04,-1.286701999999999985e-02,-7.750940000000000434e-03
9.843840000000000402e-04,-1.544043999999999972e-02,-1.291824000000000097e-02
9.844479999999999637e-04,-2.316059999999999994e-02,-1.550189999999999901e-02
9.845120000000001041e-04,-1.286701999999999985e-02,-2.583639999999999895e-02
9.845760000000000275e-04,-1.286701999999999985e-02,-1.808554000000000064e-02
9.846400000000001679e-04,-1.544043999999999972e-02,-1.291824000000000097e-02
9.847040000000000914e-04,-2.573399999999999993e-02,-1.550189999999999901e-02
9.847680000000000149e-04,-1.544043999999999972e-02,-1.550189999999999901e-02
9.848320000000001552e-04,-1.544043999999999972e-02,-1.808554000000000064e-02
9.848960000000000787e-04,-1.801383999999999971e-02,-7.750940000000000434e-03
9.849600000000000022e-04,-1.801383999999999971e-02,-1.808554000000000064e-02
9.850240000000001425e-04,-1.286701999999999985e-02,-1.808554000000000064e-02
9.850880000000000660e-04,-1.029361999999999985e-02,-2.066919999999999868e-02
9.851519999999999895e-04,-1.801383999999999971e-02,-1.291824000000000097e-02
9.852160000000001298e-04,-1.029361999999999985e-02,-1.550189999999999901e-02
9.852800000000000533e-04,-1.029361999999999985e-02,-1.291824000000000097e-02
9.853439999999999768e-04,-1.544043999999999972e-02,-1.033459999999999934e-02
9.854080000000001172e-04,-1.544043999999999972e-02,-7.750940000000000434e-03
9.854720000000000407e-04,-1.286701999999999985e-02,-1.808554000000000064e-02
9.855359999999999641e-04,-5.146819999999999867e-03,-1.291824000000000097e-02
9.856000000000001045e-04,-2.058719999999999994e-02,-1.033459999999999934e-02
9.856640000000000280e-04,-1.286701999999999985e-02,-1.291824000000000097e-02
9.857280000000001683e-04,-1.029361999999999985e-02,-1.291824000000000097e-02
9.857920000000000918e-04,-7.720219999999999860e-03,-1.291824000000000097e-02
9.858560000000000153e-04,-1.286701999999999985e-02,-1.550189999999999901e-02
9.859200000000001556e-04,-1.286701999999999985e-02,-1.291824000000000097e-02
9.859840000000000791e-04,-2.058719999999999994e-02,-2.583640000000000329e-03
9.860480000000000026e-04,-1.029361999999999985e-02,-1.291824000000000097e-02
9.861120000000001429e-04,-1.286701999999999985e-02,-1.033459999999999934e-02
9.861760000000000664e-04,-1.544043999999999972e-02,-1.550189999999999901e-02
9.862399999999999899e-04,-1.029361999999999985e-02,-2.066919999999999868e-02
9.863040000000001303e-04,-1.286701999999999985e-02,-1.550189999999999901e-02
9.863680000000000538e-04,-1.544043999999999972e-02,-1.033459999999999934e-02
9.864319999999999772e-04,-7.720219999999999860e-03,-1.550189999999999901e-02
9.864960000000001176e-04,-7.720219999999999860e-03,-1.291824000000000097e-02
9.865600000000000411e-04,-7.720219999999999860e-03,-1.550189999999999901e-02
9.866239999999999646e-04,-1.544043999999999972e-02,-7.750940000000000434e-03
9.866880000000001049e-04,-1.286701999999999985e-02,-1.033459999999999934e-02
9.867520000000000284e-04,-1.544043999999999972e-02,-1.033459999999999934e-02
9.868160000000001687e-04,-1.544043999999999972e-02,-1.550189999999999901e-02
9.868800000000000922e-04,-1.286701999999999985e-02,-2.066919999999999868e-02
9.869440000000000157e-04,-1.801383999999999971e-02,-1.033459999999999934e-02
9.870080000000001560e-04,-2.058719999999999994e-02,-1.291824000000000097e-02
9.870720000000000795e-04,-1.544043999999999972e-02,-1.550189999999999901e-02
9.871360000000000030e-04,-1.544043999999999972e-02,-1.291824000000000097e-02
9.872000000000001434e-04,-1.286701999999999985e-02,-1.550189999999999901e-02
9.872640000000000669e-04,-1.286701999999999985e-02,-1.550189999999999901e-02
9.873279999999999904e-04,-1.544043999999999972e-02,-1.550189999999999901e-02
9.873920000000001307e-04,-2.058719999999999994e-02,-1.291824000000000097e-02
9.874560000000000542e-04,-1.286701999999999985e-02,-1.291824000000000097e-02
9.875199999999999777e-04,-7.720219999999999860e-03,-1.291824000000000097e-02
9.875840000000001180e-04,-7.720219999999999860e-03,-1.291824000000000097e-02
9.876480000000000415e-04,-1.029361999999999985e-02,-1.033459999999999934e-02
9.877119999999999650e-04,-1.801383999999999971e-02,-1.550189999999999901e-02
9.877760000000001053e-04,-2.058719999999999994e-02,-7.750940000000000434e-03
9.878400000000000288e-04,-1.544043999999999972e-02,-1.033459999999999934e-02
9.879040000000001692e-04,-7.720219999999999860e-03,-1.291824000000000097e-02
9.879680000000000926e-04,-1.286701999999999985e-02,-1.808554000000000064e-02
9.880320000000000161e-04,-1.544043999999999972e-02,-1.291824000000000097e-02
9.880960000000001565e-04,-1.286701999999999985e-02,-1.291824000000000097e-02
9.881600000000000800e-04,-1.286701999999999985e-02,-5.167299999999999671e-03
9.882240000000000035e-04,-7.720219999999999860e-03,-1.291824000000000097e-02
9.882880000000001438e-04,-1.286701999999999985e-02,-1.550189999999999901e-02
9.883520000000000673e-04,-1.544043999999999972e-02,-1.808554000000000064e-02
9.884159999999999908e-04,-1.286701999999999985e-02,-1.291824000000000097e-02
9.884800000000001311e-04,-1.286701999999999985e-02,-1.291824000000000097e-02
9.885440000000000546e-04,-7.720219999999999860e-03,-1.291824000000000097e-02
9.886079999999999781e-04,-1.286701999999999985e-02,-1.808554000000000064e-02
9.886720000000001184e-04,-1.544043999999999972e-02,-1.291824000000000097e-02
9.887360000000000419e-04,-1.286701999999999985e-02,-1.291824000000000097e-02
9.887999999999999654e-04,-1.801383999999999971e-02,-1.808554000000000064e-02
9.888640000000001058e-04,-1.286701999999999985e-02,-1.291824000000000097e-02
9.889280000000000292e-04,-1.029361999999999985e-02,-1.808554000000000064e-02
9.889920000000001696e-04,-1.286701999999999985e-02,-1.808554000000000064e-02
9.890560000000000931e-04,-1.544043999999999972e-02,-1.808554000000000064e-02
9.891200000000000166e-04,-1.029361999999999985e-02,-1.291824000000000097e-02
9.891840000000001569e-04,-1.029361999999999985e-02,-1.550189999999999901e-02
9.892480000000000804e-04,-1.801383999999999971e-02,-1.550189999999999901e-02
9.893120000000000039e-04,-7.720219999999999860e-03,-1.550189999999999901e-02
9.893760000000001442e-04,-1.029361999999999985e-02,-1.808554000000000064e-02
9.894400000000000677e-04,-1.029361999999999985e-02,-1.291824000000000097e-02
9.895039999999999912e-04,-7.720219999999999860e-03,-2.325279999999999708e-02
9.895680000000001315e-04,-2.573399999999999993e-03,-1.291824000000000097e-02
9.896320000000000550e-04,0.000000000000000000e+00,-1.808554000000000064e-02
9.896959999999999785e-04,-2.573399999999999993e-03,-1.550189999999999901e-02
9.897600000000001189e-04,-7.720219999999999860e-03,-2.325279999999999708e-02
9.898240000000000424e-04,-1.801383999999999971e-02,-1.550189999999999901e-02
9.898879999999999658e-04,-1.544043999999999972e-02,-1.808554000000000064e-02
9.899520000000001062e-04,-1.286701999999999985e-02,-1.291824000000000097e-02
9.900160000000000297e-04,-7.720219999999999860e-03,-1.808554000000000064e-02
9.900800000000001700e-04,-1.029361999999999985e-02,-7.750940000000000434e-03
9.901440000000000935e-04,-7.720219999999999860e-03,-1.291824000000000097e-02
9.902080000000000170e-04,-7.720219999999999860e-03,-1.550189999999999901e-02
9.902720000000001573e-04,-5.146819999999999867e-03,-2.066919999999999868e-02
9.903360000000000808e-04,0.000000000000000000e+00,-1.550189999999999901e-02
9.904000000000000043e-04,-7.720219999999999860e-03,-2.325279999999999708e-02
9.904640000000001446e-04,0.000000000000000000e+00,-2.066919999999999868e-02
9.905280000000000681e-04,-5.146819999999999867e-03,-1.808554000000000064e-02
9.905919999999999916e-04,-1.286701999999999985e-02,-1.550189999999999901e-02
9.906560000000001320e-04,-1.029361999999999985e-02,-1.033459999999999934e-02
9.907200000000000555e-04,-7.720219999999999860e-03,-2.066919999999999868e-02
9.907839999999999789e-04,-1.286701999999999985e-02,-7.750940000000000434e-03
9.908480000000001193e-04,-1.286701999999999985e-02,-7.750940000000000434e-03
9.909120000000000428e-04,-5.146819999999999867e-03,-1.033459999999999934e-02
9.909759999999999663e-04,0.000000000000000000e+00,-2.066919999999999868e-02
9.910400000000001066e-04,0.000000000000000000e+00,-1.550189999999999901e-02
9.911040000000000301e-04,-1.029361999999999985e-02,-1.033459999999999934e-02
9.911679999999999536e-04,-5.146819999999999867e-03,-1.291824000000000097e-02
9.912320000000000939e-04,-1.544043999999999972e-02,-1.033459999999999934e-02
9.912960000000000174e-04,-5.146819999999999867e-03,-1.808554000000000064e-02
9.913600000000001577e-04,-2.573399999999999993e-03,-7.750940000000000434e-03
9.914240000000000812e-04,-7.720219999999999860e-03,-1.291824000000000097e-02
9.914880000000000047e-04,-2.573399999999999993e-03,-7.750940000000000434e-03
9.915520000000001451e-04,0.000000000000000000e+00,-1.033459999999999934e-02
9.916160000000000686e-04,-5.146819999999999867e-03,-1.808554000000000064e-02
9.916799999999999921e-04,0.000000000000000000e+00,-1.550189999999999901e-02
9.917440000000001324e-04,-5.146819999999999867e-03,-1.291824000000000097e-02
9.918080000000000559e-04,-7.720219999999999860e-03,-5.167299999999999671e-03
9.918719999999999794e-04,-5.146819999999999867e-03,-1.550189999999999901e-02
9.919360000000001197e-04,-2.573399999999999993e-03,-1.291824000000000097e-02
9.920000000000000432e-04,-7.720219999999999860e-03,-1.550189999999999901e-02
9.920639999999999667e-04,-5.146819999999999867e-03,-1.550189999999999901e-02
9.921280000000001070e-04,-1.029361999999999985e-02,-1.550189999999999901e-02
9.921920000000000305e-04,-2.573399999999999993e-03,-7.750940000000000434e-03
9.922559999999999540e-04,-7.720219999999999860e-03,-1.033459999999999934e-02
9.923200000000000943e-04,-7.720219999999999860e-03,-1.291824000000000097e-02
9.923840000000000178e-04,-1.029361999999999985e-02,-7.750940000000000434e-03
9.924480000000001582e-04,-5.146819999999999867e-03,-1.291824000000000097e-02
9.925120000000000817e-04,-5.146819999999999867e-03,-7.750940000000000434e-03
9.925760000000000052e-04,-7.720219999999999860e-03,-1.291824000000000097e-02
9.926400000000001455e-04,-7.720219999999999860e-03,-1.291824000000000097e-02
9.927040000000000690e-04,-1.029361999999999985e-02,-1.033459999999999934e-02
9.927679999999999925e-04,-7.720219999999999860e-03,-7.750940000000000434e-03
9.928320000000001328e-04,-7.720219999999999860e-03,-1.291824000000000097e-02
9.928960000000000563e-04,-7.720219999999999860e-03,-1.291824000000000097e-02
9.929599999999999798e-04,-7.720219999999999860e-03,-5.167299999999999671e-03
9.930240000000001201e-04,-1.286701999999999985e-02,-2.583640000000000329e-03
9.930880000000000436e-04,-1.029361999999999985e-02,-5.167299999999999671e-03
9.931519999999999671e-04,-1.029361999999999985e-02,-1.033459999999999934e-02
9.932160000000001075e-04,-1.029361999999999985e-02,-1.550189999999999901e-02
9.932800000000000309e-04,-7.720219999999999860e-03,-7.750940000000000434e-03
9.933439999999999544e-04,-7.720219999999999860e-03,-1.550189999999999901e-02
9.934080000000000948e-04,-2.573399999999999993e-03,-7.750940000000000434e-03
9.934720000000000183e-04,-5.146819999999999867e-03,-1.550189999999999901e-02
9.935360000000001586e-04,-7.720219999999999860e-03,-1.033459999999999934e-02
9.936000000000000821e-04,-1.286701999999999985e-02,-1.291824000000000097e-02
9.936640000000000056e-04,-1.286701999999999985e-02,-1.033459999999999934e-02
9.937280000000001459e-04,-1.029361999999999985e-02,-1.033459999999999934e-02
9.937920000000000694e-04,-5.146819999999999867e-03,-7.750940000000000434e-03
9.938559999999999929e-04,-1.029361999999999985e-02,-7.750940000000000434e-03
9.939200000000001332e-04,-1.286701999999999985e-02,-1.291824000000000097e-02
9.939840000000000567e-04,-1.029361999999999985e-02,-1.033459999999999934e-02
9.940479999999999802e-04,0.000000000000000000e+00,-7.750940000000000434e-03
9.941120000000001206e-04,-5.146819999999999867e-03,-1.033459999999999934e-02
9.941760000000000441e-04,-1.544043999999999972e-02,-1.033459999999999934e-02
9.942399999999999675e-04,-5.146819999999999867e-03,-2.066919999999999868e-02
9.943040000000001079e-04,-2.573399999999999993e-03,-2.583640000000000329e-03
9.943680000000000314e-04,-5.146819999999999867e-03,-1.033459999999999934e-02
9.944319999999999549e-04,-1.286701999999999985e-02,-1.033459999999999934e-02
9.944960000000000952e-04,-1.029361999999999985e-02,-1.033459999999999934e-02
9.945600000000000187e-04,-1.544043999999999972e-02,-7.750940000000000434e-03
9.946240000000001590e-04,-1.286701999999999985e-02,-5.167299999999999671e-03
9.946880000000000825e-04,-5.146819999999999867e-03,-1.550189999999999901e-02
9.947520000000000060e-04,0.000000000000000000e+00,-1.033459999999999934e-02
9.948160000000001463e-04,-2.573399999999999993e-03,-1.550189999999999901e-02
9.948800000000000698e-04,-2.573399999999999993e-03,-1.291824000000000097e-02
9.949439999999999933e-04,-7.720219999999999860e-03,-7.750940000000000434e-03
9.950080000000001337e-04,-7.720219999999999860e-03,-1.033459999999999934e-02
9.950720000000000572e-04,-1.286701999999999985e-02,-1.033459999999999934e-02
9.951359999999999807e-04,-2.316059999999999994e-02,-1.033459999999999934e-02
9.952000000000001210e-04,-2.573399999999999993e-03,-1.033459999999999934e-02
9.952640000000000445e-04,-1.286701999999999985e-02,-1.033459999999999934e-02
9.953279999999999680e-04,-2.573399999999999993e-03,-1.033459999999999934e-02
9.953920000000001083e-04,-5.146819999999999867e-03,-1.808554000000000064e-02
9.954560000000000318e-04,0.000000000000000000e+00,-1.291824000000000097e-02
9.955199999999999553e-04,-5.146819999999999867e-03,-7.750940000000000434e-03
9.955840000000000956e-04,0.000000000000000000e+00,-1.033459999999999934e-02
9.956480000000000191e-04,2.573399999999999993e-03,-1.550189999999999901e-02
9.957120000000001594e-04,-5.146819999999999867e-03,-2.066919999999999868e-02
9.957760000000000829e-04,-7.720219999999999860e-03,-1.033459999999999934e-02
9.958400000000000064e-04,0.000000000000000000e+00,-1.033459999999999934e-02
9.959040000000001468e-04,-1.286701999999999985e-02,-1.033459999999999934e-02
9.959680000000000703e-04,-2.573399999999999993e-03,-1.550189999999999901e-02
9.960319999999999938e-04,-5.146819999999999867e-03,-1.550189999999999901e-02
9.960960000000001341e-04,-1.029361999999999985e-02,-1.550189999999999901e-02
9.961600000000000576e-04,-1.029361999999999985e-02,-2.066919999999999868e-02
9.962239999999999811e-04,-2.573399999999999993e-03,-1.291824000000000097e-02
9.962880000000001214e-04,-7.720219999999999860e-03,-1.033459999999999934e-02
9.963520000000000449e-04,-7.720219999999999860e-03,-1.291824000000000097e-02
9.964159999999999684e-04,-5.146819999999999867e-03,-1.033459999999999934e-02
9.964800000000001087e-04,-1.286701999999999985e-02,-1.033459999999999934e-02
9.965440000000000322e-04,-7.720219999999999860e-03,-1.033459999999999934e-02
9.966079999999999557e-04,-2.573399999999999993e-03,-1.808554000000000064e-02
9.966720000000000960e-04,-1.029361999999999985e-02,-2.066919999999999868e-02
9.967360000000000195e-04,-1.544043999999999972e-02,-1.550189999999999901e-02
9.968000000000001599e-04,-5.146819999999999867e-03,-2.583639999999999895e-02
9.968640000000000834e-04,-1.286701999999999985e-02,-1.291824000000000097e-02
9.969280000000000069e-04,-5.146819999999999867e-03,-1.808554000000000064e-02
9.969920000000001472e-04,-7.720219999999999860e-03,-1.808554000000000064e-02
9.970560000000000707e-04,-1.029361999999999985e-02,-1.550189999999999901e-02
9.971199999999999942e-04,-1.286701999999999985e-02,-1.033459999999999934e-02
9.971840000000001345e-04,-1.029361999999999985e-02,-7.750940000000000434e-03
9.972480000000000580e-04,-1.286701999999999985e-02,-2.066919999999999868e-02
9.973119999999999815e-04,-1.286701999999999985e-02,-1.033459999999999934e-02
9.973760000000001218e-04,-1.029361999999999985e-02,-2.066919999999999868e-02
9.974400000000000453e-04,-1.286701999999999985e-02,-1.808554000000000064e-02
9.975039999999999688e-04,-7.720219999999999860e-03,-1.033459999999999934e-02
9.975680000000001092e-04,0.000000000000000000e+00,-1.550189999999999901e-02
9.976320000000000326e-04,-1.029361999999999985e-02,-1.550189999999999901e-02
9.976959999999999561e-04,-7.720219999999999860e-03,-1.291824000000000097e-02
9.977600000000000965e-04,-1.286701999999999985e-02,-1.808554000000000064e-02
9.978240000000000200e-04,-1.544043999999999972e-02,-1.550189999999999901e-02
9.978880000000001603e-04,-1.544043999999999972e-02,-1.808554000000000064e-02
9.979520000000000838e-04,-1.286701999999999985e-02,-1.808554000000000064e-02
9.980160000000000073e-04,-1.544043999999999972e-02,-1.291824000000000097e-02
9.980800000000001476e-04,-1.029361999999999985e-02,-1.291824000000000097e-02
9.981440000000000711e-04,-2.058719999999999994e-02,-1.808554000000000064e-02
9.982079999999999946e-04,-1.544043999999999972e-02,-1.550189999999999901e-02
9.982720000000001349e-04,-2.058719999999999994e-02,-1.808554000000000064e-02
9.983360000000000584e-04,-1.286701999999999985e-02,-1.033459999999999934e-02
9.983999999999999819e-04,-5.146819999999999867e-03,-1.808554000000000064e-02
9.984640000000001223e-04,-1.286701999999999985e-02,-7.750940000000000434e-03
9.985280000000000458e-04,-1.286701999999999985e-02,-1.291824000000000097e-02
9.985919999999999692e-04,-1.801383999999999971e-02,-1.550189999999999901e-02
9.986560000000001096e-04,-5.146819999999999867e-03,-2.066919999999999868e-02
9.987200000000000331e-04,-5.146819999999999867e-03,-1.550189999999999901e-02
9.987839999999999566e-04,-1.029361999999999985e-02,-2.325279999999999708e-02
9.988480000000000969e-04,-1.544043999999999972e-02,-1.550189999999999901e-02
9.989120000000000204e-04,-1.544043999999999972e-02,-1.033459999999999934e-02
9.989760000000001607e-04,-7.720219999999999860e-03,-1.291824000000000097e-02
9.990400000000000842e-04,-1.544043999999999972e-02,-1.550189999999999901e-02
9.991040000000000077e-04,-1.286701999999999985e-02,-2.066919999999999868e-02
9.991680000000001480e-04,-7.720219999999999860e-03,-1.291824000000000097e-02
9.992320000000000715e-04,-1.286701999999999985e-02,-1.291824000000000097e-02
9.992959999999999950e-04,-1.286701999999999985e-02,-7.750940000000000434e-03
9.993600000000001354e-04,-1.029361999999999985e-02,-1.291824000000000097e-02
9.994240000000000589e-04,-1.029361999999999985e-02,-2.066919999999999868e-02
9.994879999999999824e-04,-1.286701999999999985e-02,-1.291824000000000097e-02
9.995520000000001227e-04,-1.286701999999999985e-02,-1.808554000000000064e-02
9.996160000000000462e-04,-1.544043999999999972e-02,-1.550189999999999901e-02
9.996799999999999697e-04,-1.544043999999999972e-02,-7.750940000000000434e-03
9.997440000000001100e-04,-7.720219999999999860e-03,-1.550189999999999901e-02
9.998080000000000335e-04,-1.286701999999999985e-02,-1.291824000000000097e-02
9.998719999999999570e-04,-1.029361999999999985e-02,-1.033459999999999934e-02
9.999360000000000973e-04,-7.720219999999999860e-03,-1.033459999999999934e-02
1.000000000000000021e-03,-1.286701999999999985e-02,-2.066919999999999868e-02
1.000064000000000161e-03,-1.286701999999999985e-02,-1.550189999999999901e-02
1.000128000000000085e-03,-7.720219999999999860e-03,-1.550189999999999901e-02
1.000192000000000008e-03,-1.286701999999999985e-02,-2.066919999999999868e-02
1.000256000000000148e-03,-1.544043999999999972e-02,-2.066919999999999868e-02
1.000320000000000072e-03,-2.573399999999999993e-03,-1.291824000000000097e-02
1.000383999999999995e-03,-1.801383999999999971e-02,-1.033459999999999934e-02
1.000448000000000136e-03,-1.286701999999999985e-02,-2.066919999999999868e-02
1.000512000000000059e-03,-1.286701999999999985e-02,-1.550189999999999901e-02
1.000575999999999983e-03,-1.029361999999999985e-02,-1.808554000000000064e-02
1.000640000000000123e-03,-1.029361999999999985e-02,-1.550189999999999901e-02
1.000704000000000047e-03,-1.544043999999999972e-02,-1.808554000000000064e-02
1.000767999999999970e-03,-1.801383999999999971e-02,-1.808554000000000064e-02
1.000832000000000110e-03,-5.146819999999999867e-03,-7.750940000000000434e-03
1.000896000000000034e-03,-1.029361999999999985e-02,-1.550189999999999901e-02
1.000959999999999957e-03,-1.286701999999999985e-02,-1.808554000000000064e-02
1.001024000000000098e-03,-1.286701999999999985e-02,-1.291824000000000097e-02
1.001088000000000021e-03,-5.146819999999999867e-03,-1.550189999999999901e-02
1.001152000000000162e-03,-1.544043999999999972e-02,-1.808554000000000064e-02
1.001216000000000085e-03,-1.286701999999999985e-02,-1.550189999999999901e-02
1.001280000000000009e-03,-1.029361999999999985e-02,-1.808554000000000064e-02
1.001344000000000149e-03,-1.544043999999999972e-02,-1.550189999999999901e-02
1.001408000000000072e-03,-1.286701999999999985e-02,-1.550189999999999901e-02
1.001471999999999996e-03,-1.029361999999999985e-02,-2.066919999999999868e-02
1.001536000000000136e-03,-1.286701999999999985e-02,-1.550189999999999901e-02
1.001600000000000060e-03,-1.029361999999999985e-02,-1.291824000000000097e-02
1.001663999999999983e-03,-1.029361999999999985e-02,-1.291824000000000097e-02
1.001728000000000124e-03,-1.286701999999999985e-02,-1.033459999999999934e-02
1.001792000000000047e-03,-1.029361999999999985e-02,-1.550189999999999901e-02
1.001855999999999971e-03,-7.720219999999999860e-03,-1.291824000000000097e-02
1.001920000000000111e-03,-7.720219999999999860e-03,-1.291824000000000097e-02
1.001984000000000034e-03,-1.029361999999999985e-02,-1.291824000000000097e-02
1.002047999999999958e-03,-5.146819999999999867e-03,-2.066919999999999868e-02
1.002112000000000098e-03,-1.544043999999999972e-02,-1.550189999999999901e-02
1.002176000000000022e-03,-1.286701999999999985e-02,-1.808554000000000064e-02
1.002240000000000162e-03,-1.544043999999999972e-02,-1.550189999999999901e-02
1.002304000000000085e-03,-1.544043999999999972e-02,-2.066919999999999868e-02
1.002368000000000009e-03,-2.058719999999999994e-02,-1.291824000000000097e-02
1.002432000000000149e-03,-1.286701999999999985e-02,-1.808554000000000064e-02
1.002496000000000073e-03,-7.720219999999999860e-03,-1.808554000000000064e-02
1.002559999999999996e-03,-1.801383999999999971e-02,-2.325279999999999708e-02
1.002624000000000137e-03,-1.801383999999999971e-02,-2.066919999999999868e-02
1.002688000000000060e-03,-1.286701999999999985e-02,-1.808554000000000064e-02
1.002751999999999984e-03,-1.029361999999999985e-02,-2.583639999999999895e-02
1.002816000000000124e-03,-2.058719999999999994e-02,-1.550189999999999901e-02
1.002880000000000047e-03,-1.286701999999999985e-02,-7.750940000000000434e-03
1.002943999999999971e-03,-7.720219999999999860e-03,-1.550189999999999901e-02
1.003008000000000111e-03,-1.029361999999999985e-02,-2.325279999999999708e-02
1.003072000000000035e-03,-1.029361999999999985e-02,-1.808554000000000064e-02
1.003135999999999958e-03,-1.029361999999999985e-02,-1.808554000000000064e-02
1.003200000000000099e-03,-1.544043999999999972e-02,-1.291824000000000097e-02
1.003264000000000022e-03,-1.286701999999999985e-02,-2.325279999999999708e-02
1.003328000000000162e-03,-7.720219999999999860e-03,-1.550189999999999901e-02
1.003392000000000086e-03,-1.286701999999999985e-02,-1.550189999999999901e-02
1.003456000000000009e-03,-1.029361999999999985e-02,-1.550189999999999901e-02
1.003520000000000150e-03,-1.029361999999999985e-02,-1.550189999999999901e-02
1.003584000000000073e-03,-1.544043999999999972e-02,-1.808554000000000064e-02
1.003647999999999997e-03,-2.316059999999999994e-02,-1.808554000000000064e-02
1.003712000000000137e-03,-1.544043999999999972e-02,-2.066919999999999868e-02
1.003776000000000061e-03,-1.801383999999999971e-02,-1.291824000000000097e-02
1.003839999999999984e-03,-1.029361999999999985e-02,-1.291824000000000097e-02
1.003904000000000124e-03,-7.720219999999999860e-03,-1.808554000000000064e-02
1.003968000000000048e-03,-1.801383999999999971e-02,-2.066919999999999868e-02
1.004031999999999971e-03,-2.316059999999999994e-02,-1.033459999999999934e-02
1.004096000000000112e-03,-1.801383999999999971e-02,-2.066919999999999868e-02
1.004160000000000035e-03,-1.544043999999999972e-02,-1.550189999999999901e-02
1.004223999999999959e-03,-1.801383999999999971e-02,-1.291824000000000097e-02
1.004288000000000099e-03,-1.801383999999999971e-02,-2.066919999999999868e-02
1.004352000000000023e-03,-1.801383999999999971e-02,-1.550189999999999901e-02
1.004416000000000163e-03,-1.544043999999999972e-02,-1.808554000000000064e-02
1.004480000000000086e-03,-2.573399999999999993e-02,-1.550189999999999901e-02
1.004544000000000010e-03,-1.544043999999999972e-02,-1.291824000000000097e-02
1.004608000000000150e-03,-1.544043999999999972e-02,-1.808554000000000064e-02
1.004672000000000074e-03,-1.801383999999999971e-02,-1.808554000000000064e-02
1.004735999999999997e-03,-1.544043999999999972e-02,-1.808554000000000064e-02
1.004800000000000137e-03,-1.286701999999999985e-02,-1.808554000000000064e-02
1.004864000000000061e-03,-1.544043999999999972e-02,-1.550189999999999901e-02
1.004927999999999984e-03,-1.286701999999999985e-02,-1.291824000000000097e-02
1.004992000000000125e-03,-2.058719999999999994e-02,-1.291824000000000097e-02
1.005056000000000048e-03,-2.058719999999999994e-02,-1.291824000000000097e-02
1.005119999999999972e-03,-1.286701999999999985e-02,-1.291824000000000097e-02
1.005184000000000112e-03,-1.801383999999999971e-02,-2.066919999999999868e-02
1.005248000000000036e-03,-1.544043999999999972e-02,-1.550189999999999901e-02
1.005311999999999959e-03,-1.544043999999999972e-02,-1.550189999999999901e-02
1.005376000000000099e-03,-1.544043999999999972e-02,-1.550189999999999901e-02
1.005440000000000023e-03,-1.801383999999999971e-02,-2.325279999999999708e-02
1.005504000000000163e-03,-1.544043999999999972e-02,-1.550189999999999901e-02
1.005568000000000087e-03,-1.544043999999999972e-02,-1.550189999999999901e-02
1.005632000000000010e-03,-1.544043999999999972e-02,-5.167299999999999671e-03
1.005696000000000151e-03,-1.286701999999999985e-02,-1.550189999999999901e-02
1.005760000000000074e-03,-2.058719999999999994e-02,-1.808554000000000064e-02
1.005823999999999998e-03,-1.544043999999999972e-02,-1.033459999999999934e-02
1.005888000000000138e-03,-1.286701999999999985e-02,-2.066919999999999868e-02
1.005952000000000061e-03,-1.544043999999999972e-02,-1.291824000000000097e-02
1.006015999999999985e-03,-1.029361999999999985e-02,-1.550189999999999901e-02
1.006080000000000125e-03,-1.801383999999999971e-02,-1.550189999999999901e-02
1.006144000000000049e-03,-1.286701999999999985e-02,-2.066919999999999868e-02
1.006207999999999972e-03,-1.544043999999999972e-02,-1.808554000000000064e-02
1.006272000000000113e-03,-7.720219999999999860e-03,-1.550189999999999901e-02
1.006336000000000036e-03,-1.801383999999999971e-02,-1.808554000000000064e-02
1.006399999999999960e-03,-7.720219999999999860e-03,-1.291824000000000097e-02
1.006464000000000100e-03,-1.544043999999999972e-02,-1.550189999999999901e-02
1.006528000000000023e-03,-2.058719999999999994e-02,-1.033459999999999934e-02
1.006592000000000164e-03,-1.286701999999999985e-02,-1.550189999999999901e-02
1.006656000000000087e-03,-1.286701999999999985e-02,-1.550189999999999901e-02
1.006720000000000011e-03,-1.029361999999999985e-02,-1.808554000000000064e-02
1.006784000000000151e-03,-1.029361999999999985e-02,-1.550189999999999901e-02
1.006848000000000075e-03,-1.544043999999999972e-02,-2.066919999999999868e-02
1.006911999999999998e-03,-1.286701999999999985e-02,-7.750940000000000434e-03
1.006976000000000138e-03,-7.720219999999999860e-03,-1.291824000000000097e-02
1.007040000000000062e-03,-1.801383999999999971e-02,-1.550189999999999901e-02
1.007103999999999985e-03,-1.544043999999999972e-02,-1.033459999999999934e-02
1.007168000000000126e-03,-5.146819999999999867e-03,-1.550189999999999901e-02
1.007232000000000049e-03,-1.029361999999999985e-02,-1.550189999999999901e-02
1.007295999999999973e-03,-1.286701999999999985e-02,-7.750940000000000434e-03
1.007360000000000113e-03,-1.544043999999999972e-02,-1.550189999999999901e-02
1.007424000000000036e-03,-1.286701999999999985e-02,-5.167299999999999671e-03
1.007487999999999960e-03,-2.316059999999999994e-02,-1.550189999999999901e-02
1.007552000000000100e-03,-2.316059999999999994e-02,-2.066919999999999868e-02
1.007616000000000024e-03,-1.544043999999999972e-02,-1.033459999999999934e-02
1.007680000000000164e-03,-1.286701999999999985e-02,-1.033459999999999934e-02
1.007744000000000088e-03,-1.801383999999999971e-02,-1.550189999999999901e-02
1.007808000000000011e-03,-2.058719999999999994e-02,-1.291824000000000097e-02
1.007872000000000151e-03,-1.544043999999999972e-02,-5.167299999999999671e-03
1.007936000000000075e-03,-2.316059999999999994e-02,-2.325279999999999708e-02
1.007999999999999998e-03,-1.801383999999999971e-02,-1.550189999999999901e-02
1.008064000000000139e-03,-1.286701999999999985e-02,-1.033459999999999934e-02
1.008128000000000062e-03,-1.286701999999999985e-02,-1.033459999999999934e-02
1.008191999999999986e-03,-2.058719999999999994e-02,-1.808554000000000064e-02
1.008256000000000126e-03,-2.573399999999999993e-02,-1.033459999999999934e-02
1.008320000000000050e-03,-2.316059999999999994e-02,-1.291824000000000097e-02
1.008383999999999973e-03,-1.801383999999999971e-02,-1.550189999999999901e-02
1.008448000000000113e-03,-1.544043999999999972e-02,-1.033459999999999934e-02
1.008512000000000037e-03,-1.801383999999999971e-02,-1.550189999999999901e-02
1.008575999999999960e-03,-1.801383999999999971e-02,-1.291824000000000097e-02
1.008640000000000101e-03,-1.544043999999999972e-02,-1.033459999999999934e-02
1.008704000000000024e-03,-1.286701999999999985e-02,-1.291824000000000097e-02
1.008768000000000165e-03,-1.286701999999999985e-02,-1.033459999999999934e-02
1.008832000000000088e-03,-1.801383999999999971e-02,-1.291824000000000097e-02
1.008896000000000012e-03,-1.801383999999999971e-02,-7.750940000000000434e-03
1.008960000000000152e-03,-1.801383999999999971e-02,-1.033459999999999934e-02
1.009024000000000075e-03,-1.801383999999999971e-02,-1.291824000000000097e-02
1.009087999999999999e-03,-1.286701999999999985e-02,-1.550189999999999901e-02
1.009152000000000139e-03,-1.544043999999999972e-02,-1.033459999999999934e-02
1.009216000000000063e-03,-1.801383999999999971e-02,-1.291824000000000097e-02
1.009279999999999986e-03,-1.544043999999999972e-02,0.000000000000000000e+00
1.009344000000000127e-03,-1.801383999999999971e-02,-7.750940000000000434e-03
1.009408000000000050e-03,-1.544043999999999972e-02,-5.167299999999999671e-03
1.009471999999999973e-03,-1.286701999999999985e-02,-1.550189999999999901e-02
1.009536000000000114e-03,-1.801383999999999971e-02,-1.291824000000000097e-02
1.009600000000000037e-03,-2.058719999999999994e-02,-1.550189999999999901e-02
1.009663999999999961e-03,-1.801383999999999971e-02,-1.550189999999999901e-02
1.009728000000000101e-03,-1.029361999999999985e-02,-1.550189999999999901e-02
1.009792000000000025e-03,-1.801383999999999971e-02,-1.550189999999999901e-02
1.009856000000000165e-03,-2.058719999999999994e-02,-1.033459999999999934e-02
1.009920000000000088e-03,-1.544043999999999972e-02,-1.033459999999999934e-02
1.009984000000000012e-03,-1.029361999999999985e-02,-1.550189999999999901e-02
1.010048000000000152e-03,-1.286701999999999985e-02,-5.167299999999999671e-03
1.010112000000000076e-03,-1.801383999999999971e-02,-1.291824000000000097e-02
1.010175999999999999e-03,-7.720219999999999860e-03,-1.033459999999999934e-02
1.010240000000000140e-03,-1.544043999999999972e-02,-2.325279999999999708e-02
1.010304000000000063e-03,-1.801383999999999971e-02,-7.750940000000000434e-03
1.010367999999999987e-03,-1.029361999999999985e-02,-1.291824000000000097e-02
1.010432000000000127e-03,-1.286701999999999985e-02,-1.291824000000000097e-02
1.010496000000000050e-03,-1.544043999999999972e-02,-1.033459999999999934e-02
1.010559999999999974e-03,-1.286701999999999985e-02,-1.291824000000000097e-02
1.010624000000000114e-03,-1.801383999999999971e-02,-5.167299999999999671e-03
1.010688000000000038e-03,-1.544043999999999972e-02,-1.033459999999999934e-02
1.010751999999999961e-03,-1.544043999999999972e-02,-1.033459999999999934e-02
1.010816000000000102e-03,-7.720219999999999860e-03,-1.033459999999999934e-02
1.010880000000000025e-03,-7.720219999999999860e-03,-1.291824000000000097e-02
1.010944000000000165e-03,-1.029361999999999985e-02,-1.808554000000000064e-02
1.011008000000000089e-03,-1.286701999999999985e-02,-7.750940000000000434e-03
1.011072000000000012e-03,-1.801383999999999971e-02,-1.033459999999999934e-02
1.011136000000000153e-03,-1.801383999999999971e-02,-1.550189999999999901e-02
1.011200000000000076e-03,-1.544043999999999972e-02,-1.550189999999999901e-02
1.011264000000000000e-03,-1.544043999999999972e-02,-7.750940000000000434e-03
1.011328000000000140e-03,-1.029361999999999985e-02,-1.550189999999999901e-02
1.011392000000000064e-03,-1.029361999999999985e-02,-1.808554000000000064e-02
1.011455999999999987e-03,-1.029361999999999985e-02,-1.291824000000000097e-02
1.011520000000000127e-03,-1.544043999999999972e-02,-7.750940000000000434e-03
1.011584000000000051e-03,-1.544043999999999972e-02,-1.808554000000000064e-02
1.011647999999999974e-03,-1.801383999999999971e-02,-1.033459999999999934e-02
1.011712000000000115e-03,-2.573399999999999993e-03,-1.291824000000000097e-02
1.011776000000000038e-03,-1.544043999999999972e-02,-1.291824000000000097e-02
1.011839999999999962e-03,-1.544043999999999972e-02,-1.808554000000000064e-02
1.011904000000000102e-03,-1.801383999999999971e-02,-7.750940000000000434e-03
1.011968000000000025e-03,-2.316059999999999994e-02,-1.291824000000000097e-02
1.012032000000000166e-03,-1.029361999999999985e-02,-1.033459999999999934e-02
1.012096000000000089e-03,-2.058719999999999994e-02,-1.033459999999999934e-02
1.012160000000000013e-03,-5.146819999999999867e-03,-7.750940000000000434e-03
1.012224000000000153e-03,-1.544043999999999972e-02,-1.033459999999999934e-02
1.012288000000000077e-03,-1.801383999999999971e-02,-1.808554000000000064e-02
1.012352000000000000e-03,-7.720219999999999860e-03,-1.550189999999999901e-02
1.012416000000000140e-03,-1.544043999999999972e-02,-1.550189999999999901e-02
1.012480000000000064e-03,-1.544043999999999972e-02,-1.291824000000000097e-02
1.012543999999999987e-03,-1.801383999999999971e-02,-2.325279999999999708e-02
1.012608000000000128e-03,-1.029361999999999985e-02,-1.291824000000000097e-02
1.012672000000000051e-03,-1.801383999999999971e-02,-5.167299999999999671e-03
1.012735999999999975e-03,-1.029361999999999985e-02,-7.750940000000000434e-03
1.012800000000000115e-03,-1.029361999999999985e-02,-1.033459999999999934e-02
1.012864000000000039e-03,-1.544043999999999972e-02,-5.167299999999999671e-03
1.012927999999999962e-03,-1.801383999999999971e-02,-2.066919999999999868e-02
1.012992000000000102e-03,-1.801383999999999971e-02,-1.808554000000000064e-02
1.013056000000000026e-03,-1.544043999999999972e-02,-1.033459999999999934e-02
1.013120000000000166e-03,-1.029361999999999985e-02,-1.291824000000000097e-02
1.013184000000000090e-03,-1.544043999999999972e-02,-1.808554000000000064e-02
1.013248000000000013e-03,-1.029361999999999985e-02,-1.291824000000000097e-02
1.013312000000000154e-03,-1.544043999999999972e-02,-1.033459999999999934e-02
1.013376000000000077e-03,-1.029361999999999985e-02,-1.808554000000000064e-02
1.013440000000000001e-03,-1.029361999999999985e-02,-1.808554000000000064e-02
1.013504000000000141e-03,-7.720219999999999860e-03,-2.583640000000000329e-03
1.013568000000000064e-03,-1.801383999999999971e-02,-1.291824000000000097e-02
1.013631999999999988e-03,-1.544043999999999972e-02,-1.550189999999999901e-02
1.013696000000000128e-03,-1.801383999999999971e-02,-1.291824000000000097e-02
1.013760000000000052e-03,-1.286701999999999985e-02,-7.750940000000000434e-03
1.013823999999999975e-03,-1.544043999999999972e-02,-1.808554000000000064e-02
1.013888000000000116e-03,-1.801383999999999971e-02,-1.291824000000000097e-02
1.013952000000000039e-03,-1.286701999999999985e-02,-1.033459999999999934e-02
1.014015999999999963e-03,-1.801383999999999971e-02,-7.750940000000000434e-03
1.014080000000000103e-03,-1.029361999999999985e-02,-7.750940000000000434e-03
1.014144000000000026e-03,-1.286701999999999985e-02,-1.291824000000000097e-02
1.014208000000000167e-03,-1.544043999999999972e-02,-1.550189999999999901e-02
1.014272000000000090e-03,-1.029361999999999985e-02,-1.033459999999999934e-02
1.014336000000000014e-03,-1.029361999999999985e-02,-2.066919999999999868e-02
1.014400000000000154e-03,-1.801383999999999971e-02,-1.033459999999999934e-02
1.014464000000000077e-03,-7.720219999999999860e-03,-1.291824000000000097e-02
1.014528000000000001e-03,-7.720219999999999860e-03,-1.033459999999999934e-02
1.014592000000000141e-03,-1.544043999999999972e-02,-1.291824000000000097e-02
1.014656000000000065e-03,-7.720219999999999860e-03,-1.033459999999999934e-02
1.014719999999999988e-03,-1.029361999999999985e-02,-1.550189999999999901e-02
1.014784000000000129e-03,-1.029361999999999985e-02,-1.808554000000000064e-02
1.014848000000000052e-03,-1.801383999999999971e-02,-1.291824000000000097e-02
1.014911999999999976e-03,-1.029361999999999985e-02,-1.291824000000000097e-02
1.014976000000000116e-03,-1.029361999999999985e-02,-1.033459999999999934e-02
1.015040000000000039e-03,-5.146819999999999867e-03,-1.291824000000000097e-02
1.015103999999999963e-03,-7.720219999999999860e-03,-1.291824000000000097e-02
1.015168000000000103e-03,-1.286701999999999985e-02,-2.066919999999999868e-02
1.015232000000000027e-03,-1.029361999999999985e-02,-1.291824000000000097e-02
1.015296000000000167e-03,-1.029361999999999985e-02,-1.033459999999999934e-02
1.015360000000000091e-03,-5.146819999999999867e-03,-1.291824000000000097e-02
1.015424000000000014e-03,-1.029361999999999985e-02,-1.033459999999999934e-02
1.015488000000000154e-03,-1.029361999999999985e-02,-1.291824000000000097e-02
1.015552000000000078e-03,-1.286701999999999985e-02,-1.808554000000000064e-02
1.015616000000000001e-03,-1.029361999999999985e-02,-1.808554000000000064e-02
1.015680000000000142e-03,-7.720219999999999860e-03,-1.291824000000000097e-02
1.015744000000000065e-03,-2.058719999999999994e-02,-7.750940000000000434e-03
1.015807999999999989e-03,-7.720219999999999860e-03,-7.750940000000000434e-03
1.015872000000000129e-03,0.000000000000000000e+00,-2.066919999999999868e-02
1.015936000000000053e-03,0.000000000000000000e+00,-1.291824000000000097e-02
1.015999999999999976e-03,-5.146819999999999867e-03,-1.808554000000000064e-02
1.016064000000000116e-03,-2.573399999999999993e-03,-2.066919999999999868e-02
1.016128000000000040e-03,-5.146819999999999867e-03,-1.033459999999999934e-02
1.016191999999999963e-03,-1.544043999999999972e-02,-1.291824000000000097e-02
1.016256000000000104e-03,-1.801383999999999971e-02,-2.066919999999999868e-02
1.016320000000000027e-03,-2.058719999999999994e-02,-1.291824000000000097e-02
1.016384000000000168e-03,-2.573399999999999993e-02,-1.291824000000000097e-02
1.016448000000000091e-03,-5.146819999999999867e-03,-1.291824000000000097e-02
1.016512000000000015e-03,2.573399999999999993e-03,-1.291824000000000097e-02
1.016576000000000155e-03,-7.720219999999999860e-03,-1.033459999999999934e-02
1.016640000000000078e-03,-7.720219999999999860e-03,-2.325279999999999708e-02
1.016704000000000002e-03,-1.286701999999999985e-02,-7.750940000000000434e-03
1.016768000000000142e-03,-1.029361999999999985e-02,-1.550189999999999901e-02
1.016832000000000066e-03,-1.286701999999999985e-02,-1.550189999999999901e-02
1.016895999999999989e-03,-1.801383999999999971e-02,-1.808554000000000064e-02
1.016960000000000129e-03,-1.286701999999999985e-02,-1.291824000000000097e-02
1.017024000000000053e-03,2.573399999999999993e-03,-1.291824000000000097e-02
1.017087999999999976e-03,-7.720219999999999860e-03,-1.550189999999999901e-02
1.017152000000000117e-03,-2.573399999999999993e-03,-1.033459999999999934e-02
1.017216000000000040e-03,-5.146819999999999867e-03,-1.808554000000000064e-02
1.017279999999999964e-03,-2.058719999999999994e-02,-7.750940000000000434e-03
1.017344000000000104e-03,-1.286701999999999985e-02,-2.066919999999999868e-02
1.017408000000000028e-03,-1.286701999999999985e-02,-2.325279999999999708e-02
1.017472000000000168e-03,-1.544043999999999972e-02,-1.033459999999999934e-02
1.017536000000000091e-03,-1.029361999999999985e-02,-1.291824000000000097e-02
1.017600000000000015e-03,5.146819999999999867e-03,-1.291824000000000097e-02
1.017664000000000155e-03,0.000000000000000000e+00,-1.808554000000000064e-02
1.017728000000000079e-03,-1.029361999999999985e-02,-7.750940000000000434e-03
1.017792000000000002e-03,-1.286701999999999985e-02,-1.291824000000000097e-02
1.017856000000000143e-03,-5.146819999999999867e-03,-2.325279999999999708e-02
1.017920000000000066e-03,-2.058719999999999994e-02,-1.291824000000000097e-02
1.017983999999999990e-03,-1.029361999999999985e-02,-7.750940000000000434e-03
1.018048000000000130e-03,-2.573399999999999993e-03,-2.066919999999999868e-02
1.018112000000000053e-03,-1.029361999999999985e-02,-1.808554000000000064e-02
1.018175999999999977e-03,-5.146819999999999867e-03,-1.291824000000000097e-02
1.018240000000000117e-03,5.146819999999999867e-03,-1.033459999999999934e-02
1.018304000000000041e-03,-5.146819999999999867e-03,-1.291824000000000097e-02
1.018367999999999964e-03,-7.720219999999999860e-03,-1.291824000000000097e-02
1.018432000000000105e-03,-1.801383999999999971e-02,-1.550189999999999901e-02
1.018496000000000028e-03,-1.029361999999999985e-02,-1.291824000000000097e-02
1.018560000000000168e-03,-1.286701999999999985e-02,-1.550189999999999901e-02
1.018624000000000092e-03,-1.286701999999999985e-02,-1.808554000000000064e-02
1.018688000000000015e-03,0.000000000000000000e+00,-5.167299999999999671e-03
1.018752000000000156e-03,-5.146819999999999867e-03,-1.291824000000000097e-02
1.018816000000000079e-03,-2.573399999999999993e-03,-1.291824000000000097e-02
1.018880000000000003e-03,0.000000000000000000e+00,-1.808554000000000064e-02
1.018944000000000143e-03,-1.029361999999999985e-02,-2.066919999999999868e-02
1.019008000000000067e-03,-1.544043999999999972e-02,-1.033459999999999934e-02
1.019071999999999990e-03,-1.544043999999999972e-02,-1.291824000000000097e-02
1.019136000000000130e-03,0.000000000000000000e+00,-1.291824000000000097e-02
1.019200000000000054e-03,-7.720219999999999860e-03,-1.291824000000000097e-02
1.019263999999999977e-03,2.573399999999999993e-03,-1.808554000000000064e-02
1.019328000000000118e-03,-2.573399999999999993e-03,-1.550189999999999901e-02
1.019392000000000041e-03,-1.286701999999999985e-02,-1.550189999999999901e-02
1.019455999999999965e-03,-1.286701999999999985e-02,-1.033459999999999934e-02
1.019520000000000105e-03,-1.029361999999999985e-02,-1.550189999999999901e-02
1.019584000000000028e-03,-5.146819999999999867e-03,-2.325279999999999708e-02
1.019648000000000169e-03,-1.286701999999999985e-02,-1.291824000000000097e-02
1.019712000000000092e-03,0.000000000000000000e+00,-1.808554000000000064e-02
1.019776000000000016e-03,-7.720219999999999860e-03,-1.033459999999999934e-02
1.019840000000000156e-03,-5.146819999999999867e-03,-1.808554000000000064e-02
1.019904000000000080e-03,-1.544043999999999972e-02,-1.033459999999999934e-02
1.019968000000000003e-03,-1.801383999999999971e-02,-1.550189999999999901e-02
1.020032000000000143e-03,-1.286701999999999985e-02,-1.291824000000000097e-02
1.020096000000000067e-03,-1.544043999999999972e-02,-2.066919999999999868e-02
1.020159999999999990e-03,-2.573399999999999993e-03,-1.550189999999999901e-02
1.020224000000000131e-03,-2.573399999999999993e-03,-1.550189999999999901e-02
1.020288000000000054e-03,5.146819999999999867e-03,-7.750940000000000434e-03
1.020351999999999978e-03,-1.286701999999999985e-02,-1.033459999999999934e-02
1.020416000000000118e-03,-1.029361999999999985e-02,-5.167299999999999671e-03
1.020480000000000042e-03,-2.573399999999999993e-02,-1.291824000000000097e-02
1.020543999999999965e-03,-2.830739999999999992e-02,-1.550189999999999901e-02
1.020608000000000105e-03,-2.316059999999999994e-02,-1.291824000000000097e-02
1.020672000000000029e-03,-1.801383999999999971e-02,-1.808554000000000064e-02
1.020736000000000169e-03,-5.146819999999999867e-03,-1.291824000000000097e-02
1.020800000000000093e-03,0.000000000000000000e+00,-1.550189999999999901e-02
1.020864000000000016e-03,-5.146819999999999867e-03,-1.291824000000000097e-02
1.020928000000000157e-03,-1.286701999999999985e-02,-2.066919999999999868e-02
1.020992000000000080e-03,-2.058719999999999994e-02,-1.808554000000000064e-02
1.021056000000000004e-03,-2.830739999999999992e-02,-1.033459999999999934e-02
1.021120000000000144e-03,-3.602759999999999990e-02,-7.750940000000000434e-03
1.021184000000000067e-03,-2.830739999999999992e-02,-1.550189999999999901e-02
1.021247999999999991e-03,-1.029361999999999985e-02,-1.033459999999999934e-02
1.021312000000000131e-03,0.000000000000000000e+00,-1.033459999999999934e-02
1.021376000000000055e-03,7.720219999999999860e-03,-1.291824000000000097e-02
1.021439999999999978e-03,2.573399999999999993e-03,-1.808554000000000064e-02
1.021504000000000119e-03,-1.286701999999999985e-02,-1.291824000000000097e-02
1.021568000000000042e-03,-2.058719999999999994e-02,-2.066919999999999868e-02
1.021631999999999965e-03,-3.602759999999999990e-02,-2.325279999999999708e-02
1.021696000000000106e-03,-2.830739999999999992e-02,-7.750940000000000434e-03
1.021760000000000029e-03,-2.316059999999999994e-02,-2.583640000000000329e-03
1.021824000000000170e-03,-1.801383999999999971e-02,-7.750940000000000434e-03
1.021888000000000093e-03,-2.573399999999999993e-03,-1.550189999999999901e-02
1.021952000000000017e-03,2.573399999999999993e-03,-1.291824000000000097e-02
1.022016000000000157e-03,0.000000000000000000e+00,-1.808554000000000064e-02
1.022080000000000080e-03,-2.058719999999999994e-02,-1.291824000000000097e-02
1.022144000000000004e-03,-2.573399999999999993e-02,-1.550189999999999901e-02
1.022208000000000144e-03,-3.088079999999999992e-02,-2.066919999999999868e-02
1.022272000000000068e-03,-2.316059999999999994e-02,-1.033459999999999934e-02
1.022335999999999991e-03,-2.058719999999999994e-02,-7.750940000000000434e-03
1.022400000000000132e-03,-5.146819999999999867e-03,-2.066919999999999868e-02
1.022464000000000055e-03,0.000000000000000000e+00,-2.325279999999999708e-02
1.022527999999999979e-03,-5.146819999999999867e-03,-2.325279999999999708e-02
1.022592000000000119e-03,-2.573399999999999993e-02,-1.550189999999999901e-02
1.022656000000000042e-03,-2.573399999999999993e-02,-7.750940000000000434e-03
1.022719999999999966e-03,-3.088079999999999992e-02,-1.291824000000000097e-02
1.022784000000000106e-03,-1.286701999999999985e-02,-5.167299999999999671e-03
1.022848000000000030e-03,-1.544043999999999972e-02,-1.550189999999999901e-02
1.022912000000000170e-03,-1.029361999999999985e-02,-1.033459999999999934e-02
1.022976000000000094e-03,-7.720219999999999860e-03,-5.167299999999999671e-03
1.023040000000000017e-03,-7.720219999999999860e-03,-1.033459999999999934e-02
1.023104000000000157e-03,-7.720219999999999860e-03,-7.750940000000000434e-03
1.023168000000000081e-03,-1.801383999999999971e-02,-1.033459999999999934e-02
1.023232000000000004e-03,-2.058719999999999994e-02,-1.550189999999999901e-02
1.023296000000000145e-03,-2.058719999999999994e-02,-7.750940000000000434e-03
1.023360000000000068e-03,-1.544043999999999972e-02,-1.550189999999999901e-02
1.023423999999999992e-03,-1.544043999999999972e-02,-1.033459999999999934e-02
1.023488000000000132e-03,-2.573399999999999993e-03,-7.750940000000000434e-03
1.023552000000000056e-03,-2.573399999999999993e-03,-1.291824000000000097e-02
1.023615999999999979e-03,-1.286701999999999985e-02,-1.291824000000000097e-02
1.023680000000000119e-03,-2.058719999999999994e-02,-1.291824000000000097e-02
1.023744000000000043e-03,-2.573399999999999993e-02,-1.033459999999999934e-02
1.023807999999999966e-03,-2.058719999999999994e-02,-1.291824000000000097e-02
1.023872000000000107e-03,-2.573399999999999993e-02,-5.167299999999999671e-03
1.023936000000000030e-03,-1.029361999999999985e-02,-1.291824000000000097e-02
1.024000000000000171e-03,0.000000000000000000e+00,-7.750940000000000434e-03
1.024064000000000094e-03,2.573399999999999993e-03,-1.033459999999999934e-02
1.024128000000000017e-03,-1.544043999999999972e-02,-1.550189999999999901e-02
1.024192000000000158e-03,-2.058719999999999994e-02,-1.033459999999999934e-02
1.024256000000000081e-03,-2.573399999999999993e-02,-5.167299999999999671e-03
1.024320000000000005e-03,-3.088079999999999992e-02,-1.550189999999999901e-02
1.024384000000000145e-03,-2.573399999999999993e-02,-1.033459999999999934e-02
1.024448000000000069e-03,-2.830739999999999992e-02,-1.550189999999999901e-02
1.024511999999999992e-03,2.573399999999999993e-03,-1.291824000000000097e-02
1.024576000000000132e-03,0.000000000000000000e+00,-1.550189999999999901e-02
1.024640000000000056e-03,2.573399999999999993e-03,-7.750940000000000434e-03
1.024703999999999979e-03,-2.573399999999999993e-03,-1.033459999999999934e-02
1.024768000000000120e-03,-2.316059999999999994e-02,-7.750940000000000434e-03
1.024832000000000043e-03,-3.602759999999999990e-02,-1.291824000000000097e-02
1.024895999999999967e-03,-3.345420000000000338e-02,-1.808554000000000064e-02
1.024960000000000107e-03,-2.316059999999999994e-02,-7.750940000000000434e-03
1.025024000000000031e-03,-1.286701999999999985e-02,-1.033459999999999934e-02
1.025088000000000171e-03,-2.573399999999999993e-03,-2.583640000000000329e-03
1.025152000000000094e-03,-2.573399999999999993e-03,-1.291824000000000097e-02
1.025216000000000018e-03,2.573399999999999993e-03,-7.750940000000000434e-03
1.025280000000000158e-03,-1.801383999999999971e-02,-1.291824000000000097e-02
1.025344000000000082e-03,-3.088079999999999992e-02,-1.033459999999999934e-02
1.025408000000000005e-03,-3.602759999999999990e-02,-1.291824000000000097e-02
1.025472000000000146e-03,-2.830739999999999992e-02,-1.291824000000000097e-02
1.025536000000000069e-03,-2.316059999999999994e-02,-1.033459999999999934e-02
1.025599999999999993e-03,-1.029361999999999985e-02,-5.167299999999999671e-03
1.025664000000000133e-03,2.573399999999999993e-03,-7.750940000000000434e-03
1.025728000000000056e-03,7.720219999999999860e-03,-1.033459999999999934e-02
1.025791999999999980e-03,-5.146819999999999867e-03,-1.291824000000000097e-02
1.025856000000000120e-03,-1.801383999999999971e-02,-5.167299999999999671e-03
1.025920000000000044e-03,-2.830739999999999992e-02,-2.583640000000000329e-03
1.025983999999999967e-03,-3.602759999999999990e-02,-1.291824000000000097e-02
1.026048000000000108e-03,-1.801383999999999971e-02,-7.750940000000000434e-03
1.026112000000000031e-03,-1.029361999999999985e-02,-1.033459999999999934e-02
1.026176000000000171e-03,-5.146819999999999867e-03,-1.033459999999999934e-02
1.026240000000000095e-03,2.573399999999999993e-03,-7.750940000000000434e-03
1.026304000000000018e-03,-1.029361999999999985e-02,-1.033459999999999934e-02
1.026368000000000159e-03,-1.286701999999999985e-02,-1.033459999999999934e-02
1.026432000000000082e-03,-3.088079999999999992e-02,-1.033459999999999934e-02
1.026496000000000006e-03,-2.316059999999999994e-02,-1.291824000000000097e-02
1.026560000000000146e-03,-3.088079999999999992e-02,-5.167299999999999671e-03
1.026624000000000069e-03,-7.720219999999999860e-03,-1.291824000000000097e-02
1.026687999999999993e-03,-1.029361999999999985e-02,-1.033459999999999934e-02
1.026752000000000133e-03,-1.286701999999999985e-02,-1.808554000000000064e-02
1.026816000000000057e-03,-7.720219999999999860e-03,-1.808554000000000064e-02
1.026879999999999980e-03,-1.286701999999999985e-02,-1.550189999999999901e-02
1.026944000000000121e-03,-2.316059999999999994e-02,-1.033459999999999934e-02
1.027008000000000044e-03,-3.088079999999999992e-02,-1.550189999999999901e-02
1.027071999999999968e-03,-2.316059999999999994e-02,-1.808554000000000064e-02
1.027136000000000108e-03,-1.801383999999999971e-02,-1.033459999999999934e-02
1.027200000000000031e-03,-1.029361999999999985e-02,-2.066919999999999868e-02
1.027264000000000172e-03,5.146819999999999867e-03,-1.550189999999999901e-02
1.027328000000000095e-03,-2.573399999999999993e-03,-1.291824000000000097e-02
1.027392000000000019e-03,-1.029361999999999985e-02,-7.750940000000000434e-03
1.027456000000000159e-03,-1.286701999999999985e-02,-7.750940000000000434e-03
1.027520000000000083e-03,-2.830739999999999992e-02,-1.291824000000000097e-02
1.027584000000000006e-03,-2.316059999999999994e-02,-2.066919999999999868e-02
1.027648000000000146e-03,-1.801383999999999971e-02,-1.291824000000000097e-02
1.027712000000000070e-03,-1.029361999999999985e-02,-7.750940000000000434e-03
1.027775999999999993e-03,-7.720219999999999860e-03,-1.033459999999999934e-02
1.027840000000000134e-03,-5.146819999999999867e-03,-1.550189999999999901e-02
1.027904000000000057e-03,2.573399999999999993e-03,-1.291824000000000097e-02
1.027967999999999981e-03,-1.544043999999999972e-02,-1.291824000000000097e-02
1.028032000000000121e-03,-2.316059999999999994e-02,-7.750940000000000434e-03
1.028096000000000045e-03,-2.058719999999999994e-02,-1.033459999999999934e-02
1.028159999999999968e-03,-1.544043999999999972e-02,-1.291824000000000097e-02
1.028224000000000108e-03,-2.058719999999999994e-02,-1.550189999999999901e-02
1.028288000000000032e-03,-7.720219999999999860e-03,-2.325279999999999708e-02
1.028352000000000172e-03,-1.029361999999999985e-02,-1.291824000000000097e-02
1.028416000000000096e-03,-5.146819999999999867e-03,-1.550189999999999901e-02
1.028480000000000019e-03,-1.029361999999999985e-02,-2.066919999999999868e-02
1.028544000000000160e-03,-2.316059999999999994e-02,-1.808554000000000064e-02
1.028608000000000083e-03,-3.088079999999999992e-02,-1.808554000000000064e-02
1.028672000000000007e-03,-3.088079999999999992e-02,-1.291824000000000097e-02
1.028736000000000147e-03,-3.345420000000000338e-02,-1.808554000000000064e-02
1.028800000000000070e-03,-1.286701999999999985e-02,-1.808554000000000064e-02
1.028863999999999994e-03,-1.286701999999999985e-02,-1.033459999999999934e-02
1.028928000000000134e-03,2.573399999999999993e-03,-1.291824000000000097e-02
1.028992000000000058e-03,-1.286701999999999985e-02,-1.808554000000000064e-02
1.029055999999999981e-03,-2.830739999999999992e-02,-1.550189999999999901e-02
1.029120000000000121e-03,-2.316059999999999994e-02,-1.808554000000000064e-02
1.029184000000000045e-03,-3.602759999999999990e-02,-1.033459999999999934e-02
1.029247999999999968e-03,-2.316059999999999994e-02,-1.291824000000000097e-02
1.029312000000000109e-03,-1.286701999999999985e-02,-1.033459999999999934e-02
1.029376000000000032e-03,-1.029361999999999985e-02,-1.808554000000000064e-02
1.029439999999999956e-03,-1.029361999999999985e-02,-1.808554000000000064e-02
1.029504000000000096e-03,-1.544043999999999972e-02,-1.808554000000000064e-02
1.029568000000000020e-03,-2.058719999999999994e-02,-1.033459999999999934e-02
1.029632000000000160e-03,-1.801383999999999971e-02,-1.808554000000000064e-02
1.029696000000000083e-03,-2.830739999999999992e-02,-2.066919999999999868e-02
1.029760000000000007e-03,-1.801383999999999971e-02,-1.291824000000000097e-02
1.029824000000000147e-03,-5.146819999999999867e-03,-1.033459999999999934e-02
1.029888000000000071e-03,0.000000000000000000e+00,-1.550189999999999901e-02
1.029951999999999994e-03,2.573399999999999993e-03,-1.033459999999999934e-02
1.030016000000000135e-03,-7.720219999999999860e-03,-1.033459999999999934e-02
1.030080000000000058e-03,-1.544043999999999972e-02,-1.808554000000000064e-02
1.030143999999999982e-03,-2.316059999999999994e-02,-1.550189999999999901e-02
1.030208000000000122e-03,-2.573399999999999993e-02,-1.550189999999999901e-02
1.030272000000000045e-03,-2.058719999999999994e-02,-1.550189999999999901e-02
1.030335999999999969e-03,-1.029361999999999985e-02,-2.066919999999999868e-02
1.030400000000000109e-03,-1.286701999999999985e-02,-1.808554000000000064e-02
1.030464000000000033e-03,7.720219999999999860e-03,-1.291824000000000097e-02
1.030527999999999956e-03,2.573399999999999993e-03,-1.550189999999999901e-02
1.030592000000000097e-03,-1.029361999999999985e-02,-1.033459999999999934e-02
1.030656000000000020e-03,-1.801383999999999971e-02,-5.167299999999999671e-03
1.030720000000000160e-03,-1.801383999999999971e-02,-1.033459999999999934e-02
1.030784000000000084e-03,-1.801383999999999971e-02,-1.808554000000000064e-02
1.030848000000000007e-03,-1.286701999999999985e-02,-1.550189999999999901e-02
1.030912000000000148e-03,-7.720219999999999860e-03,-1.291824000000000097e-02
1.030976000000000071e-03,5.146819999999999867e-03,-1.033459999999999934e-02
1.031039999999999995e-03,5.146819999999999867e-03,-1.550189999999999901e-02
1.031104000000000135e-03,-2.573399999999999993e-03,-1.291824000000000097e-02
1.031168000000000059e-03,-1.029361999999999985e-02,-1.550189999999999901e-02
1.031231999999999982e-03,-2.058719999999999994e-02,-1.550189999999999901e-02
1.031296000000000122e-03,-1.286701999999999985e-02,-1.550189999999999901e-02
1.031360000000000046e-03,-2.316059999999999994e-02,-1.550189999999999901e-02
1.031423999999999969e-03,-7.720219999999999860e-03,-1.291824000000000097e-02
1.031488000000000110e-03,-5.146819999999999867e-03,-1.808554000000000064e-02
1.031552000000000033e-03,5.146819999999999867e-03,-1.808554000000000064e-02
1.031615999999999957e-03,1.029361999999999985e-02,-1.291824000000000097e-02
1.031680000000000097e-03,-7.720219999999999860e-03,-1.291824000000000097e-02
1.031744000000000020e-03,-1.286701999999999985e-02,-1.550189999999999901e-02
1.031808000000000161e-03,-2.058719999999999994e-02,-1.550189999999999901e-02
1.031872000000000084e-03,-1.801383999999999971e-02,-1.808554000000000064e-02
1.031936000000000008e-03,-1.286701999999999985e-02,-1.291824000000000097e-02
1.032000000000000148e-03,-5.146819999999999867e-03,-1.291824000000000097e-02
1.032064000000000072e-03,5.146819999999999867e-03,-1.291824000000000097e-02
1.032127999999999995e-03,5.146819999999999867e-03,-1.808554000000000064e-02
1.032192000000000135e-03,0.000000000000000000e+00,-1.808554000000000064e-02
1.032256000000000059e-03,-1.029361999999999985e-02,-1.033459999999999934e-02
1.032319999999999982e-03,-2.573399999999999993e-02,-1.808554000000000064e-02
1.032384000000000123e-03,-2.830739999999999992e-02,-1.291824000000000097e-02
1.032448000000000046e-03,-1.029361999999999985e-02,-1.808554000000000064e-02
1.032511999999999970e-03,-5.146819999999999867e-03,-1.291824000000000097e-02
1.032576000000000110e-03,-2.573399999999999993e-03,-1.291824000000000097e-02
1.032640000000000034e-03,7.720219999999999860e-03,-2.066919999999999868e-02
1.032703999999999957e-03,0.000000000000000000e+00,-1.033459999999999934e-02
1.032768000000000097e-03,-7.720219999999999860e-03,-1.808554000000000064e-02
1.032832000000000021e-03,-2.316059999999999994e-02,-1.550189999999999901e-02
1.032896000000000161e-03,-2.058719999999999994e-02,-1.550189999999999901e-02
1.032960000000000085e-03,-2.316059999999999994e-02,-1.550189999999999901e-02
1.033024000000000008e-03,-7.720219999999999860e-03,-1.550189999999999901e-02
1.033088000000000149e-03,2.573399999999999993e-03,-1.808554000000000064e-02
1.033152000000000072e-03,5.146819999999999867e-03,-2.325279999999999708e-02
1.033215999999999996e-03,-2.573399999999999993e-03,-1.550189999999999901e-02
1.033280000000000136e-03,-5.146819999999999867e-03,-1.291824000000000097e-02
1.033344000000000059e-03,-1.544043999999999972e-02,-1.033459999999999934e-02
1.033407999999999983e-03,-2.316059999999999994e-02,-1.808554000000000064e-02
1.033472000000000123e-03,-2.316059999999999994e-02,-1.291824000000000097e-02
1.033536000000000047e-03,-1.286701999999999985e-02,-1.291824000000000097e-02
1.033599999999999970e-03,-1.029361999999999985e-02,-1.033459999999999934e-02
1.033664000000000111e-03,2.573399999999999993e-03,-1.291824000000000097e-02
1.033728000000000034e-03,5.146819999999999867e-03,-1.808554000000000064e-02
1.033791999999999957e-03,-1.286701999999999985e-02,-7.750940000000000434e-03
1.033856000000000098e-03,-1.801383999999999971e-02,-1.550189999999999901e-02
1.033920000000000021e-03,-2.830739999999999992e-02,-7.750940000000000434e-03
1.033984000000000162e-03,-2.573399999999999993e-02,-1.808554000000000064e-02
1.034048000000000085e-03,-1.801383999999999971e-02,-1.550189999999999901e-02
1.034112000000000009e-03,-2.573399999999999993e-03,-2.583640000000000329e-03
1.034176000000000149e-03,5.146819999999999867e-03,-1.550189999999999901e-02
1.034240000000000072e-03,7.720219999999999860e-03,-1.808554000000000064e-02
1.034303999999999996e-03,-2.573399999999999993e-03,-1.033459999999999934e-02
1.034368000000000136e-03,-7.720219999999999860e-03,-2.066919999999999868e-02
1.034432000000000060e-03,-2.573399999999999993e-02,-1.291824000000000097e-02
1.034495999999999983e-03,-3.088079999999999992e-02,-1.550189999999999901e-02
1.034560000000000124e-03,-2.316059999999999994e-02,-1.033459999999999934e-02
1.034624000000000047e-03,-1.029361999999999985e-02,-1.033459999999999934e-02
1.034687999999999971e-03,-2.573399999999999993e-03,-5.167299999999999671e-03
1.034752000000000111e-03,5.146819999999999867e-03,-1.033459999999999934e-02
1.034816000000000034e-03,7.720219999999999860e-03,-1.550189999999999901e-02
1.034879999999999958e-03,0.000000000000000000e+00,-1.291824000000000097e-02
1.034944000000000098e-03,-1.286701999999999985e-02,-1.291824000000000097e-02
1.035008000000000022e-03,-2.573399999999999993e-02,-1.291824000000000097e-02
1.035072000000000162e-03,-2.058719999999999994e-02,-1.550189999999999901e-02
1.035136000000000086e-03,-1.801383999999999971e-02,-1.808554000000000064e-02
1.035200000000000009e-03,-2.573399999999999993e-03,-1.291824000000000097e-02
1.035264000000000149e-03,2.573399999999999993e-03,-1.808554000000000064e-02
1.035328000000000073e-03,5.146819999999999867e-03,-7.750940000000000434e-03
1.035391999999999996e-03,-5.146819999999999867e-03,-1.291824000000000097e-02
1.035456000000000137e-03,-1.286701999999999985e-02,-7.750940000000000434e-03
1.035520000000000060e-03,-1.286701999999999985e-02,-1.550189999999999901e-02
1.035583999999999984e-03,-2.573399999999999993e-02,-1.550189999999999901e-02
1.035648000000000124e-03,-1.801383999999999971e-02,-1.291824000000000097e-02
1.035712000000000048e-03,-5.146819999999999867e-03,-1.033459999999999934e-02
1.035775999999999971e-03,5.146819999999999867e-03,-1.033459999999999934e-02
1.035840000000000111e-03,7.720219999999999860e-03,-1.550189999999999901e-02
1.035904000000000035e-03,2.573399999999999993e-03,-1.033459999999999934e-02
1.035967999999999958e-03,-2.573399999999999993e-03,-1.291824000000000097e-02
1.036032000000000099e-03,-2.058719999999999994e-02,-1.808554000000000064e-02
1.036096000000000022e-03,-1.544043999999999972e-02,-1.808554000000000064e-02
1.036160000000000162e-03,-1.286701999999999985e-02,-2.325279999999999708e-02
1.036224000000000086e-03,-7.720219999999999860e-03,-1.550189999999999901e-02
1.036288000000000009e-03,-1.029361999999999985e-02,-1.291824000000000097e-02
1.036352000000000150e-03,2.573399999999999993e-03,-1.808554000000000064e-02
1.036416000000000073e-03,5.146819999999999867e-03,-1.550189999999999901e-02
1.036479999999999997e-03,-7.720219999999999860e-03,-1.033459999999999934e-02
1.036544000000000137e-03,-1.801383999999999971e-02,-1.808554000000000064e-02
1.036608000000000061e-03,-1.801383999999999971e-02,-1.291824000000000097e-02
1.036671999999999984e-03,-1.544043999999999972e-02,-1.808554000000000064e-02
1.036736000000000124e-03,-1.029361999999999985e-02,-1.291824000000000097e-02
1.036800000000000048e-03,-7.720219999999999860e-03,-1.291824000000000097e-02
1.036863999999999971e-03,2.573399999999999993e-03,-1.291824000000000097e-02
1.036928000000000112e-03,0.000000000000000000e+00,-1.291824000000000097e-02
1.036992000000000035e-03,-2.573399999999999993e-03,-1.550189999999999901e-02
1.037055999999999959e-03,-1.286701999999999985e-02,-1.550189999999999901e-02
1.037120000000000099e-03,-1.544043999999999972e-02,-1.550189999999999901e-02
1.037184000000000023e-03,-2.058719999999999994e-02,-1.550189999999999901e-02
1.037248000000000163e-03,-1.286701999999999985e-02,-1.550189999999999901e-02
1.037312000000000086e-03,-2.573399999999999993e-03,-1.808554000000000064e-02
1.037376000000000010e-03,-2.573399999999999993e-03,-5.167299999999999671e-03
1.037440000000000150e-03,-2.573399999999999993e-03,-1.291824000000000097e-02
1.037504000000000074e-03,5.146819999999999867e-03,-1.033459999999999934e-02
1.037567999999999997e-03,-1.029361999999999985e-02,-1.550189999999999901e-02
1.037632000000000138e-03,-2.830739999999999992e-02,-1.550189999999999901e-02
1.037696000000000061e-03,-1.801383999999999971e-02,-1.291824000000000097e-02
1.037759999999999985e-03,-1.029361999999999985e-02,-1.033459999999999934e-02
1.037824000000000125e-03,-1.544043999999999972e-02,-1.291824000000000097e-02
1.037888000000000048e-03,0.000000000000000000e+00,-1.291824000000000097e-02
1.037951999999999972e-03,0.000000000000000000e+00,-7.750940000000000434e-03
1.038016000000000112e-03,-2.573399999999999993e-03,-1.550189999999999901e-02
1.038080000000000036e-03,-5.146819999999999867e-03,-1.550189999999999901e-02
1.038143999999999959e-03,-1.801383999999999971e-02,-1.291824000000000097e-02
1.038208000000000100e-03,-1.801383999999999971e-02,-1.033459999999999934e-02
1.038272000000000023e-03,-2.316059999999999994e-02,-1.291824000000000097e-02
1.038336000000000163e-03,-2.058719999999999994e-02,-1.550189999999999901e-02
1.038400000000000087e-03,-5.146819999999999867e-03,-7.750940000000000434e-03
1.038464000000000010e-03,-5.146819999999999867e-03,-1.033459999999999934e-02
1.038528000000000151e-03,-5.146819999999999867e-03,-1.291824000000000097e-02
1.038592000000000074e-03,-1.286701999999999985e-02,-1.550189999999999901e-02
1.038655999999999998e-03,-1.029361999999999985e-02,-1.550189999999999901e-02
1.038720000000000138e-03,-1.801383999999999971e-02,-7.750940000000000434e-03
1.038784000000000061e-03,-2.830739999999999992e-02,-5.167299999999999671e-03
1.038847999999999985e-03,-2.316059999999999994e-02,-1.808554000000000064e-02
1.038912000000000125e-03,-5.146819999999999867e-03,-1.550189999999999901e-02
1.038976000000000049e-03,-7.720219999999999860e-03,-1.291824000000000097e-02
1.039039999999999972e-03,-7.720219999999999860e-03,-7.750940000000000434e-03
1.039104000000000113e-03,-2.573399999999999993e-03,-5.167299999999999671e-03
1.039168000000000036e-03,-1.544043999999999972e-02,-1.291824000000000097e-02
1.039231999999999960e-03,-2.058719999999999994e-02,-2.066919999999999868e-02
1.039296000000000100e-03,-1.801383999999999971e-02,-1.550189999999999901e-02
1.039360000000000023e-03,-2.316059999999999994e-02,-1.033459999999999934e-02
1.039424000000000164e-03,-1.029361999999999985e-02,-7.750940000000000434e-03
1.039488000000000087e-03,-5.146819999999999867e-03,-1.550189999999999901e-02
1.039552000000000011e-03,-7.720219999999999860e-03,-2.583640000000000329e-03
1.039616000000000151e-03,0.000000000000000000e+00,-1.033459999999999934e-02
1.039680000000000075e-03,-7.720219999999999860e-03,-1.808554000000000064e-02
1.039743999999999998e-03,-2.058719999999999994e-02,-1.291824000000000097e-02
1.039808000000000138e-03,-2.058719999999999994e-02,-1.291824000000000097e-02
1.039872000000000062e-03,-2.058719999999999994e-02,-1.033459999999999934e-02
1.039935999999999985e-03,-1.801383999999999971e-02,-5.167299999999999671e-03
1.040000000000000126e-03,-2.573399999999999993e-03,-1.550189999999999901e-02
1.040064000000000049e-03,-2.573399999999999993e-03,-1.550189999999999901e-02
1.040127999999999973e-03,-7.720219999999999860e-03,-1.291824000000000097e-02
1.040192000000000113e-03,-1.544043999999999972e-02,-1.033459999999999934e-02
1.040256000000000037e-03,-1.544043999999999972e-02,-1.033459999999999934e-02
1.040319999999999960e-03,-2.573399999999999993e-02,-1.291824000000000097e-02
1.040384000000000100e-03,-2.058719999999999994e-02,-1.033459999999999934e-02
1.040448000000000024e-03,-1.544043999999999972e-02,-7.750940000000000434e-03
1.040512000000000164e-03,-7.720219999999999860e-03,-1.550189999999999901e-02
1.040576000000000088e-03,-7.720219999999999860e-03,-7.750940000000000434e-03
1.040640000000000011e-03,-1.286701999999999985e-02,-1.291824000000000097e-02
1.040704000000000152e-03,-5.146819999999999867e-03,-7.750940000000000434e-03
1.040768000000000075e-03,-1.029361999999999985e-02,-7.750940000000000434e-03
1.040831999999999999e-03,-2.058719999999999994e-02,-1.291824000000000097e-02
1.040896000000000139e-03,-3.088079999999999992e-02,-7.750940000000000434e-03
1.040960000000000062e-03,-2.316059999999999994e-02,-7.750940000000000434e-03
1.041023999999999986e-03,-7.720219999999999860e-03,-1.550189999999999901e-02
1.041088000000000126e-03,-5.146819999999999867e-03,-1.291824000000000097e-02
1.041152000000000050e-03,2.573399999999999993e-03,-1.291824000000000097e-02
1.041215999999999973e-03,-5.146819999999999867e-03,-1.291824000000000097e-02
1.041280000000000113e-03,-1.029361999999999985e-02,-1.808554000000000064e-02
1.041344000000000037e-03,-2.316059999999999994e-02,-1.808554000000000064e-02
1.041407999999999960e-03,-2.573399999999999993e-02,-2.066919999999999868e-02
1.041472000000000101e-03,-2.316059999999999994e-02,-1.550189999999999901e-02
1.041536000000000024e-03,-1.544043999999999972e-02,-1.550189999999999901e-02
1.041600000000000165e-03,-1.029361999999999985e-02,-1.291824000000000097e-02
1.041664000000000088e-03,-7.720219999999999860e-03,-1.291824000000000097e-02
1.041728000000000012e-03,-1.029361999999999985e-02,-1.550189999999999901e-02
1.041792000000000152e-03,-2.058719999999999994e-02,-1.033459999999999934e-02
1.041856000000000075e-03,-2.573399999999999993e-02,-1.808554000000000064e-02
1.041919999999999999e-03,-2.058719999999999994e-02,-1.808554000000000064e-02
1.041984000000000139e-03,-2.830739999999999992e-02,-7.750940000000000434e-03
1.042048000000000063e-03,-2.573399999999999993e-02,-1.291824000000000097e-02
1.042111999999999986e-03,-1.544043999999999972e-02,0.000000000000000000e+00
1.042176000000000127e-03,-1.286701999999999985e-02,-1.291824000000000097e-02
1.042240000000000050e-03,-2.573399999999999993e-03,-1.291824000000000097e-02
1.042303999999999974e-03,-7.720219999999999860e-03,-1.550189999999999901e-02
1.042368000000000114e-03,-1.286701999999999985e-02,-2.066919999999999868e-02
1.042432000000000037e-03,-2.316059999999999994e-02,-1.291824000000000097e-02
1.042495999999999961e-03,-2.573399999999999993e-02,-1.291824000000000097e-02
1.042560000000000101e-03,-2.573399999999999993e-02,-1.808554000000000064e-02
1.042624000000000025e-03,-1.286701999999999985e-02,-1.550189999999999901e-02
1.042688000000000165e-03,-1.544043999999999972e-02,-1.291824000000000097e-02
1.042752000000000089e-03,-1.544043999999999972e-02,-2.583639999999999895e-02
1.042816000000000012e-03,-5.146819999999999867e-03,-2.066919999999999868e-02
1.042880000000000152e-03,-2.058719999999999994e-02,-1.808554000000000064e-02
1.042944000000000076e-03,-2.316059999999999994e-02,-1.808554000000000064e-02
1.043007999999999999e-03,-3.088079999999999992e-02,-1.808554000000000064e-02
1.043072000000000140e-03,-2.573399999999999993e-02,-1.291824000000000097e-02
1.043136000000000063e-03,-1.286701999999999985e-02,-1.550189999999999901e-02
1.043199999999999987e-03,-7.720219999999999860e-03,-1.033459999999999934e-02
1.043264000000000127e-03,-7.720219999999999860e-03,-2.066919999999999868e-02
1.043328000000000051e-03,-1.286701999999999985e-02,-2.066919999999999868e-02
1.043391999999999974e-03,-1.801383999999999971e-02,-7.750940000000000434e-03
1.043456000000000114e-03,-1.544043999999999972e-02,-1.550189999999999901e-02
1.043520000000000038e-03,-2.058719999999999994e-02,-2.325279999999999708e-02
1.043583999999999961e-03,-1.801383999999999971e-02,-1.808554000000000064e-02
1.043648000000000102e-03,-2.058719999999999994e-02,-1.550189999999999901e-02
1.043712000000000025e-03,-1.029361999999999985e-02,-1.291824000000000097e-02
1.043776000000000165e-03,-7.720219999999999860e-03,-1.808554000000000064e-02
1.043840000000000089e-03,-5.146819999999999867e-03,-1.808554000000000064e-02
1.043904000000000012e-03,-1.029361999999999985e-02,-1.808554000000000064e-02
1.043968000000000153e-03,-1.286701999999999985e-02,-1.808554000000000064e-02
1.044032000000000076e-03,-1.544043999999999972e-02,-2.066919999999999868e-02
1.044096000000000000e-03,-1.544043999999999972e-02,-1.291824000000000097e-02
1.044160000000000140e-03,-7.720219999999999860e-03,-2.066919999999999868e-02
1.044224000000000064e-03,-1.801383999999999971e-02,-1.550189999999999901e-02
1.044287999999999987e-03,-1.544043999999999972e-02,-1.550189999999999901e-02
1.044352000000000127e-03,-1.286701999999999985e-02,-7.750940000000000434e-03
1.044416000000000051e-03,-1.286701999999999985e-02,-2.583639999999999895e-02
1.044479999999999974e-03,-1.286701999999999985e-02,-1.033459999999999934e-02
1.044544000000000115e-03,-2.573399999999999993e-02,-1.550189999999999901e-02
1.044608000000000038e-03,-2.316059999999999994e-02,-1.291824000000000097e-02
1.044671999999999962e-03,-1.801383999999999971e-02,-2.066919999999999868e-02
1.044736000000000102e-03,-1.801383999999999971e-02,-1.550189999999999901e-02
1.044800000000000026e-03,-7.720219999999999860e-03,-1.550189999999999901e-02
1.044864000000000166e-03,-2.573399999999999993e-03,-1.550189999999999901e-02
1.044928000000000089e-03,-1.029361999999999985e-02,-2.066919999999999868e-02
1.044992000000000013e-03,-1.544043999999999972e-02,-2.066919999999999868e-02
1.045056000000000153e-03,-2.058719999999999994e-02,-2.066919999999999868e-02
1.045120000000000077e-03,-2.058719999999999994e-02,-1.550189999999999901e-02
1.045184000000000000e-03,-2.316059999999999994e-02,-1.550189999999999901e-02
1.045248000000000141e-03,-1.801383999999999971e-02,-1.808554000000000064e-02
1.045312000000000064e-03,-1.286701999999999985e-02,-2.066919999999999868e-02
1.045375999999999988e-03,-7.720219999999999860e-03,-2.066919999999999868e-02
1.045440000000000128e-03,-7.720219999999999860e-03,-1.291824000000000097e-02
1.045504000000000051e-03,-1.029361999999999985e-02,-1.808554000000000064e-02
1.045567999999999975e-03,-2.058719999999999994e-02,-2.066919999999999868e-02
1.045632000000000115e-03,-2.058719999999999994e-02,-2.842019999999999963e-02
1.045696000000000039e-03,-2.830739999999999992e-02,-1.291824000000000097e-02
1.045759999999999962e-03,-1.801383999999999971e-02,-1.550189999999999901e-02
1.045824000000000102e-03,-1.029361999999999985e-02,-2.325279999999999708e-02
1.045888000000000026e-03,-5.146819999999999867e-03,-2.066919999999999868e-02
1.045952000000000166e-03,-7.720219999999999860e-03,-2.583639999999999895e-02
1.046016000000000090e-03,-7.720219999999999860e-03,-1.808554000000000064e-02
1.046080000000000013e-03,-7.720219999999999860e-03,-1.033459999999999934e-02
1.046144000000000154e-03,-2.316059999999999994e-02,-2.066919999999999868e-02
1.046208000000000077e-03,-2.573399999999999993e-02,-1.291824000000000097e-02
1.046272000000000001e-03,-3.088079999999999992e-02,-2.066919999999999868e-02
1.046336000000000141e-03,-1.286701999999999985e-02,-1.291824000000000097e-02
1.046400000000000064e-03,-1.029361999999999985e-02,-1.550189999999999901e-02
1.046463999999999988e-03,0.000000000000000000e+00,-1.291824000000000097e-02
1.046528000000000128e-03,-7.720219999999999860e-03,-2.066919999999999868e-02
1.046592000000000052e-03,-1.029361999999999985e-02,-1.033459999999999934e-02
1.046655999999999975e-03,-2.058719999999999994e-02,-1.291824000000000097e-02
1.046720000000000116e-03,-2.316059999999999994e-02,-1.550189999999999901e-02
1.046784000000000039e-03,-2.058719999999999994e-02,-1.550189999999999901e-02
1.046847999999999963e-03,-1.801383999999999971e-02,-2.325279999999999708e-02
1.046912000000000103e-03,-1.544043999999999972e-02,-7.750940000000000434e-03
1.046976000000000026e-03,-5.146819999999999867e-03,-2.066919999999999868e-02
1.047040000000000167e-03,-7.720219999999999860e-03,-1.808554000000000064e-02
1.047104000000000090e-03,-5.146819999999999867e-03,-1.808554000000000064e-02
1.047168000000000014e-03,-1.801383999999999971e-02,-1.033459999999999934e-02
1.047232000000000154e-03,-2.058719999999999994e-02,-2.325279999999999708e-02
1.047296000000000078e-03,-1.801383999999999971e-02,-2.066919999999999868e-02
1.047360000000000001e-03,-1.286701999999999985e-02,-1.033459999999999934e-02
1.047424000000000141e-03,-2.573399999999999993e-03,-1.550189999999999901e-02
1.047488000000000065e-03,-5.146819999999999867e-03,-1.808554000000000064e-02
1.047551999999999988e-03,-2.573399999999999993e-03,-1.550189999999999901e-02
1.047616000000000129e-03,-2.573399999999999993e-03,-1.033459999999999934e-02
1.047680000000000052e-03,-1.286701999999999985e-02,-2.066919999999999868e-02
1.047743999999999976e-03,-5.146819999999999867e-03,-1.291824000000000097e-02
1.047808000000000116e-03,-1.544043999999999972e-02,-1.550189999999999901e-02
1.047872000000000040e-03,-1.029361999999999985e-02,-7.750940000000000434e-03
1.047935999999999963e-03,-5.146819999999999867e-03,-2.066919999999999868e-02
1.048000000000000103e-03,2.573399999999999993e-03,-1.291824000000000097e-02
1.048064000000000027e-03,0.000000000000000000e+00,-1.291824000000000097e-02
1.048128000000000167e-03,5.146819999999999867e-03,-1.808554000000000064e-02
1.048192000000000091e-03,-7.720219999999999860e-03,-1.550189999999999901e-02
1.048256000000000014e-03,-1.029361999999999985e-02,-1.550189999999999901e-02
1.048320000000000154e-03,-2.316059999999999994e-02,-1.808554000000000064e-02
1.048384000000000078e-03,-1.801383999999999971e-02,-1.808554000000000064e-02
1.048448000000000001e-03,-1.029361999999999985e-02,-1.033459999999999934e-02
1.048512000000000142e-03,-5.146819999999999867e-03,-1.550189999999999901e-02
